-0.134,-9.775,-8.907,0.0,0.307,0.0
-0.512,-9.753,-8.778,-0.1,0.349,-0.122
-1.075,-9.674,-8.678,0.0,0.0,0.0
-0.306,-9.709,-8.737,0.0,-0.329,0.0
0.0,-9.722,-8.953,0.0,-0.323,0.0
-0.374,-9.572,-8.848,0.0,-0.189,0.0
-0.43,-9.558,-8.759,0.0,-0.263,0.116
0.508,-9.439,-8.922,0.0,0.0,0.0
-0.439,-9.989,-8.467,0.0,0.178,-0.145
-12.417,-17.695,3.669,-0.128,-3.439,0.97
-13.195,-19.568,0.38,2.294,1.112,4.357
-9.232,-19.568,-9.535,4.249,-1.727,4.357
-10.199,-19.568,-13.534,4.441,-3.448,4.357
-6.559,-19.568,-21.104,4.441,-1.772,4.357
15.899,-19.568,-23.004,4.441,-2.955,4.357
18.505,-14.146,-21.884,-1.667,-2.459,-4.373
4.317,-10.318,-17.296,3.229,-0.227,-4.373
-3.109,-16.916,-31.039,3.377,1.481,-4.373
-13.527,-19.568,-31.039,-4.289,-2.719,-4.373
-20.72,-19.568,-28.2,-4.289,-0.9,-4.373
-19.167,-19.568,-9.932,-4.289,-1.312,2.682
7.142,-19.568,8.186,-4.289,0.111,2.572
8.004,-19.568,8.186,0.569,-4.354,-0.702
-1.733,-19.568,-1.513,4.441,-3.244,-4.373
-0.394,-19.568,0.478,1.221,-4.354,-4.373
