-0.232,-9.565,-9.042,0.167,-0.412,0.138
-0.346,-9.436,-8.835,0.0,0.0,0.0
-1.098,-9.556,-8.857,0.0,0.372,-0.182
-1.889,-9.736,-8.58,0.0,0.164,0.0
-1.344,-9.6,-8.823,0.0,-0.221,0.0
-0.926,-9.608,-8.74,0.0,-0.163,0.0
-1.244,-9.595,-8.82,0.0,0.0,0.0
-1.728,-9.657,-8.897,0.0,0.0,0.0
-3.204,-10.196,-8.121,-0.164,-0.289,-0.126
-14.658,-19.568,-1.158,0.632,-1.14,1.996
-15.772,-19.568,-11.31,-2.013,3.828,4.357
-6.044,-19.568,-17.63,-3.663,0.79,4.357
-4.71,-19.568,-23.449,-3.159,-2.199,4.357
18.505,-19.568,-5.027,-0.152,-4.354,4.357
18.505,-8.89,-20.624,4.441,-0.886,-2.658
1.231,-8.898,-22.254,4.441,0.221,-4.373
1.634,-19.562,-31.039,4.014,-3.294,-4.373
-20.72,-19.568,-31.039,-4.289,-4.354,-4.373
-20.72,-19.568,-28.662,-4.289,-2.506,0.34
-1.19,-19.568,0.697,-4.289,-4.354,4.357
18.505,-19.568,7.137,0.528,3.019,-0.733
18.406,-14.079,-6.066,-2.377,-4.354,-4.373
6.043,-19.568,1.743,-3.434,0.0,-4.373
3.917,-19.568,-0.631,-2.503,2.123,-4.373
-20.72,-19.568,-8.683,-0.921,0.543,-4.373
