-0.319,-9.729,-9.275,0.0,-0.13,0.0
-0.273,-9.614,-9.221,0.0,0.0,0.0
-0.122,-9.418,-9.009,0.0,0.0,0.0
0.0,-10.443,-9.443,0.0,0.449,0.0
-1.287,-9.059,-8.974,-0.289,-0.182,-0.155
0.605,-10.007,-8.74,0.216,-0.222,0.283
-0.334,-9.34,-9.723,0.0,0.0,-0.249
-0.851,-10.07,-9.067,0.176,0.0,-0.207
-1.907,-10.174,-7.593,0.114,0.25,0.0
-12.482,-12.876,-3.527,-0.48,2.172,0.343
-17.436,-19.568,-7.062,0.649,3.85,4.357
-9.946,-19.568,-13.021,-2.158,1.451,4.357
-0.273,-19.568,-13.988,-2.308,-0.794,4.357
-0.621,-19.568,-15.96,-3.961,2.089,4.357
18.505,-19.568,6.172,-3.779,-4.354,4.357
18.505,-5.478,-23.37,4.441,-4.354,-0.573
6.106,-19.568,-14.09,3.866,3.162,-4.373
-1.726,-14.288,-31.039,4.441,-2.767,-4.373
-3.377,-19.568,-31.039,-2.491,-3.729,-4.373
-19.842,-19.568,-25.081,-4.289,-3.636,-4.373
-19.175,-19.568,-5.495,-4.289,-2.008,1.519
9.078,-19.568,8.186,-4.289,-1.06,3.421
6.237,-14.75,8.186,1.361,-3.546,-2.075
-1.5,-17.514,-0.605,3.93,-0.907,-4.373
-6.93,-19.568,1.704,2.916,-2.669,-4.373
