-0.658,-9.59,-9.4,0.0,-0.153,0.0
-0.783,-9.618,-8.839,0.0,-0.183,0.0
-0.653,-9.688,-8.647,0.0,-0.341,0.0
-0.383,-9.566,-8.709,0.0,-0.304,0.0
-0.33,-9.615,-8.824,0.0,-0.208,0.0
-0.492,-9.588,-8.838,0.0,-0.167,0.0
-0.456,-9.627,-8.945,0.0,-0.212,0.0
-0.404,-9.595,-8.957,0.0,0.0,0.0
-0.779,-9.839,-8.328,0.0,0.0,0.0
-7.272,-14.242,0.0,0.136,-0.19,0.597
-20.155,-19.568,-8.107,-0.851,4.376,4.306
-11.648,-19.568,-12.726,-4.051,3.082,4.357
-2.659,-19.568,-16.691,-4.289,1.791,4.357
18.505,-19.568,8.186,-1.029,-4.354,4.357
18.505,-7.623,-31.039,4.441,-0.846,-4.104
1.12,-19.568,-18.374,4.441,1.261,-4.373
2.581,-19.568,-31.039,-1.053,-4.354,-4.373
-19.235,-19.568,-15.555,-4.289,-4.354,-4.373
-8.176,-19.568,-23.664,-4.289,-4.214,-1.557
-6.465,-19.568,8.186,-4.289,-4.354,4.287
3.161,-18.449,8.186,0.354,2.101,-2.207
-0.474,-19.568,-1.307,4.441,-2.634,-4.373
-4.327,-19.568,-1.419,4.352,-2.483,-4.373
-4.765,-19.568,1.274,2.072,-1.638,-4.373
-1.3,-19.568,-2.435,2.164,0.0,-4.373
