-1.209,-9.793,-9.822,0.0,0.0,0.0
-1.063,-9.692,-9.531,0.0,-0.137,0.0
-0.961,-9.675,-9.264,0.0,-0.116,0.0
-0.981,-9.637,-9.156,0.0,0.0,0.0
-1.224,-9.675,-9.298,0.0,0.0,0.0
-1.53,-9.7,-9.306,0.0,-0.141,0.0
-1.545,-9.706,-9.389,0.0,-0.514,-0.107
-1.596,-9.656,-9.862,0.0,-0.319,-0.143
-6.475,-10.767,-6.96,-0.314,-0.719,-0.389
-19.111,-19.568,-1.871,1.915,4.033,4.268
-17.183,-19.568,-6.631,-0.296,0.877,4.357
-7.003,-19.568,-11.235,0.393,-1.769,4.357
4.428,-19.568,-10.683,4.183,-2.015,4.357
18.505,-19.568,-16.303,4.441,-4.354,4.357
18.268,-11.96,-23.613,-2.028,-1.231,-4.373
2.715,-19.568,-11.073,3.652,2.68,-4.373
-0.392,-18.476,-31.039,4.441,-4.354,-4.373
-9.605,-19.568,-27.894,-4.289,-4.354,-4.373
-15.185,-19.568,-30.812,-4.289,-4.354,-0.996
-12.603,-19.568,8.186,-4.289,-4.354,3.602
13.468,-19.568,8.186,-2.927,0.0,3.135
10.5,-13.156,4.829,1.478,-2.089,-3.151
5.211,-19.568,-0.928,1.109,-2.475,-4.373
5.691,-19.568,-2.064,-0.912,-2.763,-4.373
1.669,-19.568,3.795,-2.797,0.396,-4.373
