0.117,-9.235,-8.387,0.0,0.226,0.256
0.618,-9.918,-7.165,0.0,-0.448,0.0
0.588,-9.687,-8.345,0.338,-0.815,0.0
0.199,-9.542,-8.619,0.0,0.0,0.0
-0.209,-9.708,-8.641,0.0,0.0,0.0
-0.351,-9.629,-8.744,0.107,-0.378,0.0
-0.578,-9.673,-8.624,0.0,-0.191,0.111
-1.1,-9.655,-8.491,0.0,-0.44,0.251
-5.714,-11.06,-4.146,0.239,-1.268,1.048
-10.312,-19.568,6.532,1.653,1.618,3.336
-15.244,-19.568,1.013,4.441,-1.605,4.357
-10.683,-19.568,-8.668,4.441,-0.906,4.357
-7.299,-19.568,-16.701,4.441,-2.794,4.357
-3.791,-19.568,-20.298,4.441,-0.443,4.357
18.505,-19.568,-26.212,2.829,-0.997,4.357
18.505,-10.091,-13.026,-1.688,-2.633,-4.373
5.478,-19.326,-19.4,4.441,0.0,-4.373
-4.779,-19.568,-31.039,3.068,-0.526,-4.373
-9.979,-19.568,-31.039,-3.417,-2.729,-4.373
-20.72,-19.568,-20.148,-4.289,-1.045,-4.373
-20.72,-19.568,-0.794,-4.289,-0.994,-0.366
10.774,-19.568,8.186,-4.289,-2.746,4.117
7.715,-19.184,8.186,4.441,-1.941,-4.373
-2.139,-19.568,4.854,2.082,-4.354,-4.373
0.521,-19.568,5.411,-0.564,-4.354,-4.373
