-0.748,-9.72,-9.055,0.0,-0.14,0.0
-0.753,-9.62,-8.769,0.0,-0.111,0.0
-0.216,-9.657,-8.497,0.0,-0.134,0.0
-0.224,-9.655,-8.191,0.0,0.0,0.0
-0.993,-9.593,-8.393,0.0,-0.12,0.0
-0.591,-9.764,-8.679,0.0,-0.194,0.0
-0.628,-9.608,-8.897,0.0,-0.135,0.0
-0.474,-9.655,-8.204,0.0,-0.378,0.0
-3.505,-9.747,-5.278,0.0,0.0,-0.135
-13.098,-19.253,-2.211,1.604,4.376,1.438
-20.72,-19.568,-8.581,-3.033,4.376,4.357
-5.949,-19.568,-11.593,-4.289,1.39,4.357
-0.658,-19.568,-15.148,-4.122,0.102,4.357
18.505,-19.568,1.449,0.879,-4.354,4.357
18.505,-5.156,-27.404,1.821,-2.415,-4.373
0.0,-19.568,-14.9,4.436,4.373,-4.373
1.913,-13.092,-31.039,3.972,-3.001,-4.373
-9.63,-19.568,-31.039,-4.289,-3.159,-4.373
-20.428,-19.568,-23.74,-4.289,-3.543,-3.805
-20.72,-19.568,-1.902,-4.289,-3.063,0.175
2.873,-19.568,8.186,-3.603,0.923,1.112
1.278,-18.355,8.186,3.286,-0.46,-3.579
-3.584,-19.568,-2.446,4.441,-1.987,-4.373
-9.225,-19.568,-1.659,4.441,-1.422,-4.373
-2.599,-19.568,-2.638,1.327,-2.053,-4.373
