-0.507,-9.535,-8.751,0.0,-0.299,-0.214
-1.202,-9.83,-9.188,0.0,0.0,-0.207
-1.72,-9.497,-9.229,0.0,-0.128,-0.156
-1.642,-9.734,-8.838,0.0,0.0,0.0
-0.746,-9.68,-8.877,0.0,0.0,0.182
-0.582,-9.409,-8.428,0.0,0.235,0.0
-1.33,-9.576,-8.66,0.0,0.398,-0.205
-1.909,-9.74,-8.611,-0.107,0.279,-0.145
-2.462,-9.582,-8.303,0.0,0.435,0.0
-11.887,-13.446,-0.884,1.154,2.771,0.274
-19.011,-19.568,-13.096,-1.184,3.965,4.357
-13.101,-19.568,-15.446,-4.289,1.311,4.357
-4.494,-19.568,-16.483,-4.289,-1.029,4.357
1.757,-19.568,-16.597,-3.772,-2.971,4.357
18.505,-19.568,3.485,4.12,-4.354,4.357
8.286,-6.236,-16.39,4.441,1.739,-4.373
3.093,-8.847,-27.926,4.441,-1.345,-4.373
-10.626,-19.568,-31.039,-2.234,-4.342,-4.373
-20.72,-19.568,-22.726,-4.289,-4.354,-2.933
-20.72,-19.568,-16.106,-4.289,-4.354,4.357
18.505,-19.568,7.539,-0.233,-4.354,4.357
18.505,-15.551,-1.771,0.518,-1.719,-0.53
13.583,-10.954,-5.946,-0.845,-0.696,-4.373
7.191,-19.568,1.451,-4.289,-1.055,-4.373
6.278,-19.568,2.235,-4.289,0.838,-4.373
