-0.504,-9.851,-9.584,0.502,-1.453,0.328
-0.428,-9.504,-9.525,0.0,-0.382,0.172
-0.64,-9.504,-9.248,0.114,0.157,0.0
-1.258,-9.533,-9.488,-0.108,0.568,-0.109
-1.256,-9.607,-8.77,-0.286,0.724,-0.126
-1.528,-9.587,-7.978,-0.197,0.525,-0.203
-1.815,-9.964,-8.158,0.112,-0.529,0.0
-1.381,-9.794,-8.722,0.24,-1.064,0.129
-2.533,-10.194,-7.861,0.137,-1.378,0.219
-8.561,-15.515,1.498,1.046,-4.292,1.682
-8.206,-19.568,-3.765,3.004,3.231,4.106
-11.073,-19.568,-7.122,1.141,1.429,4.357
-11.157,-19.275,-10.828,2.304,-1.29,4.357
1.028,-19.568,-14.438,4.441,-0.389,4.357
18.505,-19.568,-28.183,4.441,-4.354,4.357
11.745,-4.871,-19.412,0.363,-1.215,-4.373
-2.625,-13.305,-16.95,4.441,2.067,-4.373
-0.674,-15.626,-31.039,0.557,-4.354,-4.373
-20.72,-19.568,-20.019,-4.289,-4.354,-4.373
-14.069,-19.568,-24.793,-4.289,-4.354,4.357
-7.569,-19.568,-4.448,-4.289,-4.354,4.357
18.505,-19.568,7.608,-2.499,-3.013,4.357
18.356,-12.531,-2.163,3.307,-1.749,-0.929
12.04,-15.358,-4.324,-2.779,-3.341,-4.373
7.254,-19.568,1.725,-4.289,-1.091,-4.373
