0.216,-9.435,-9.607,0.0,-0.583,0.0
-0.422,-9.666,-9.25,0.0,0.0,0.0
-0.568,-9.8,-9.226,0.0,0.0,0.0
0.213,-9.633,-8.564,0.0,0.347,0.0
-1.028,-9.633,-8.157,0.0,-0.124,-0.143
-0.701,-9.743,-8.811,0.139,-0.697,0.0
-0.242,-9.463,-9.27,0.0,-0.559,0.0
-0.902,-9.679,-8.568,-0.14,0.0,0.0
-4.129,-10.575,-5.668,-0.426,-0.428,0.388
-8.575,-16.644,-0.784,0.259,1.257,1.789
-11.725,-19.568,-4.799,2.324,3.065,4.357
-10.656,-19.568,-9.517,1.047,3.497,4.357
-3.632,-19.568,-11.844,0.225,1.472,4.357
-3.802,-19.568,-13.169,-1.895,1.238,4.357
18.505,-19.568,-14.583,4.441,-4.354,4.357
17.382,-14.167,-27.418,4.064,0.356,-4.373
-11.227,-19.568,-22.558,4.441,2.059,-4.373
3.32,-19.568,-30.879,-1.06,-4.354,-4.373
-15.7,-19.568,-19.998,-4.289,-4.354,-4.373
-4.464,-19.568,-18.975,-4.289,-2.868,-3.803
-20.009,-19.568,7.598,-4.289,-1.611,-2.357
-0.361,-19.568,8.186,0.215,2.956,-1.244
-0.334,-19.525,0.152,4.441,-1.226,-4.373
-6.252,-19.568,-2.175,4.441,-1.964,-4.373
-5.4,-19.568,-3.211,3.407,-0.521,-4.373
