-0.919,-9.69,-8.868,0.0,-0.259,0.0
-0.945,-9.666,-8.875,0.0,0.0,0.0
-1.384,-9.739,-8.861,0.0,-0.128,0.0
-1.432,-9.736,-8.845,0.0,-0.197,0.0
-1.087,-9.635,-8.82,0.0,-0.319,0.135
-0.588,-9.693,-8.653,0.0,-0.285,0.0
-0.934,-9.593,-8.861,0.0,0.0,0.0
-1.416,-9.862,-8.446,0.0,0.0,0.0
-2.837,-10.852,-7.724,-0.98,0.648,-0.322
-13.456,-19.568,-4.82,-0.479,3.907,2.542
-16.441,-19.568,-13.082,-0.662,2.261,4.357
-11.116,-19.568,-20.158,-3.654,3.357,4.357
-2.758,-19.568,-14.072,-4.289,0.0,4.357
18.505,-19.568,3.678,-0.197,-4.354,4.357
18.505,-11.395,-22.674,4.441,3.248,-4.286
3.318,-15.589,-31.016,4.441,-1.416,-4.373
-2.983,-19.568,-31.039,-0.92,-1.853,-4.373
-20.107,-19.568,-28.55,-4.289,-3.008,-4.373
-18.54,-19.568,-20.259,-4.289,-2.527,-4.373
-13.804,-19.568,3.825,-4.289,-4.354,4.357
-1.372,-14.551,8.186,1.142,-2.089,-1.485
3.077,-13.693,1.926,2.223,-4.354,-4.373
-2.068,-16.926,3.909,-0.244,-4.354,-4.373
2.808,-19.568,4.168,-3.456,-3.777,-4.373
0.812,-19.568,7.396,-4.289,0.0,-4.373
