-1.228,-9.663,-8.483,0.0,-0.244,0.0
-0.779,-9.579,-8.575,0.0,-0.194,0.0
-1.007,-9.611,-8.576,0.0,0.0,0.0
-1.051,-9.722,-8.449,0.0,0.0,0.0
-1.068,-9.617,-8.423,0.0,-0.225,0.0
-1.374,-9.717,-8.448,0.0,-0.314,0.0
-1.277,-9.769,-8.618,0.0,-0.238,0.156
-0.996,-9.836,-8.21,0.0,-0.195,0.22
-4.715,-11.31,-2.544,-0.218,-1.063,0.0
-16.022,-19.568,-1.383,1.922,2.974,3.539
-12.727,-19.568,-4.451,0.386,2.244,4.357
-8.917,-19.568,-8.759,1.027,0.0,4.357
-7.246,-19.568,-12.207,2.042,-1.361,4.357
16.127,-19.568,-5.823,3.963,-2.359,4.357
18.505,-9.402,-31.039,3.723,-4.354,2.957
6.628,-16.584,-15.2,-3.157,0.541,-4.373
-3.675,-19.568,-16.877,4.441,2.941,-4.373
-11.87,-19.568,-31.039,-1.691,-4.354,-4.373
-20.72,-19.568,-12.248,-4.289,-4.354,-1.99
-8.311,-19.568,-5.221,-4.289,-4.354,4.357
18.505,-19.568,8.186,-0.486,-4.354,4.357
14.771,-3.262,-10.16,-0.457,-0.276,0.202
13.233,-9.9,-6.221,-3.128,-3.62,-4.167
7.452,-17.51,0.754,-4.289,-0.944,-4.373
9.046,-19.568,1.75,-4.289,0.0,-4.373
