-0.744,-9.681,-9.451,0.0,-0.18,0.0
-0.997,-9.668,-9.159,0.0,0.0,0.0
-1.07,-9.69,-9.142,0.0,0.0,0.0
-0.858,-9.632,-9.035,0.0,0.0,0.0
-1.087,-9.656,-8.921,0.0,-0.196,0.0
-1.296,-9.741,-8.766,0.0,-0.229,0.0
-1.391,-9.813,-8.807,0.0,-0.291,0.0
-1.628,-9.894,-8.634,0.0,-0.611,0.184
-9.046,-12.986,-5.652,-0.726,-0.562,0.306
-13.641,-19.568,-3.238,0.696,2.14,4.357
-14.438,-19.568,-10.658,-0.472,0.633,4.357
-4.242,-19.568,-23.39,-2.458,1.335,4.357
18.505,-19.568,-15.604,-4.289,-4.354,4.357
18.505,-4.032,8.186,1.009,-0.139,2.84
15.809,4.979,-7.045,4.441,4.376,1.415
18.147,-14.362,-26.071,4.441,2.332,-0.804
4.539,-19.568,-31.039,4.441,-4.062,-4.373
-13.308,-19.568,-31.039,-4.289,-4.354,-4.373
-20.468,-19.568,-17.495,-4.289,-3.328,-0.923
2.627,-19.568,8.186,-4.289,-4.354,4.357
18.505,-10.897,6.602,0.285,-1.26,-1.246
5.62,-11.986,-1.615,-1.254,-3.86,-4.373
1.49,-17.198,2.835,-2.122,-1.52,-4.373
3.058,-19.568,4.96,-2.997,-2.181,-4.373
2.447,-19.568,2.461,-3.074,1.193,-4.373
