-0.467,-9.571,-10.203,0.0,0.0,0.0
-0.795,-9.706,-10.283,0.0,0.259,0.0
-0.609,-9.911,-9.383,-0.157,0.393,0.0
-0.989,-9.603,-9.044,0.137,0.178,0.0
-0.825,-9.88,-9.552,0.0,-0.27,0.109
-0.479,-9.629,-9.573,0.1,-0.304,0.0
-0.696,-9.662,-9.662,0.0,-0.141,0.0
-1.214,-9.795,-9.239,0.0,-0.132,0.0
-2.024,-10.516,-8.051,-0.273,-0.926,0.148
-7.941,-15.177,-1.316,0.0,-2.456,0.409
-10.835,-19.568,-5.848,2.347,2.278,4.357
-12.08,-19.568,-12.266,0.32,1.434,4.357
-5.674,-19.068,-12.426,1.236,-2.492,4.357
-3.792,-17.285,-15.541,2.066,-0.704,4.357
12.51,-19.568,-0.159,1.985,-4.354,4.357
18.505,-8.059,-29.244,4.441,-4.326,-2.264
-0.321,-6.255,-21.124,3.388,0.0,-4.373
4.439,-8.382,-24.869,1.509,-2.4,-4.373
-15.324,-19.568,-26.248,-4.289,-4.354,-4.373
-20.72,-19.568,-19.524,-4.289,-4.354,3.817
-20.72,-19.568,-4.51,-4.289,-1.939,4.357
18.505,-19.568,8.186,-4.289,-2.335,4.357
18.505,-18.415,4.572,0.942,0.674,-1.465
6.999,-17.268,-4.806,0.537,-1.303,-4.373
0.543,-19.568,-1.364,-1.251,-1.582,-4.373
