-0.272,-9.752,-8.438,-0.137,-0.231,0.0
-0.289,-9.672,-8.671,0.11,-0.529,0.103
0.0,-9.71,-9.111,0.142,-0.443,0.0
0.241,-9.632,-8.953,0.0,-0.354,0.0
0.166,-9.563,-8.717,0.0,0.0,0.0
0.176,-9.618,-8.468,0.0,0.0,0.0
0.0,-9.521,-8.328,0.0,0.0,0.0
-0.55,-9.704,-8.035,0.0,-0.507,0.0
-0.481,-9.791,-7.742,0.35,-0.99,0.0
-6.39,-11.279,-1.425,2.169,-1.497,0.596
-10.913,-19.568,5.083,1.263,3.739,2.986
-14.268,-19.568,-0.33,0.511,4.203,4.357
-11.326,-19.568,-7.294,-0.148,2.187,4.357
-2.25,-19.568,-17.971,1.166,-1.52,4.357
17.05,-19.568,-21.025,0.894,-4.354,4.357
18.505,-14.113,-16.18,2.555,-2.284,2.285
8.05,-8.925,-10.234,3.069,1.28,-4.373
10.457,-19.568,-31.039,4.441,-0.668,-4.373
-6.245,-19.568,-31.039,0.34,-0.782,-4.373
-20.72,-19.568,-31.039,-4.289,-2.204,-4.373
-20.72,-19.568,-12.628,-4.289,-2.627,-1.013
-5.384,-19.568,8.186,-4.289,-1.976,1.95
0.656,-12.061,8.186,-0.17,0.0,-1.68
-1.046,-18.018,2.897,4.441,-2.558,-4.373
-7.743,-19.568,3.073,4.441,-3.038,-4.373
