-0.992,-9.791,-9.44,0.0,-0.383,0.0
-1.093,-9.72,-9.376,0.0,-0.338,-0.1
-1.032,-9.852,-9.201,0.0,-0.196,0.0
-0.431,-9.681,-9.193,0.0,-0.137,0.0
-0.598,-9.688,-9.037,0.0,-0.136,0.0
-0.601,-9.614,-9.16,0.0,-0.114,0.0
-0.54,-9.76,-9.291,0.0,0.0,0.0
-0.786,-9.705,-9.124,0.0,0.0,0.0
-4.369,-10.429,-7.047,0.0,-0.224,0.0
-13.374,-19.568,-0.192,0.197,-1.815,2.694
-17.422,-19.568,-3.709,3.016,-3.963,4.357
-9.381,-19.568,-10.655,4.441,-4.354,4.357
-11.103,-19.568,-22.65,4.441,-4.354,4.357
-5.311,-19.568,-23.306,4.441,-2.243,4.357
18.435,-19.568,-21.304,3.178,-3.24,4.357
17.673,-10.458,-17.664,1.396,-3.338,-4.373
1.133,-19.568,-27.043,4.441,0.6,-4.373
-11.138,-19.568,-31.039,-0.402,-3.501,-4.373
-20.72,-19.568,-28.539,-4.289,-1.853,-4.373
-20.72,-19.568,-19.2,-4.289,-3.949,-0.205
-12.211,-19.568,4.056,-4.289,-2.716,4.357
-2.993,-10.176,8.186,-1.878,-4.354,-0.687
-4.956,-18.949,2.062,4.441,-2.456,-4.373
-8.752,-17.659,2.106,3.611,-4.354,-4.373
4.974,-19.568,3.584,-2.325,-4.354,-4.373
