-0.25,-9.696,-8.977,0.15,-0.77,0.0
0.176,-9.673,-9.187,0.132,-0.633,0.0
0.291,-9.595,-9.056,0.0,-0.216,0.1
0.0,-9.556,-8.993,0.0,0.0,0.0
-0.303,-9.66,-8.684,0.0,-0.131,0.122
0.241,-9.697,-9.018,0.0,-0.314,0.128
0.538,-9.629,-9.057,0.0,-0.156,0.0
0.478,-9.866,-8.224,0.0,-0.692,-0.352
-0.644,-12.045,-0.854,0.498,-2.451,-0.353
-9.514,-19.568,-0.359,1.044,4.376,2.0
-12.555,-19.568,-6.077,1.343,3.003,4.357
-11.594,-19.568,-9.906,1.789,1.104,4.357
1.482,-19.568,-13.238,3.011,-0.376,4.357
18.505,-19.568,-22.277,4.441,-4.354,4.357
13.92,-13.499,-16.698,1.215,0.582,-4.373
0.403,-19.568,-24.852,4.441,1.303,-4.373
3.4,-19.568,-31.039,-2.722,-4.34,-4.373
-20.038,-19.568,-27.489,-4.289,-4.354,-4.373
-18.44,-19.568,-1.627,-4.289,-3.443,-1.83
2.494,-19.568,8.186,-4.289,-0.421,0.843
2.348,-14.163,6.287,4.119,-4.354,-3.113
-2.935,-17.631,1.65,2.939,-3.684,-4.373
-4.659,-19.477,2.287,1.268,-4.354,-4.373
2.936,-19.568,0.914,-2.289,-2.324,-4.373
-20.72,-5.864,8.186,-2.782,-0.379,-4.373
