-0.677,-9.582,-8.918,0.0,-0.527,0.0
-0.84,-9.819,-9.002,0.0,-0.461,-0.167
-1.23,-9.522,-9.1,0.0,0.306,-0.104
-1.471,-9.557,-8.511,0.0,0.0,0.0
-1.537,-9.494,-8.817,0.0,0.0,-0.102
-1.758,-9.674,-9.076,0.0,-0.152,-0.153
-1.871,-9.65,-9.102,0.0,-0.396,0.0
-2.976,-10.329,-9.486,-0.338,0.0,-0.321
-9.68,-14.871,-8.29,-1.395,1.723,0.369
-16.541,-19.568,-12.442,-1.319,-0.242,4.357
-8.518,-19.568,-14.471,-1.286,-0.258,4.357
-5.942,-19.568,-14.833,-0.958,-0.856,4.357
-1.028,-19.568,-18.652,-2.721,-0.255,4.357
18.505,-19.568,-14.836,2.838,-4.354,4.357
11.523,-6.28,-16.722,4.441,2.921,-4.373
6.903,-15.033,-19.533,4.441,-0.837,-4.373
0.656,-19.568,-27.45,4.441,-4.354,-4.373
-9.553,-19.568,-24.01,-4.289,-4.354,-4.373
-7.488,-19.568,-23.031,-4.289,-4.354,-4.311
-20.72,-19.568,5.829,-4.289,-3.123,-1.762
6.169,-19.568,8.186,-4.289,0.591,1.28
3.988,-19.568,8.186,4.441,-2.742,-4.373
-5.204,-19.568,0.0,4.441,-3.124,-4.373
-8.067,-19.568,-0.521,3.403,-2.756,-4.373
-7.156,-19.568,-2.087,1.91,-0.651,-4.373
