-1.175,-9.703,-9.202,0.0,-0.12,0.0
-1.149,-9.69,-9.129,0.0,-0.258,0.1
-0.813,-9.663,-8.963,0.0,-0.156,0.0
-0.92,-9.724,-8.946,0.0,0.0,0.0
-1.153,-9.759,-8.868,0.0,-0.106,0.0
-1.133,-9.645,-8.847,0.0,-0.227,0.0
-1.301,-9.668,-8.813,0.0,-0.249,0.0
-0.902,-10.085,-8.978,0.0,0.0,0.0
-3.513,-10.234,-6.757,0.0,0.118,0.382
-10.192,-14.771,-3.672,0.0,2.609,0.781
-16.867,-19.568,-10.532,-0.581,4.134,4.357
-11.472,-19.568,-15.524,-2.694,2.252,4.357
-6.706,-19.568,-17.799,-4.289,3.08,4.357
18.505,-19.568,8.186,-1.856,-4.354,4.357
16.349,-4.786,-18.816,4.441,2.836,-4.373
-2.813,-12.958,-24.029,4.441,-0.537,-4.373
-5.339,-19.568,-31.039,-1.34,-3.85,-4.373
-13.608,-19.568,-22.428,-4.289,-3.625,-4.373
-8.417,-19.568,-21.246,-4.289,-4.053,-4.099
-16.954,-19.568,2.82,-4.289,-2.536,-0.102
9.209,-19.568,8.186,-4.289,0.0,-0.607
-2.193,-17.677,7.438,3.854,-1.173,-3.36
-6.469,-19.568,-5.863,4.441,-3.045,-4.373
-4.216,-18.195,-1.708,2.788,-3.838,-4.373
2.158,-19.568,0.114,-0.333,-1.827,-4.373
