-0.317,-9.5,-11.17,0.0,0.0,-0.24
-0.487,-9.602,-11.208,0.0,0.0,-0.207
-0.534,-9.493,-11.198,0.0,0.0,-0.113
-0.582,-9.596,-11.263,0.0,0.0,0.0
-0.608,-9.66,-11.216,0.0,0.0,0.0
-0.279,-9.68,-11.07,0.0,0.0,0.12
-0.12,-9.372,-11.201,0.0,-0.115,0.0
0.0,-9.217,-11.389,0.0,-0.111,0.0
-1.09,-9.207,-12.786,-0.184,0.133,-0.147
-11.176,-12.248,-12.295,-1.295,3.256,2.301
-19.855,-16.161,-18.293,-2.03,3.518,4.393
-19.855,-19.435,-29.051,-2.915,1.267,4.393
-9.465,-19.435,-29.46,-4.299,-0.654,4.393
-1.429,-19.435,-26.966,-4.299,-1.395,4.393
5.385,-19.435,-17.571,-4.299,-2.506,4.153
10.222,-19.435,-4.209,-4.299,-4.354,4.351
19.37,-19.435,9.176,3.066,-2.388,-4.337
8.241,-14.395,-28.336,4.431,2.599,-4.337
-3.916,-0.573,-30.049,-0.865,-1.109,-4.337
-19.855,-11.456,-26.011,-4.299,0.412,-2.7
-15.443,-19.435,-2.239,-4.299,-2.973,3.128
-1.693,-16.703,0.544,-4.299,-4.354,4.393
17.915,-15.627,9.176,-1.145,-1.685,3.138
19.37,-19.435,2.495,0.578,0.211,-4.337
10.853,-19.435,5.973,-0.946,-1.965,-4.337
