-0.619,-9.463,-11.176,0.0,0.0,-0.365
-1.011,-9.608,-11.277,0.0,0.0,-0.413
-1.203,-9.73,-11.273,0.0,-0.103,-0.271
-1.204,-9.707,-11.26,0.0,-0.102,0.0
-0.972,-9.615,-11.27,0.0,-0.117,0.139
-0.669,-9.482,-11.303,0.0,-0.1,0.218
-0.481,-9.387,-11.238,0.0,-0.122,0.2
-0.203,-9.317,-11.237,0.0,0.0,0.0
-0.74,-9.062,-12.044,0.0,0.0,-0.127
-14.674,-12.21,-15.525,-1.092,4.313,2.444
-19.855,-16.398,-22.006,-2.503,4.312,4.393
-17.492,-19.435,-30.049,-4.299,1.314,4.393
-4.556,-19.435,-27.945,-4.299,-0.572,4.393
3.639,-19.435,-21.793,-4.299,-0.734,4.393
7.318,-19.435,-3.414,-4.299,-4.229,3.789
19.37,-19.435,9.176,1.304,-4.354,-0.496
14.425,-10.519,-18.482,4.431,2.751,-4.337
5.501,1.482,-30.049,0.0,-1.783,-4.337
-19.855,-8.377,-25.257,-4.299,-1.942,-3.911
-14.753,-16.648,-4.704,-4.299,-2.377,2.045
-1.366,-14.349,3.764,-4.299,-4.354,3.187
8.542,-12.906,9.176,-0.877,-0.259,1.35
18.897,-18.142,8.964,3.672,0.784,-3.07
9.864,-19.435,5.652,2.574,-2.03,-4.337
1.26,-19.435,0.757,2.075,-0.816,-4.337
