-0.464,-9.35,-11.06,0.0,0.0,-0.428
-0.822,-9.618,-10.934,0.0,0.0,-0.509
-1.034,-9.773,-11.149,0.0,0.0,-0.403
-1.158,-9.738,-11.268,0.0,0.0,-0.17
-1.011,-9.615,-11.244,0.0,0.0,0.0
-0.658,-9.458,-11.177,0.0,0.0,0.2
-0.434,-9.308,-11.353,0.0,0.0,0.208
-0.358,-9.342,-11.166,0.0,-0.103,0.0
-0.931,-9.769,-11.866,0.0,0.0,0.0
-13.588,-13.944,-10.08,-1.117,2.632,2.137
-19.855,-19.435,-11.532,-0.689,3.054,4.393
-18.921,-19.435,-26.84,-1.6,1.651,4.393
-5.665,-19.435,-26.617,-4.299,-0.54,4.393
2.157,-19.435,-18.298,-4.299,-1.755,4.393
4.786,-17.771,-11.214,-4.299,-3.251,4.393
19.37,-14.475,6.351,-3.091,-4.354,4.393
19.37,-13.545,-11.92,3.515,0.697,-4.337
-2.323,-3.784,-30.049,3.001,0.503,-4.337
-19.855,-7.765,-30.049,-4.299,0.154,-4.337
-19.855,-12.852,-12.692,-4.299,-2.564,1.347
-1.003,-17.957,6.724,-4.299,-4.354,3.373
17.79,-16.074,9.176,-0.489,-2.066,1.813
19.37,-19.435,3.895,2.118,0.37,-4.337
9.37,-19.435,-1.99,1.157,-0.792,-4.337
-3.116,-19.435,-3.931,0.322,1.108,-4.337
