-0.622,-9.506,-10.8,0.0,0.0,0.0
-0.794,-9.476,-10.791,0.0,0.0,0.0
-0.654,-9.442,-10.96,0.0,0.0,0.0
-0.777,-9.477,-10.963,0.0,0.0,0.0
-0.79,-9.504,-10.878,0.0,0.0,0.0
-0.729,-9.538,-10.996,0.0,0.0,0.0
-0.664,-9.425,-11.002,0.0,0.0,0.0
-0.979,-9.448,-11.0,0.0,0.0,0.0
-3.944,-10.504,-11.377,-0.423,0.736,0.353
-13.811,-13.091,-9.543,-0.669,2.29,2.729
-19.855,-19.248,-10.491,1.512,-1.414,4.393
-19.855,-19.435,-16.849,-0.158,2.248,4.393
-14.35,-19.435,-21.272,-2.355,-0.485,4.393
-2.914,-19.435,-17.202,-4.223,-0.384,4.393
2.616,-18.443,-11.342,-4.299,-0.119,4.393
18.437,-17.012,5.397,-4.299,-1.768,4.393
19.37,-12.374,3.27,3.83,0.468,-3.573
11.243,-8.303,-16.891,4.431,0.901,-4.337
8.629,0.0,-30.049,2.657,0.701,-4.337
-19.855,-8.959,-30.049,-4.299,-0.624,-4.337
-19.855,-19.435,-6.124,-4.299,-3.25,0.183
-3.675,-16.782,2.953,-4.055,-4.354,3.29
10.441,-13.996,5.857,-1.424,-2.711,1.146
19.37,-19.435,1.757,0.962,0.381,-4.337
3.97,-19.435,0.314,2.237,0.405,-4.337
