-0.858,-9.538,-11.098,0.0,0.0,0.0
-0.655,-9.593,-10.953,0.0,0.0,0.0
-0.573,-9.526,-11.056,0.0,0.0,0.0
-0.622,-9.5,-11.134,0.0,0.0,0.0
-0.592,-9.525,-11.136,0.0,0.0,0.0
-0.513,-9.385,-11.197,0.0,0.0,0.0
-0.602,-9.336,-11.27,0.0,0.0,0.0
-1.975,-9.411,-12.272,-0.147,0.346,0.149
-8.584,-10.732,-12.57,-0.455,1.885,1.59
-17.849,-12.932,-15.02,-1.052,3.828,4.348
-19.855,-17.521,-23.113,-1.891,0.0,4.393
-19.855,-19.435,-25.507,-4.299,1.042,4.393
-10.2,-19.435,-26.879,-4.299,0.705,4.393
1.176,-19.435,-18.798,-4.299,0.402,4.393
2.951,-19.435,-9.375,-4.299,0.239,3.933
16.821,-19.407,9.176,-4.299,-1.439,0.648
13.513,-15.365,-0.489,4.431,-0.284,-2.666
11.117,-1.751,-19.463,4.431,-1.063,-3.757
3.067,0.388,-30.049,1.625,-1.858,-4.337
-19.855,-16.51,-30.049,-4.299,-4.142,-3.314
-10.17,-19.435,-0.183,-4.299,-4.354,4.02
3.578,-17.359,3.311,-3.225,-3.594,3.476
19.37,-14.414,7.55,0.597,-1.855,1.935
19.37,-19.435,3.836,0.427,1.017,-4.337
5.278,-19.435,0.317,1.468,0.199,-4.337
