0.0,-9.184,-10.738,-0.112,0.0,0.0
-0.358,-9.332,-10.623,0.0,-0.117,-0.228
-0.771,-9.507,-10.564,0.0,0.0,-0.268
-0.912,-9.662,-10.534,0.0,0.0,-0.273
-1.032,-9.573,-10.633,0.0,0.107,-0.198
-0.865,-9.493,-10.811,0.0,0.0,0.0
-0.698,-9.519,-10.845,0.0,0.0,0.0
-0.589,-9.511,-10.884,0.0,0.0,0.0
-3.512,-10.355,-11.304,-0.588,2.053,0.629
-19.855,-16.261,-10.503,-2.329,4.377,4.393
-19.855,-19.435,-24.602,-1.877,3.795,4.393
-11.289,-19.435,-30.049,-4.299,1.085,4.393
3.073,-19.435,-28.849,-4.299,-0.935,4.393
5.568,-19.435,-18.18,-4.299,-2.803,3.627
6.56,-19.435,-5.67,-4.299,-4.354,3.584
19.37,-15.982,7.322,1.494,-4.354,2.996
19.37,-19.435,-15.961,4.431,4.176,-4.337
-6.893,-2.108,-30.049,0.798,-0.624,-4.337
-19.855,-17.408,-29.606,-4.299,-0.722,-4.337
-19.855,-16.783,-16.353,-4.299,-2.565,2.731
-10.421,-19.347,-0.816,-4.299,-3.086,4.393
1.835,-15.252,-1.54,-2.559,-4.354,4.393
19.37,-16.361,3.795,0.952,-4.354,1.808
19.37,-19.435,2.774,-1.034,0.0,-4.337
6.044,-19.435,-0.786,-0.432,0.412,-4.337
