0.0,-9.544,-10.613,0.281,0.0,-0.276
-0.523,-9.626,-10.498,0.0,0.359,-0.207
-0.668,-9.772,-9.943,0.0,0.238,0.0
0.549,-9.844,-9.708,0.0,0.239,0.0
-0.642,-9.803,-10.023,0.0,0.0,-0.168
-0.576,-9.59,-10.12,0.0,0.0,0.0
-0.737,-9.818,-9.636,0.0,0.0,0.203
-4.403,-11.009,-7.254,-0.102,0.233,0.614
-8.298,-11.874,-8.883,0.767,-0.451,1.325
-12.773,-13.769,-10.536,1.221,-1.116,2.506
-10.775,-15.343,-13.821,1.13,-1.467,4.144
-11.356,-14.67,-12.035,-0.677,-0.972,4.393
-19.855,-19.435,-10.717,-0.704,1.328,4.393
-18.292,-19.435,-12.277,-1.617,1.108,4.393
-6.397,-19.435,-15.665,-3.888,-1.491,4.393
19.37,-19.435,-2.212,0.0,-4.354,4.393
19.37,-18.313,-21.54,0.0,1.25,-4.337
-6.503,-17.364,-30.049,4.431,-0.581,-4.337
-19.855,-17.677,-30.049,-4.299,2.67,-4.337
-19.855,-18.841,-7.192,-4.299,-0.784,2.223
-2.744,-19.435,9.176,-3.542,-3.109,4.17
19.37,-16.842,8.068,0.744,-3.997,-1.308
16.471,-19.435,3.915,0.985,1.07,-4.337
2.756,-19.435,1.556,0.693,0.0,-4.337
-3.312,-19.435,-4.095,0.692,-0.136,-4.337
