-0.609,-9.483,-10.921,0.111,-0.268,0.0
-0.695,-9.469,-10.801,-0.113,0.209,0.0
-0.758,-9.587,-10.623,0.0,0.0,0.0
-0.877,-9.593,-10.769,0.0,0.0,0.0
-0.741,-9.386,-10.915,0.0,0.0,0.0
-1.119,-9.35,-11.45,0.0,0.0,0.0
-2.874,-9.803,-11.759,-0.778,1.434,0.301
-3.158,-9.702,-11.407,-0.27,0.587,0.594
-7.731,-9.964,-14.324,-0.705,2.368,1.671
-19.855,-15.445,-16.765,-1.202,1.662,3.876
-19.855,-19.435,-25.693,-1.743,-1.763,4.393
-18.322,-19.435,-23.53,-2.263,-3.165,4.393
-3.329,-19.435,-18.38,-1.086,-2.949,4.393
5.718,-19.435,-15.779,-2.089,-1.784,4.393
19.37,-17.893,-4.964,-1.774,-1.212,4.393
19.37,-14.06,-9.021,0.424,-0.784,-4.337
7.814,-11.909,-22.005,4.431,2.159,-4.337
0.127,-2.082,-30.049,-0.776,0.38,-4.337
-19.855,-16.457,-30.049,-4.299,2.51,-4.337
-19.855,-19.435,-7.438,-4.299,-1.287,3.419
-4.539,-19.435,1.468,-4.299,-2.294,4.393
7.963,-17.772,3.563,-2.474,-1.578,1.895
19.37,-19.435,7.553,2.99,0.0,-4.325
11.0,-19.435,-0.239,3.551,-0.332,-4.337
0.507,-19.435,-4.418,1.397,-0.662,-4.337
