-0.63,-9.396,-10.758,0.0,0.0,0.204
-0.418,-9.222,-11.051,0.0,0.0,0.158
-0.612,-9.306,-11.277,0.0,0.0,0.0
-0.616,-9.46,-10.971,0.0,0.0,0.0
-0.735,-9.494,-10.933,0.0,0.0,0.0
-0.973,-9.559,-10.892,0.0,0.0,-0.107
-1.252,-9.541,-11.227,0.0,0.0,0.0
-2.484,-9.67,-11.734,0.0,0.0,0.224
-7.226,-10.802,-10.999,-0.232,0.0,1.082
-18.305,-14.24,-7.804,0.0,0.262,3.291
-19.855,-19.301,-10.35,1.352,-0.525,4.393
-19.855,-19.435,-16.413,-0.138,0.288,4.393
-13.264,-19.435,-18.454,-1.765,0.307,4.393
-3.79,-18.07,-15.819,-2.977,0.481,4.393
2.564,-15.639,-11.626,-4.299,0.691,4.393
19.37,-14.26,9.176,-3.481,-2.239,4.053
19.37,-13.064,1.721,4.431,0.883,-4.071
11.775,-4.459,-20.557,4.431,0.501,-4.337
4.959,3.931,-30.049,1.27,-0.88,-4.337
-19.855,-10.844,-29.758,-4.299,-1.085,-4.337
-19.578,-19.435,-2.224,-4.299,-3.955,1.477
-2.708,-19.435,5.919,-4.299,-3.746,4.244
5.679,-14.959,2.47,-0.996,-2.145,3.283
19.37,-11.413,0.708,1.441,-2.138,-0.354
16.763,-19.435,8.279,0.525,1.174,-4.337
