-0.488,-9.446,-10.821,0.0,0.0,-0.444
-0.791,-9.67,-11.057,0.0,0.0,-0.459
-1.023,-9.852,-11.019,0.0,0.0,-0.353
-1.287,-9.654,-11.239,0.0,0.0,-0.124
-0.883,-9.42,-11.457,0.0,0.0,0.0
-0.654,-9.489,-11.4,0.0,0.0,0.0
-0.828,-9.474,-11.249,0.0,-0.171,0.0
-1.363,-9.787,-11.863,-0.166,0.121,0.107
-9.104,-12.082,-11.262,-0.706,4.377,2.876
-19.104,-14.127,-16.109,-1.548,4.377,4.393
-15.368,-18.867,-29.353,-2.878,3.008,4.393
-7.781,-19.435,-30.049,-4.299,0.549,4.393
-0.317,-19.435,-23.017,-4.299,-1.449,4.142
3.079,-19.435,-17.202,-4.299,-2.058,3.675
5.76,-17.42,-6.353,-4.299,-4.196,3.837
19.37,-19.435,9.176,-0.882,-4.354,0.348
12.901,-13.382,-13.599,4.431,4.377,-4.337
1.595,3.45,-26.389,3.273,-2.444,-4.337
-19.855,2.875,-30.049,-3.424,0.176,-4.337
-15.744,-5.512,-13.538,-4.299,-3.883,-0.454
-2.252,-12.584,0.898,-4.299,-4.354,2.199
3.888,-10.444,2.725,-3.341,-1.003,2.81
16.818,-10.776,8.159,0.811,0.0,0.321
18.084,-19.435,2.628,1.444,0.117,-4.337
4.561,-19.435,0.22,0.726,0.0,-4.337
