-0.214,-9.11,-11.285,0.0,0.0,0.153
-0.347,-9.325,-11.135,0.0,0.0,-0.129
-0.724,-9.431,-11.025,0.0,0.0,-0.309
-0.965,-9.538,-10.875,0.0,0.0,-0.367
-1.061,-9.708,-10.944,0.0,0.0,-0.272
-1.225,-9.602,-11.3,0.0,0.0,0.0
-0.906,-9.525,-11.295,0.0,0.0,0.0
-0.801,-9.434,-11.204,0.0,-0.129,0.0
-3.632,-10.412,-11.736,-0.384,0.228,0.32
-15.234,-14.008,-9.458,-0.793,2.361,2.805
-19.855,-19.435,-14.482,0.0,2.348,4.393
-15.999,-19.435,-25.525,-2.982,2.753,4.393
-6.609,-19.435,-24.495,-4.299,0.208,4.393
0.622,-19.435,-19.942,-4.299,-0.901,4.393
3.18,-18.458,-10.337,-4.299,-2.573,3.948
12.012,-12.293,9.176,-4.299,-4.354,3.565
19.37,-11.898,0.434,4.431,0.0,-4.337
3.972,-2.863,-30.049,4.431,-0.157,-4.337
-7.193,-4.829,-30.049,-3.252,-1.816,-4.337
-19.855,-15.716,-18.058,-4.299,-1.089,-1.947
-11.556,-16.053,-3.137,-4.299,-4.293,3.688
5.277,-13.329,1.85,-2.119,-4.354,3.226
17.188,-11.261,5.858,0.623,-1.907,-0.5
16.265,-17.226,3.855,1.426,-0.514,-4.337
10.079,-19.435,1.936,0.625,-1.252,-4.337
