-0.656,-9.544,-10.686,-0.202,-0.182,-0.144
-0.795,-9.554,-10.637,0.0,0.0,0.0
-0.719,-9.506,-11.044,0.124,0.121,0.0
-0.882,-9.389,-11.447,0.0,0.0,0.0
-0.919,-9.499,-11.198,0.0,0.0,0.0
-0.873,-9.481,-11.116,0.0,0.0,0.0
-0.859,-9.493,-11.073,0.0,0.0,0.0
-1.125,-9.568,-11.19,0.0,0.0,0.0
-7.38,-11.789,-11.718,-0.881,3.812,2.067
-19.855,-16.912,-12.351,-1.805,4.377,4.393
-18.055,-19.435,-28.337,-2.264,4.128,4.393
-7.892,-19.435,-30.049,-4.299,1.016,4.393
3.007,-19.435,-28.084,-4.299,-1.079,4.393
4.764,-19.435,-16.111,-4.299,-2.772,3.236
7.814,-18.533,0.907,-4.299,-4.354,3.077
19.37,-15.009,1.141,4.431,-3.309,-3.425
12.425,-18.543,-30.049,4.431,4.153,-4.337
-13.434,-5.979,-30.049,-4.299,-2.203,-4.337
-19.855,-17.03,-15.338,-4.299,0.0,-0.56
-7.009,-19.435,1.295,-4.299,-4.165,4.18
10.663,-13.651,4.681,-2.805,-2.579,3.441
19.12,-14.986,8.219,0.218,0.143,-1.711
16.569,-19.435,4.161,1.569,-0.914,-4.337
0.0,-19.435,-4.472,1.227,0.398,-4.337
-17.3,-19.435,-14.192,2.79,2.265,-4.337
