-0.723,-9.871,-11.522,0.0,-0.114,0.218
-0.499,-9.569,-11.209,0.0,0.0,0.283
-0.371,-9.314,-11.272,0.0,0.1,0.192
-0.315,-9.49,-11.232,0.0,0.0,0.0
-0.47,-9.417,-11.415,0.0,0.116,0.0
-0.5,-9.354,-11.31,0.0,0.0,0.0
-0.631,-9.34,-11.453,0.0,0.0,-0.164
-1.396,-9.262,-12.379,0.0,0.355,0.0
-7.148,-10.853,-12.107,-0.475,2.67,1.333
-16.442,-12.675,-13.419,-1.576,4.377,3.795
-19.355,-17.07,-24.564,-2.039,2.536,4.393
-13.786,-19.435,-30.049,-4.299,0.543,4.393
-2.405,-19.435,-30.049,-4.299,-2.049,4.393
4.838,-19.435,-18.998,-4.299,-2.602,4.393
2.797,-15.678,-7.772,-4.299,-4.354,3.047
19.37,-8.973,3.042,-1.812,-4.354,3.549
19.37,-13.38,-4.376,3.722,0.196,-4.337
3.393,-3.009,-29.07,4.431,1.415,-4.337
-19.855,-5.863,-30.049,-4.235,-1.205,-4.337
-19.855,-10.262,-21.971,-4.299,-1.28,0.113
-15.296,-16.278,-5.382,-4.299,-2.099,3.954
-5.897,-15.139,-0.426,-4.087,-1.943,4.393
1.687,-10.838,-1.088,-2.27,-2.772,3.217
18.351,-12.645,1.759,1.195,-3.129,-2.404
19.37,-19.435,4.522,0.0,-1.205,-4.337
