-0.943,-9.444,-11.108,0.0,0.0,0.0
-0.941,-9.478,-10.948,0.0,0.0,0.0
-0.719,-9.373,-11.014,0.0,0.0,0.0
-0.683,-9.427,-11.066,0.0,0.0,0.0
-0.735,-9.393,-11.263,0.0,0.0,0.0
-0.851,-9.378,-11.333,0.0,0.0,0.0
-0.818,-9.476,-11.24,0.0,0.0,-0.108
-1.181,-9.429,-11.538,-0.143,-0.12,0.0
-3.345,-9.853,-12.136,-0.313,0.0,0.126
-12.926,-11.888,-11.378,-0.861,2.347,2.025
-19.855,-16.557,-11.67,0.0,2.482,4.393
-19.51,-19.435,-28.498,-2.21,4.011,4.393
-8.928,-19.435,-30.049,-4.299,1.019,4.393
-2.08,-19.435,-26.499,-4.299,-1.338,4.326
1.961,-19.435,-20.69,-4.299,-2.096,3.806
5.525,-19.435,-6.779,-4.299,-4.354,2.819
19.37,-19.435,9.176,-1.173,-4.354,0.694
16.435,-19.435,-16.407,4.431,3.998,-4.337
1.322,0.0,-30.049,1.881,-1.999,-4.337
-19.855,-4.637,-30.049,-4.299,1.831,-4.337
-19.855,-14.124,-21.325,-4.299,-0.888,1.295
-11.39,-19.435,2.44,-4.299,-4.282,3.451
1.797,-15.57,2.052,-2.189,-4.354,4.077
19.316,-11.655,-0.253,-0.211,-3.363,-0.641
19.37,-19.435,1.037,-1.08,-0.461,-4.337
