-0.921,-10.353,-10.034,0.0,0.0,0.0
-0.717,-10.631,-9.566,0.0,-0.16,0.0
-0.918,-10.418,-9.497,0.0,-0.195,0.0
-0.618,-10.45,-9.997,0.0,0.0,0.11
-0.387,-10.313,-10.29,0.0,0.0,0.12
-0.389,-10.232,-9.995,0.0,0.0,0.0
-0.363,-10.132,-10.056,0.0,0.0,0.0
-0.659,-10.198,-10.217,0.0,-0.213,-0.197
-9.099,-11.804,-10.312,-0.999,-1.081,-0.124
-20.331,-20.199,3.19,-0.678,-0.642,3.373
-14.233,-20.199,-16.137,4.378,1.25,4.393
-6.841,-20.199,-19.758,1.003,0.565,4.393
-2.465,-20.199,-21.81,-1.933,-0.878,4.393
8.47,-20.199,-16.743,-4.3,-3.068,4.393
18.774,-20.199,3.181,1.042,-4.354,4.393
18.774,-12.982,-14.698,0.538,2.671,-4.337
3.283,-13.727,-13.723,3.887,-1.194,-4.337
-6.058,-15.81,-30.119,-0.426,-4.354,-4.337
-20.451,-20.199,-16.354,-4.3,-4.354,-2.762
-10.669,-20.199,-0.627,-4.3,-4.354,4.393
6.679,-20.199,2.802,-2.912,-3.582,4.393
18.774,-20.199,9.106,0.238,0.0,3.658
18.774,-20.199,-4.391,2.868,0.0,-2.967
18.774,-20.199,2.551,-1.651,-1.948,-4.337
5.086,-20.199,2.393,-1.047,0.919,-4.337
