-1.125,-10.732,-9.153,-0.117,-0.336,-0.678
-1.413,-10.642,-9.425,0.0,0.0,-0.263
-1.119,-10.639,-9.771,0.0,0.0,0.121
-0.782,-10.298,-9.874,0.0,0.0,0.336
0.0,-10.14,-9.688,0.118,-0.42,0.236
0.662,-9.889,-10.007,0.0,0.105,0.0
0.404,-10.433,-9.578,0.0,-0.405,-0.587
-1.454,-10.842,-9.612,0.0,-0.424,-0.698
-5.529,-12.927,-9.168,0.0,-0.12,-0.393
-11.608,-19.586,-6.51,-1.245,-1.716,2.666
-13.312,-20.199,-7.893,1.434,0.126,4.393
-11.712,-20.199,-17.084,2.176,0.681,4.393
-5.76,-20.199,-19.114,0.227,-0.713,4.393
-0.96,-20.199,-20.524,-2.173,-0.454,4.393
13.776,-20.199,-11.806,-3.361,-4.279,4.393
18.774,-11.754,-0.659,-1.153,-3.076,2.21
18.774,-8.072,-5.415,0.728,2.544,-4.337
11.404,-7.455,-13.737,4.431,-0.316,-4.337
-2.033,-10.291,-29.731,1.86,-3.935,-4.337
-20.451,-20.199,-20.247,-4.3,-4.354,-4.337
-14.199,-20.199,-5.519,-4.3,-4.354,4.393
7.987,-20.199,7.556,-3.697,-3.007,4.393
18.774,-20.199,9.106,-1.956,0.0,4.073
18.774,-20.143,-0.763,2.407,0.959,-3.56
18.774,-20.199,2.532,-0.639,-0.531,-4.337
