-0.706,-10.257,-9.682,0.0,0.0,0.0
-0.791,-10.305,-9.725,0.0,-0.142,0.0
-1.036,-10.443,-9.553,0.0,-0.163,0.0
-0.74,-10.408,-9.476,0.0,-0.216,0.0
-0.576,-10.287,-9.685,0.0,-0.162,0.0
-0.324,-10.268,-9.798,0.0,-0.132,0.0
-0.649,-10.23,-9.657,0.0,-0.166,0.0
-0.816,-10.205,-9.613,0.0,-0.32,0.0
-1.211,-10.123,-9.497,0.142,-0.581,-0.255
-10.644,-14.611,-6.571,-0.832,-1.225,-0.978
-18.616,-20.199,-4.461,0.0,0.0,4.269
-14.182,-20.199,-12.716,1.778,-0.937,4.393
-9.368,-20.199,-18.93,2.236,-1.046,4.393
-2.747,-20.199,-18.347,0.471,-1.301,4.393
3.919,-20.199,-18.238,-2.391,0.996,4.393
12.984,-20.177,-10.612,-4.3,-0.342,4.393
18.774,-18.478,9.106,-0.36,-4.354,0.819
15.703,-10.322,-1.874,1.806,0.914,-4.337
8.924,-10.698,-10.016,4.431,1.078,-4.337
-0.798,-9.915,-30.119,4.356,-3.917,-4.337
-20.451,-20.199,-25.769,-4.3,-4.354,-4.337
-17.305,-20.199,-8.204,-4.3,-4.183,3.512
-2.997,-20.199,9.106,-4.3,-3.316,4.393
15.271,-20.199,9.106,-2.273,0.0,4.393
18.774,-16.857,1.812,0.284,-0.471,1.356
