-0.521,-10.394,-9.816,0.0,0.0,0.0
-0.451,-10.268,-9.86,0.0,0.0,0.0
-0.451,-10.259,-9.642,0.0,0.0,0.0
-0.296,-10.275,-9.765,0.0,0.0,0.0
-0.215,-10.4,-9.764,0.0,0.0,0.0
-0.281,-10.237,-9.496,0.0,-0.155,0.0
0.0,-10.314,-10.008,0.0,0.0,-0.185
0.0,-9.988,-9.994,0.0,-0.224,-0.358
0.0,-10.451,-10.691,0.0,-0.13,-0.851
-13.535,-14.848,-9.303,0.722,-1.909,-0.654
-14.523,-20.199,-8.964,-1.879,-0.563,4.218
-13.794,-20.199,-16.356,1.155,-0.62,4.393
-5.383,-20.199,-21.344,-0.157,0.0,4.393
-1.632,-20.199,-20.927,-2.424,-1.952,4.393
4.516,-20.199,-18.687,-3.829,-2.697,4.393
18.774,-20.12,-4.068,-3.661,-4.354,4.393
18.774,-8.264,-8.881,0.772,-1.156,-4.337
8.766,-8.34,-10.501,4.047,1.853,-4.337
3.357,-10.779,-29.384,2.583,-2.58,-4.337
-20.451,-20.199,-30.119,-4.3,-4.354,-4.337
-12.427,-20.199,-6.284,-4.3,-4.354,4.049
9.957,-20.199,9.106,-4.3,-2.841,4.393
18.774,-20.199,9.106,-1.621,-0.471,3.8
18.774,-20.199,2.18,2.057,0.844,-4.337
16.794,-20.199,1.237,0.0,2.086,-4.337
