-0.853,-10.42,-9.528,0.0,0.0,0.0
-0.712,-10.322,-9.528,0.0,0.0,0.0
-0.743,-10.302,-9.587,0.0,0.0,0.0
-0.702,-10.34,-9.59,0.0,0.0,0.0
-0.824,-10.347,-9.54,0.0,0.0,0.0
-0.851,-10.329,-9.589,0.0,0.0,0.0
-0.537,-10.261,-9.529,0.0,0.0,0.0
-0.547,-10.169,-9.226,0.0,0.229,-0.129
-9.988,-12.731,-7.185,-0.471,1.497,-0.165
-19.147,-20.199,-4.769,0.438,0.652,4.049
-19.511,-20.199,-10.998,0.837,0.236,4.393
-13.572,-20.199,-15.221,0.702,-1.302,4.393
-7.778,-20.199,-17.314,0.1,-1.87,4.393
-2.355,-20.199,-20.498,-1.527,-0.215,4.393
9.394,-20.199,-17.97,-4.3,-0.708,4.393
18.774,-20.199,7.605,-3.58,-2.048,4.393
16.114,-10.925,1.992,1.005,-1.765,-3.853
15.649,-14.909,-8.386,4.431,0.874,-4.337
5.716,-14.524,-23.407,4.431,-0.666,-4.337
-6.155,-12.662,-30.119,-1.739,-2.01,-4.337
-20.451,-20.199,-24.505,-4.3,-1.745,-3.073
-20.451,-20.199,-0.796,-4.3,-4.354,3.961
-4.27,-20.199,9.106,-4.289,-3.502,4.393
15.334,-20.199,5.632,-1.764,0.0,4.393
18.774,-18.21,3.106,-0.215,-0.629,-0.44
