-1.504,-10.542,-9.332,0.0,-0.299,-0.121
-1.061,-10.411,-9.713,0.0,-0.235,0.0
-0.813,-10.384,-9.917,0.0,-0.177,0.0
-0.673,-10.23,-9.892,-0.198,-0.467,0.0
-0.381,-10.334,-9.954,0.0,-0.369,0.0
0.0,-10.535,-9.816,0.0,0.0,0.0
0.0,-10.404,-9.959,0.0,-0.129,0.0
0.356,-10.131,-9.954,0.0,-0.165,-0.143
-1.15,-10.657,-10.465,-0.121,-0.142,-0.533
-17.001,-14.857,-8.182,-0.95,-1.132,0.0
-20.451,-20.199,-6.09,0.0,-0.774,4.393
-13.7,-20.199,-15.017,2.154,-1.038,4.393
-7.989,-20.199,-20.384,1.312,-0.999,4.393
-1.689,-20.199,-19.943,-0.407,-0.268,4.393
1.716,-20.199,-16.733,-3.858,-0.743,4.393
18.774,-20.199,-9.062,-4.3,-2.129,4.393
18.774,-12.72,-0.325,0.92,-3.641,-4.337
11.653,-11.676,-8.278,3.573,3.85,-4.337
5.061,-9.035,-26.072,3.663,-2.633,-4.337
-20.339,-17.249,-30.119,-4.005,-4.354,-4.337
-15.951,-20.199,-7.808,-4.3,-4.354,4.393
-7.042,-20.199,7.28,-4.3,-2.897,4.393
11.734,-20.199,0.0,-1.017,-2.313,4.393
18.774,-20.199,9.106,0.332,-1.024,1.635
18.217,-20.199,-0.129,1.283,1.044,-4.337
