-1.089,-10.278,-9.687,0.0,0.0,0.0
-0.775,-10.267,-9.892,0.0,0.0,0.0
-0.909,-10.352,-9.869,0.0,0.0,0.0
-0.829,-10.224,-9.611,0.0,0.0,0.0
-0.557,-10.39,-9.812,0.0,0.0,0.0
-0.84,-10.4,-9.772,0.0,0.0,0.0
-0.719,-10.18,-9.676,0.0,0.0,0.0
-0.845,-10.151,-9.886,0.0,0.0,-0.124
-2.26,-10.467,-9.482,-0.114,0.241,-0.393
-16.474,-14.249,-8.552,-0.727,0.0,0.745
-18.714,-20.199,-2.774,0.679,-0.264,4.393
-17.448,-20.199,-11.796,1.342,-0.437,4.393
-12.741,-20.199,-17.332,1.59,-0.836,4.393
-5.307,-20.199,-20.874,0.21,-0.966,4.393
4.954,-20.199,-19.687,-2.772,-1.101,4.393
16.464,-20.199,-11.553,-4.3,-1.037,4.393
18.774,-18.377,9.106,1.061,-1.974,-1.611
14.852,-16.624,-6.765,3.954,1.728,-4.337
5.195,-15.375,-27.182,4.431,-1.982,-4.337
-17.646,-20.016,-30.119,-4.3,-3.869,-4.337
-20.451,-20.199,-18.044,-4.3,-3.803,2.257
-7.884,-20.199,9.106,-4.3,-4.354,4.393
11.471,-20.199,6.209,-3.188,-3.099,4.393
18.774,-20.199,7.299,3.339,-1.501,0.787
13.052,-20.199,5.082,-0.265,-0.954,-4.337
