-0.773,-10.413,-9.435,0.0,0.0,0.0
-0.861,-10.401,-9.715,0.0,0.138,0.0
-0.658,-10.324,-9.625,0.0,0.0,0.0
-0.655,-10.176,-9.509,0.0,0.0,0.0
-0.946,-10.319,-9.601,0.0,0.0,-0.102
-1.055,-10.352,-9.684,0.0,0.0,0.0
-0.999,-10.308,-9.791,0.0,-0.162,0.0
-0.705,-10.29,-9.686,0.232,-0.416,-0.194
-9.698,-12.367,-7.306,-0.26,-0.814,-1.197
-18.783,-20.199,-6.125,-0.147,-0.236,3.463
-17.357,-20.199,-10.477,0.86,0.0,4.393
-9.843,-20.199,-17.11,-0.295,0.0,4.393
0.173,-20.199,-19.852,0.159,-1.719,4.393
6.27,-20.199,-16.21,-2.039,-1.774,4.393
18.774,-20.199,-6.329,-2.639,-4.354,4.393
18.774,-8.731,-11.292,-0.659,-1.864,-3.197
11.253,-13.131,-12.6,2.507,0.729,-4.337
-1.601,-15.089,-30.111,0.367,-2.49,-4.337
-20.451,-20.199,-26.846,-4.3,-3.143,-4.337
-18.702,-20.199,-3.278,-4.3,-4.354,4.393
5.458,-20.199,9.106,-4.3,-2.827,4.393
18.774,-20.199,7.209,-0.766,-0.988,3.976
18.774,-20.199,2.57,1.693,0.657,-3.452
18.774,-20.199,3.109,-1.046,-0.829,-4.337
5.214,-20.199,1.785,-0.984,1.259,-4.337
