-0.515,-10.277,-9.807,0.0,0.0,0.0
-0.494,-10.305,-9.803,0.0,0.0,0.0
-0.655,-10.305,-9.707,0.0,0.0,0.0
-0.616,-10.324,-9.718,0.0,0.0,0.0
-0.58,-10.333,-9.712,0.0,0.0,0.0
-0.483,-10.341,-9.584,0.0,0.0,0.0
-0.211,-10.189,-9.664,0.0,0.0,0.0
0.726,-9.861,-10.24,0.0,0.0,-0.346
-4.359,-11.835,-10.294,0.0,0.0,-1.38
-19.681,-20.199,-5.203,0.0,-3.085,1.177
-17.168,-20.199,-7.72,0.544,0.192,4.393
-9.702,-20.199,-16.427,0.995,0.0,4.393
-4.297,-20.199,-19.43,0.609,-0.299,4.393
2.992,-20.199,-20.487,-1.939,-1.558,4.393
12.248,-20.199,-13.383,-3.303,-1.73,4.393
18.774,-18.714,5.924,-0.835,-4.354,2.961
18.774,-12.174,-8.223,1.081,3.057,-4.337
8.698,-14.816,-16.643,4.431,-0.905,-4.337
-6.394,-20.199,-30.119,-1.42,-4.354,-4.337
-20.451,-20.199,-14.947,-4.3,-4.354,-0.725
-6.384,-20.199,4.001,-4.3,-4.354,4.393
18.774,-20.199,8.271,-2.238,-2.866,4.393
18.774,-20.199,4.737,2.123,0.9,-0.177
18.774,-20.199,-2.67,0.0,-0.591,-4.337
14.639,-20.199,2.652,-2.446,0.437,-4.337
