0.0,-10.388,-9.62,0.0,0.0,0.107
-0.193,-10.261,-9.493,0.0,0.0,0.0
-0.369,-10.298,-9.778,0.0,0.16,0.0
-0.881,-10.333,-9.537,0.0,0.126,0.0
-0.9,-10.328,-9.741,0.109,0.0,0.0
-0.934,-10.287,-9.552,0.0,0.0,0.0
-0.58,-10.299,-9.522,0.0,0.0,0.0
-0.903,-10.078,-9.452,0.0,-0.248,0.0
-2.833,-11.013,-10.204,-0.669,0.859,-0.646
-20.451,-18.856,-4.511,-0.675,-1.923,1.17
-16.383,-20.199,-9.084,1.06,0.0,4.393
-10.911,-20.199,-16.062,1.565,-0.408,4.393
-5.901,-20.199,-19.837,0.851,-1.722,4.393
-0.659,-20.199,-17.873,-0.783,-1.326,4.393
10.593,-20.199,-14.425,-3.105,-1.531,4.393
18.774,-19.021,4.34,-2.677,-4.185,4.393
18.774,-12.692,-8.055,1.652,1.826,-4.337
7.01,-10.552,-14.847,3.833,-0.894,-4.337
-3.145,-11.986,-29.85,1.89,-2.789,-4.337
-20.451,-20.199,-19.136,-4.3,-3.745,-3.366
-14.949,-20.199,-3.321,-4.3,-4.354,4.393
9.381,-20.199,9.106,-3.574,-2.034,4.393
18.774,-20.199,9.106,0.0,-0.569,3.27
18.774,-17.556,-0.186,0.985,-0.171,-3.33
18.774,-20.199,2.637,-2.228,-0.155,-4.337
