-0.798,-10.287,-9.627,0.0,0.0,0.0
-0.719,-10.298,-9.699,0.0,0.0,0.0
-0.62,-10.363,-9.627,0.0,0.0,0.0
-0.781,-10.296,-9.579,0.0,0.0,0.0
-0.864,-10.242,-9.645,0.0,0.0,0.0
-0.778,-10.287,-9.672,0.0,0.0,0.0
-0.471,-10.213,-9.769,0.0,0.0,0.0
-0.815,-10.138,-9.207,0.0,0.0,-0.333
-5.789,-12.32,-8.719,-0.689,1.245,-0.779
-20.141,-20.199,-7.423,0.295,0.823,2.613
-16.561,-20.199,-14.043,-0.287,0.0,4.393
-12.002,-20.199,-19.414,-1.192,0.107,4.393
-2.378,-20.199,-19.744,-3.815,-1.265,4.393
5.233,-20.199,-17.436,-4.253,-2.707,4.393
18.774,-20.199,-8.042,-4.3,-3.75,4.393
18.774,-11.259,-5.312,-0.493,-3.616,-3.341
10.759,-15.134,-8.716,4.421,4.223,-4.337
5.415,-13.796,-21.724,3.695,-3.623,-4.337
-20.451,-20.199,-30.119,-4.3,-4.354,-4.337
-19.322,-20.199,-6.153,-4.3,-4.354,3.396
5.486,-20.199,5.606,-4.3,-4.354,4.393
18.774,-20.199,4.319,-2.3,-2.324,4.393
18.774,-18.909,3.13,2.277,0.459,0.321
17.95,-19.421,-2.825,0.849,0.571,-3.68
18.774,-20.199,4.621,-1.269,-0.458,-4.337
