-0.793,-10.341,-9.576,0.0,0.0,0.0
-0.755,-10.305,-9.555,0.0,0.0,0.0
-0.97,-10.319,-9.443,0.0,0.0,0.0
-0.694,-10.292,-9.498,0.0,0.0,0.0
-0.842,-10.346,-9.406,0.0,0.0,0.0
-0.767,-10.256,-9.451,0.0,0.0,0.0
-0.819,-10.275,-9.487,0.0,0.0,0.0
-0.549,-9.965,-9.408,-0.117,0.0,0.0
-7.747,-12.382,-6.941,0.0,2.051,-0.798
-20.451,-20.199,-5.085,0.453,-1.052,2.779
-18.841,-20.199,-7.337,0.547,1.385,4.393
-10.834,-20.199,-17.73,0.656,0.419,4.393
0.132,-20.199,-21.477,0.0,-2.029,4.393
7.244,-20.199,-18.395,-3.097,-1.122,4.393
18.774,-19.507,-10.136,-4.3,-1.865,4.393
18.774,-15.38,0.0,0.691,-2.094,-1.561
17.106,-18.125,-8.513,3.936,1.504,-4.337
3.049,-19.394,-29.749,4.431,-2.45,-4.337
-20.451,-20.199,-30.119,-4.3,-4.354,-4.337
-18.817,-20.199,-7.001,-4.3,-4.354,4.041
3.53,-20.199,9.106,-4.3,-4.1,4.393
18.774,-20.199,9.106,-1.189,-0.927,4.393
18.774,-19.78,-1.936,3.023,0.92,-2.266
18.774,-20.199,1.019,-1.592,-1.893,-4.337
13.945,-20.199,6.074,-0.918,-0.76,-4.337
