-0.587,-10.311,-9.667,0.0,0.0,0.108
-0.436,-10.308,-9.435,0.0,0.0,0.0
-0.553,-10.399,-9.326,0.0,0.0,0.0
-0.609,-10.435,-9.444,0.0,0.0,0.0
-0.746,-10.369,-9.582,0.0,0.0,0.0
-0.688,-10.162,-9.836,0.0,0.0,0.0
-0.661,-10.145,-9.953,0.0,-0.126,0.0
-0.321,-9.967,-10.052,-0.21,-0.144,-0.177
-7.806,-12.625,-6.884,-0.281,0.0,-0.857
-19.033,-20.199,-6.217,0.119,-0.916,2.806
-15.043,-20.199,-9.3,0.932,-0.326,4.393
-10.845,-20.199,-16.195,1.581,-0.3,4.393
-4.849,-20.199,-17.545,0.122,-0.942,4.393
1.179,-20.199,-17.161,-1.571,-1.963,4.393
13.304,-19.308,-10.97,-2.009,-2.206,4.393
18.774,-11.842,-3.711,1.537,-4.354,1.281
18.774,-10.023,-9.393,1.499,2.918,-4.337
6.417,-7.584,-19.025,2.93,-1.625,-4.337
-6.605,-12.638,-29.359,-1.57,-2.605,-4.337
-20.451,-20.199,-13.123,-4.3,-3.326,-1.904
-14.419,-20.199,1.081,-4.3,-3.869,4.393
6.3,-20.199,7.299,-2.426,-1.963,4.393
18.774,-20.199,9.106,-0.701,-0.479,2.855
18.774,-20.199,2.472,2.655,0.357,-4.167
18.774,-20.199,4.803,-2.323,-4.197,-4.337
