-0.721,-10.316,-9.333,0.0,-0.137,-0.106
-0.946,-10.424,-9.589,0.0,0.33,0.0
-0.861,-10.332,-9.668,0.0,-0.102,0.0
-0.888,-10.062,-9.566,0.0,-0.18,0.0
-0.843,-10.569,-9.871,0.0,-0.234,0.0
-1.127,-10.558,-9.444,-0.127,-0.241,0.0
-0.433,-9.823,-9.33,0.0,0.132,0.355
0.59,-10.345,-10.117,0.0,-0.29,-0.313
-4.604,-11.325,-8.966,-0.232,0.427,-0.571
-17.612,-19.027,-1.565,-0.504,-0.523,1.991
-18.41,-20.199,-6.181,0.878,0.785,4.393
-13.481,-20.199,-16.648,1.487,-0.436,4.393
-7.18,-20.199,-21.911,0.827,-1.137,4.393
1.224,-20.199,-19.525,-1.46,-2.237,4.393
7.806,-19.088,-17.954,-3.579,-0.454,4.393
18.774,-17.34,-0.655,-4.3,-1.859,4.393
18.774,-13.722,6.597,2.975,-0.435,-2.235
16.796,-16.321,-8.995,4.431,0.542,-4.337
4.685,-17.374,-30.119,4.431,-1.342,-4.337
-20.451,-20.199,-30.119,-4.3,-4.354,-4.337
-19.991,-20.199,-8.631,-4.3,-3.266,3.016
0.0,-20.199,9.106,-4.3,-2.528,4.393
10.684,-20.199,7.809,-1.978,-2.277,4.393
18.774,-20.199,9.106,0.847,-0.381,0.0
18.774,-20.199,1.427,0.137,-1.385,-4.337
