-0.559,-10.35,-9.554,0.0,0.0,0.0
-0.582,-10.347,-9.602,0.0,0.0,0.0
-0.559,-10.345,-9.566,0.0,0.0,0.0
-0.641,-10.342,-9.608,0.0,0.0,0.0
-0.596,-10.307,-9.557,0.0,0.0,0.0
-0.555,-10.324,-9.632,0.0,0.0,0.0
-0.745,-10.315,-9.703,0.0,0.0,0.0
-0.642,-10.262,-9.759,0.0,-0.13,0.0
0.0,-10.849,-10.146,0.0,0.289,-0.504
-20.451,-18.027,-4.006,-1.164,-0.573,-0.16
-18.139,-20.199,-8.133,0.836,0.247,4.393
-12.641,-20.199,-17.139,0.857,0.353,4.393
-2.918,-20.199,-20.45,0.0,-0.95,4.393
3.472,-20.199,-17.562,-2.558,-1.139,4.393
14.338,-20.199,-10.029,-3.854,-0.88,4.393
18.774,-13.025,3.473,0.348,-4.354,-0.408
15.536,-7.094,-4.467,2.278,3.693,-4.337
11.556,-9.226,-20.328,4.431,-1.505,-4.337
-9.264,-17.302,-30.119,-0.93,-4.271,-4.337
-20.451,-20.199,-15.062,-4.3,-4.354,0.508
-3.827,-20.199,4.662,-4.3,-4.354,4.393
14.141,-20.199,7.312,-3.387,-3.699,4.393
18.774,-20.199,6.962,3.353,-0.384,-0.428
18.774,-20.199,0.213,0.682,-1.502,-4.337
18.774,-20.199,3.563,-0.789,0.0,-4.337
