-0.678,-10.265,-9.474,0.0,0.0,0.0
-0.802,-10.33,-9.778,0.0,0.0,-0.13
-0.913,-10.321,-9.909,0.0,0.0,0.0
-0.776,-10.284,-9.676,0.0,0.0,0.0
-0.875,-10.256,-9.736,0.0,0.0,0.0
-0.991,-10.368,-9.618,0.0,-0.101,0.0
-0.973,-10.383,-9.669,0.0,-0.212,0.0
-0.853,-10.259,-9.561,0.0,-0.418,0.0
-3.295,-10.903,-9.105,0.13,-0.43,-0.317
-20.451,-20.199,-2.166,-0.61,-1.151,1.834
-17.58,-20.199,-10.811,1.753,0.0,4.393
-9.561,-20.199,-19.586,1.601,0.421,4.393
-2.784,-20.199,-20.392,-1.096,-1.625,4.393
7.612,-20.199,-15.275,-2.684,-3.057,4.393
18.774,-15.008,-7.844,-2.139,-2.524,4.393
18.774,-10.153,-3.192,1.601,-2.466,-2.086
16.071,-15.43,-12.517,4.431,0.863,-4.337
-1.253,-14.981,-30.119,1.425,-4.137,-4.337
-20.451,-20.199,-16.495,-4.3,-4.354,-2.912
-7.311,-20.199,1.325,-4.3,-4.354,4.393
14.074,-20.199,7.719,-3.446,-2.941,4.393
18.774,-20.199,9.106,1.561,1.158,0.238
18.774,-20.199,-1.373,0.937,-0.355,-4.337
4.341,-20.199,1.869,1.609,1.77,-4.337
-20.451,-20.199,-23.878,4.431,4.377,-4.337
