0.142,-9.825,-12.099,0.0,0.0,0.0
0.0,-9.817,-12.214,0.0,0.0,0.0
0.0,-9.916,-12.073,0.0,0.0,0.0
0.0,-9.851,-12.231,0.0,0.0,0.0
-0.102,-9.848,-11.957,0.0,0.0,0.0
0.0,-9.89,-12.221,0.0,0.0,0.0
0.0,-9.756,-12.231,0.0,0.0,0.0
-0.771,-10.08,-11.95,0.0,-0.249,0.0
-4.721,-12.589,-9.409,0.241,-1.865,-0.678
-12.739,-19.613,-8.246,1.048,-1.281,0.207
-11.72,-19.929,-9.721,-0.187,4.207,4.357
-7.922,-19.929,-10.93,0.467,1.765,4.357
-5.98,-19.929,-16.875,-1.395,0.709,4.357
-2.294,-19.929,-15.037,-2.673,-1.466,4.357
12.191,-19.929,-10.219,-4.29,-1.685,4.357
18.454,-11.014,-18.752,2.173,1.502,-4.373
-5.367,-3.984,-14.092,1.299,1.896,-4.373
-7.584,1.823,-31.012,-1.688,2.147,-4.373
-20.771,-19.252,6.265,-4.29,-1.298,4.158
15.495,-8.586,8.213,-2.859,1.094,4.357
5.594,-1.537,2.13,-0.117,-2.407,-0.144
18.454,-5.6,-2.387,-2.18,-4.354,-1.894
18.454,-19.929,-1.295,-4.29,-4.354,-4.373
-11.558,-19.929,8.213,-4.29,3.207,-4.373
-14.076,-9.346,5.143,1.417,0.0,3.837
