-0.113,-10.003,-11.459,0.0,0.0,0.0
0.0,-9.999,-11.319,0.0,0.0,0.0
0.0,-9.967,-11.323,0.0,0.0,0.0
0.0,-9.947,-11.404,0.0,0.0,0.0
0.0,-9.997,-11.356,0.0,0.0,0.0
0.0,-9.967,-11.392,0.0,0.0,0.0
0.0,-9.995,-11.326,0.0,0.0,0.0
0.0,-9.941,-11.306,0.0,0.0,0.0
-1.354,-10.594,-10.708,0.134,-0.533,-0.181
-7.705,-15.818,-9.072,0.572,-2.622,-1.104
-14.965,-19.929,-8.151,0.0,0.809,4.357
-12.093,-19.929,-6.452,3.505,-0.616,4.357
2.06,-19.929,-16.084,4.44,-0.155,4.357
-2.019,-19.929,-14.89,3.494,4.37,4.357
18.454,-19.929,-0.506,0.467,-4.063,4.357
-6.85,-14.029,-17.475,0.36,4.376,-4.373
3.717,-0.203,-24.236,-2.609,-0.984,-4.373
-20.771,-12.483,-19.84,-4.29,2.067,-4.373
-11.736,-15.532,8.213,-4.29,-1.361,4.357
18.454,-8.094,8.213,-0.498,2.695,2.334
6.951,0.114,-3.408,-0.191,-4.354,2.412
18.454,-3.165,-5.433,-4.034,-4.354,-2.357
18.454,-19.929,-1.411,-4.29,-4.138,-4.373
-3.619,-19.929,1.571,-4.29,3.667,-4.373
-18.254,-8.662,3.681,-1.589,1.873,3.803
