0.311,-9.835,-11.86,0.0,0.133,0.0
0.182,-9.886,-11.707,0.0,0.0,0.0
0.282,-9.922,-11.475,0.0,0.114,0.0
0.24,-9.881,-11.541,0.0,0.0,0.0
0.252,-9.959,-11.692,0.0,0.0,0.0
0.0,-9.924,-11.477,0.0,0.0,0.0
0.0,-9.929,-11.558,0.0,-0.175,0.0
-1.402,-10.374,-10.383,0.0,-0.821,-0.225
-6.631,-13.956,-8.189,1.775,-2.743,-1.52
-10.491,-19.929,-6.722,0.915,-0.314,3.866
-10.895,-19.929,-8.661,2.04,3.653,4.357
-5.989,-19.929,-14.28,1.793,0.778,4.357
-6.75,-19.929,-16.171,1.381,0.0,4.357
18.454,-19.929,-11.765,-4.29,-3.49,4.357
18.454,-12.311,-23.008,2.35,4.376,-4.373
-0.405,-4.132,-16.081,-0.687,-0.453,-4.373
-8.475,-2.571,-26.897,-4.29,3.152,-4.373
-20.771,-11.981,-1.346,-4.29,0.0,3.981
2.656,-6.497,8.213,-2.336,2.096,4.357
-9.23,-0.497,3.503,1.23,-0.862,0.924
9.52,-0.387,-2.126,0.0,-4.354,0.858
13.589,-1.209,-1.906,-2.64,-4.354,-1.952
18.454,-15.609,-7.748,-4.29,-3.601,-4.373
-8.597,-19.929,4.381,-4.29,3.146,-4.373
-20.661,-9.444,5.287,-1.633,0.36,-0.463
