-0.875,-9.963,-11.808,0.0,0.0,0.0
-0.972,-9.947,-11.692,0.0,0.0,0.0
-0.755,-9.966,-11.848,0.0,0.0,0.0
-0.664,-9.916,-11.647,0.0,0.0,0.0
-0.599,-9.985,-11.653,0.0,0.0,0.0
-0.743,-9.916,-11.684,0.0,0.0,0.0
-0.813,-9.827,-11.894,0.0,0.0,0.0
-1.911,-10.142,-11.792,0.0,-0.169,0.0
-6.924,-14.224,-9.22,0.0,-2.207,-0.983
-14.209,-19.929,-9.017,0.396,1.522,3.582
-12.346,-19.929,-7.631,1.342,1.471,4.357
-7.388,-19.929,-14.501,2.396,2.489,4.357
-6.763,-19.929,-16.335,-1.271,2.522,4.357
-3.832,-19.929,-15.207,-4.29,0.697,4.357
-1.614,-19.929,-16.521,-4.29,-0.716,4.357
18.454,-17.694,-10.794,3.992,2.892,-4.373
4.194,-5.307,-7.563,-0.459,-3.567,-0.409
14.039,-17.713,-31.012,2.659,4.31,-4.373
-20.771,-19.929,-28.285,-4.29,0.641,-4.373
-2.574,-19.929,8.213,-4.29,-3.024,4.357
-1.444,-9.421,8.213,1.364,-4.354,2.46
18.454,-11.328,-3.961,-2.221,-4.354,-2.86
18.454,-19.929,-1.854,-4.29,-3.375,-4.373
-20.771,-19.929,3.178,-4.29,2.837,-4.373
-17.124,-10.567,7.759,0.891,0.74,4.357
