-0.213,-9.997,-11.44,0.0,0.0,0.0
-0.155,-9.979,-11.565,0.0,0.0,0.0
-0.138,-9.977,-11.432,0.0,0.0,0.0
-0.15,-9.991,-11.55,0.0,0.0,0.0
-0.227,-9.957,-11.589,0.0,0.0,0.0
-0.201,-9.953,-11.586,0.0,0.0,0.0
-0.149,-9.949,-11.569,0.0,0.0,0.0
-0.155,-9.856,-11.562,0.0,0.0,0.0
-0.762,-10.449,-11.483,0.133,-0.476,-0.222
-8.824,-15.675,-9.086,0.0,-1.234,-1.303
-14.574,-19.929,-5.783,0.902,1.864,4.357
-12.694,-19.929,-8.796,2.178,2.609,4.357
-5.313,-19.929,-14.044,1.471,2.289,4.357
-1.865,-19.929,-14.532,-1.961,-0.748,4.357
5.943,-19.929,-15.441,-1.719,-1.056,4.357
18.454,-19.738,-21.44,1.268,-0.23,-4.373
-11.087,-6.601,-18.988,-0.426,1.181,-4.373
-2.477,-2.131,-25.772,-4.29,1.427,-4.373
-20.771,-17.041,3.555,-4.29,-1.618,4.357
4.979,-9.286,8.213,-0.911,3.155,4.357
0.748,-1.111,1.278,0.535,-3.241,2.632
17.535,0.147,-2.835,-1.437,-4.354,0.306
18.216,-6.445,-1.774,-3.403,-3.768,-4.373
14.194,-19.929,-1.131,-4.29,-2.707,-4.373
-20.771,-18.064,8.213,-3.354,4.225,-4.373
