-0.719,-10.051,-11.066,0.0,0.0,0.0
-0.728,-10.087,-11.496,0.0,-0.126,0.0
-0.573,-10.002,-11.505,0.0,0.0,0.0
-0.691,-9.928,-11.701,0.0,0.0,0.0
-0.564,-10.054,-11.751,0.0,0.0,0.0
-0.713,-10.035,-11.322,0.0,0.0,0.0
-0.614,-9.957,-11.546,0.0,0.0,0.0
-0.614,-10.018,-11.417,0.0,-0.118,0.0
-3.917,-11.066,-10.272,0.16,-0.977,-0.418
-12.249,-18.018,-11.386,0.0,-1.501,-1.437
-15.788,-19.929,-11.554,-1.032,2.7,4.357
-8.438,-19.929,-12.234,1.454,-0.566,4.357
-4.876,-19.929,-18.368,0.515,0.709,4.357
-4.272,-19.929,-15.118,-2.929,0.783,4.357
-3.053,-19.929,-13.845,-4.225,-1.758,4.357
18.454,-18.63,-11.911,3.612,1.104,-4.373
2.514,-6.045,-8.942,-0.62,-3.278,0.546
18.454,-19.929,-27.848,1.653,3.186,-4.373
-20.771,-19.929,-31.012,-4.29,0.775,-4.373
-20.771,-19.929,7.38,-4.29,-3.813,4.357
8.108,-11.568,8.213,0.279,0.0,0.532
18.454,-7.63,-2.02,-0.799,-4.354,0.327
14.074,-17.493,5.555,-2.489,-3.45,-4.373
18.454,-19.929,1.495,-4.29,2.934,-4.373
-20.771,-19.929,-6.531,-4.274,1.188,-4.373
