-0.941,-10.011,-11.536,0.0,0.0,0.0
-0.936,-10.007,-11.413,0.0,0.0,0.0
-0.956,-9.99,-11.504,0.0,0.0,0.0
-0.911,-9.947,-11.449,0.0,0.0,0.0
-0.948,-10.022,-11.427,0.0,0.0,0.0
-0.845,-10.012,-11.421,0.0,0.146,0.0
-0.992,-9.98,-11.427,0.0,0.114,0.0
-0.501,-9.702,-11.628,0.0,-0.129,-0.13
-4.129,-11.223,-9.381,0.156,-1.486,-0.719
-12.625,-14.947,-5.54,2.308,-1.958,1.023
-13.754,-19.929,-6.598,1.654,4.376,4.357
-17.773,-19.929,-10.678,-0.536,4.376,4.357
-9.161,-19.929,-12.132,-3.451,1.635,4.357
-3.353,-19.929,-12.685,-4.276,0.0,4.357
-2.401,-19.929,-10.925,-4.27,-0.323,4.357
18.454,-19.929,-3.533,1.079,-4.354,4.357
-12.849,-6.515,-10.46,0.761,0.596,-4.373
18.454,-13.97,-19.715,-1.449,-0.266,-4.373
-20.771,-13.485,-31.012,-4.29,1.473,-4.373
-20.771,-14.165,0.585,-4.29,-1.802,4.357
1.852,-10.451,8.213,-1.954,0.864,4.357
-1.212,-3.944,0.653,1.021,-4.354,2.526
15.438,-4.572,-2.955,-1.458,-4.016,-0.517
18.454,-10.752,-8.271,-4.29,-4.354,-4.08
7.291,-19.929,6.208,-4.29,1.192,-4.373
