0.418,-9.799,-11.902,0.0,-0.132,0.0
0.56,-9.968,-11.848,0.0,-0.104,0.0
0.343,-9.803,-11.799,0.0,0.0,0.0
0.231,-9.953,-11.577,0.0,0.0,0.0
0.398,-9.887,-11.801,0.0,0.0,0.0
0.239,-9.833,-11.783,0.0,0.0,0.0
0.239,-9.865,-11.824,0.0,0.0,0.0
0.0,-9.852,-11.918,0.0,0.0,0.0
-1.835,-10.937,-11.056,0.348,-0.743,-0.107
-9.319,-14.988,-7.86,1.001,-1.441,-0.514
-12.313,-19.929,-9.763,0.237,4.171,4.357
-13.026,-19.929,-10.19,0.335,2.201,4.357
-7.829,-19.929,-15.679,-1.126,2.925,4.357
-7.142,-19.929,-17.574,-4.29,0.833,4.357
3.94,-19.929,-14.202,-4.29,-1.782,4.357
18.454,-19.929,8.213,-1.074,0.728,-0.705
2.106,-3.425,-15.577,1.032,-0.123,-2.241
4.886,1.275,-27.878,1.837,3.014,-4.373
-20.771,-8.686,-1.75,-4.29,3.214,-1.307
17.845,-12.341,8.213,-3.726,1.49,4.357
10.928,-4.02,0.676,-1.126,-4.354,0.0
18.454,-8.236,5.973,-2.475,-4.354,-4.373
17.816,-19.929,-3.562,-4.29,-1.693,-4.373
-20.613,-19.929,-1.163,-4.29,4.376,-4.373
0.656,-15.517,3.418,2.889,-3.22,4.357
