-0.364,-9.877,-12.059,0.0,0.0,0.0
-0.286,-9.91,-11.985,0.0,0.0,0.0
-0.315,-9.944,-11.931,0.0,0.0,0.0
-0.336,-9.954,-12.059,0.0,0.0,0.0
-0.107,-9.888,-12.02,0.0,0.0,0.0
-0.292,-9.854,-11.999,0.0,0.0,0.0
-0.336,-9.833,-11.864,0.0,0.0,0.0
-1.48,-9.998,-11.593,0.0,-0.51,-0.25
-6.765,-14.438,-9.812,0.605,-1.387,-1.169
-13.191,-19.929,-11.111,0.0,1.363,3.016
-9.699,-19.929,-9.947,0.531,1.708,4.357
-7.585,-19.929,-14.427,1.61,0.502,4.357
-3.703,-19.929,-15.692,-0.127,-0.292,4.357
-1.752,-19.929,-12.811,-0.789,-0.684,4.357
18.454,-19.929,-2.112,-0.601,-4.354,4.357
13.628,-14.441,-23.71,-0.594,4.376,-4.373
-1.438,-6.025,-16.667,0.0,0.461,-4.373
-12.287,-0.438,-31.012,-4.29,2.746,-4.373
-20.771,-13.464,-2.025,-4.29,1.975,3.272
6.485,-11.229,8.213,-3.575,-0.255,4.357
-2.032,-1.773,2.431,0.793,-2.282,0.38
10.664,1.014,-3.543,-0.553,-4.354,0.443
18.454,-2.295,-4.226,-3.356,-4.354,-2.425
15.858,-19.929,-2.011,-4.29,-1.607,-4.373
-10.275,-19.929,0.743,-4.29,2.652,-4.373
