0.0,-10.058,-11.84,0.0,0.0,0.0
0.0,-9.797,-11.838,0.0,0.0,0.0
0.0,-9.922,-11.986,0.0,0.0,0.0
-0.14,-9.899,-12.038,0.0,0.312,0.0
-0.38,-9.893,-11.829,0.0,0.188,0.0
-0.397,-9.975,-11.909,0.0,0.0,0.0
-0.14,-9.813,-11.751,0.0,0.0,0.0
-1.127,-9.92,-11.471,0.0,-0.298,0.0
-4.9,-13.6,-9.157,0.341,-1.798,-1.084
-12.034,-17.814,-12.322,0.544,0.937,1.969
-13.431,-19.929,-9.391,-1.184,1.634,4.357
-7.698,-19.929,-14.598,1.315,0.778,4.357
-5.397,-19.929,-16.824,-0.384,-0.166,4.357
-1.871,-19.929,-14.635,-1.397,-1.395,4.357
7.771,-19.929,-14.092,-0.486,-2.199,4.357
18.454,-19.929,-17.6,2.273,-4.186,3.437
-1.591,-12.723,-10.269,0.143,4.376,-4.373
6.898,-4.395,-25.588,3.055,0.109,-4.373
-20.771,-17.433,-31.012,-4.29,0.888,-4.373
-17.634,-19.929,8.213,-4.29,-2.788,4.357
18.454,-16.063,8.213,1.836,-0.517,0.504
9.026,-2.501,-5.002,1.566,-4.354,0.823
18.043,-5.329,-4.908,-4.256,-4.354,-2.76
18.454,-19.929,-1.862,-4.29,0.0,-4.373
-17.337,-19.929,1.053,-4.29,4.221,-4.373
