-0.861,-10.06,-11.283,0.0,0.0,0.0
-0.679,-10.024,-11.341,0.0,0.0,0.0
-0.723,-10.01,-11.184,0.0,0.0,0.0
-0.808,-10.026,-11.208,0.0,0.0,0.0
-0.731,-10.007,-11.219,0.0,0.0,0.0
-0.717,-10.027,-11.274,0.0,0.0,0.0
-0.782,-10.027,-11.166,0.0,0.0,0.0
-0.711,-9.91,-11.288,0.0,0.0,0.0
-2.529,-11.028,-10.821,0.0,-0.561,-0.299
-14.375,-17.104,-9.096,0.0,0.914,-0.674
-17.284,-19.929,-10.591,-0.684,3.094,4.357
-12.99,-19.929,-11.615,1.644,0.264,4.357
-3.599,-19.929,-16.315,-3.786,4.376,4.357
-4.103,-19.929,-14.05,-4.29,-0.151,4.357
18.454,-19.929,8.213,-4.29,-4.043,4.357
-20.771,-2.327,-11.394,2.132,0.982,-3.371
18.454,-11.909,-6.752,2.145,-3.218,-1.713
5.295,-15.305,-28.313,4.234,1.237,-4.373
-20.771,-19.929,-31.012,-4.29,-2.659,-4.373
-20.771,-19.929,3.227,-4.29,-4.156,4.357
18.454,-19.929,8.213,-4.29,1.098,4.336
8.71,-9.607,0.0,2.946,-4.354,-0.841
18.454,-14.237,8.213,-2.925,-4.354,-4.358
18.454,-19.929,0.96,-4.29,-1.092,-4.373
-20.771,-19.929,8.213,-4.29,-1.307,-4.373
