0.0,-9.887,-12.046,0.0,0.0,0.0
-0.591,-9.834,-11.919,0.0,0.0,0.0
-1.727,-10.283,-11.824,0.0,-0.231,-0.124
-9.758,-16.175,-8.683,0.725,-1.481,-1.528
-12.071,-19.929,-10.04,-0.151,1.859,4.357
-10.88,-19.929,-8.86,0.969,0.499,4.357
-8.6,-19.929,-14.064,1.813,0.617,4.357
-7.139,-19.929,-14.702,-0.992,0.562,4.357
-0.917,-19.929,-16.286,-0.337,-2.26,4.357
18.454,-19.929,-26.188,3.946,-4.354,4.357
-0.726,-17.458,-22.353,0.228,4.376,-4.373
-4.488,0.183,-31.012,-2.874,-1.851,-4.373
-20.771,-19.929,3.09,-4.29,2.667,-0.331
-1.454,-16.54,8.213,-2.968,1.404,4.357
-6.218,-0.242,6.083,1.786,-0.663,0.0
18.454,-3.43,-1.884,-1.689,-4.354,-2.567
18.454,-19.929,0.408,-4.29,-4.354,-4.373
-1.379,-19.929,8.213,-4.29,0.466,-4.373
-20.771,-3.767,-0.44,-2.675,4.376,-4.373
3.652,-11.07,-0.222,3.002,-4.177,4.037
-2.778,-5.777,-6.613,-0.86,4.376,1.831
-0.725,-5.55,1.543,-2.128,1.368,2.173
1.049,-0.571,-4.836,-1.876,2.751,0.0
-5.342,-3.995,-2.351,-3.309,3.385,-1.822
-8.008,-7.427,-1.334,-2.649,2.401,-3.057
