-1.516,-9.917,-11.817,0.0,-0.209,0.0
-1.166,-9.924,-11.833,0.0,-0.138,0.0
-1.275,-9.902,-11.804,0.0,0.0,0.0
-1.205,-9.95,-11.708,0.0,0.0,0.0
-1.504,-9.954,-11.706,0.0,0.0,0.0
-1.381,-10.075,-11.637,0.0,0.0,0.0
-1.725,-9.883,-11.694,0.241,0.0,0.0
-1.982,-9.89,-11.473,0.0,-0.249,0.0
-3.382,-11.454,-10.232,0.154,-0.845,-0.416
-10.969,-15.207,-9.091,-0.185,0.547,-0.567
-15.723,-19.929,-10.793,-0.845,4.376,4.357
-10.706,-19.929,-13.344,-0.117,1.752,4.357
-5.933,-19.929,-17.513,-0.97,-0.378,4.357
0.244,-19.929,-12.969,-3.385,-1.143,4.357
18.454,-19.929,-6.669,-0.278,-4.354,4.357
-14.989,-10.257,-17.669,0.982,4.376,-4.373
16.425,-3.686,-19.636,-1.771,0.83,-4.373
-20.771,2.384,-31.012,-4.29,2.487,-4.373
-20.771,-9.299,6.531,-4.29,-1.384,4.357
1.479,-5.58,8.213,-2.433,2.221,3.437
-0.723,-0.651,1.157,-0.973,-4.354,2.273
18.454,-0.529,-8.166,-1.473,-4.354,-0.116
18.454,-8.065,-6.594,-4.29,-4.354,-3.072
10.194,-19.929,7.928,-4.29,2.847,-4.373
-20.771,-14.584,5.051,-4.29,3.82,-4.373
