0.0,-9.916,-11.948,0.0,0.0,0.0
0.0,-9.893,-11.796,0.0,0.107,0.0
-0.185,-9.939,-11.96,0.0,0.0,0.0
0.134,-9.809,-12.181,0.0,0.0,0.0
-0.23,-9.87,-12.139,0.0,0.0,0.0
0.0,-9.967,-11.893,0.0,0.112,0.0
-0.205,-9.928,-11.654,0.0,0.0,0.0
-0.29,-9.609,-11.725,0.0,-0.242,0.0
-4.978,-11.666,-8.872,0.469,-2.508,-0.379
-10.4,-15.902,-8.489,2.323,-3.389,0.0
-10.92,-19.929,-6.697,0.853,4.376,4.307
-13.872,-19.929,-6.624,1.34,1.912,4.357
-7.297,-19.929,-14.622,0.996,2.6,4.357
-4.771,-19.929,-11.646,-2.086,1.333,4.357
-0.301,-19.929,-11.839,-3.101,0.106,4.357
3.928,-19.929,-13.632,-3.289,-3.711,4.357
18.454,-11.735,-16.609,1.041,1.568,-4.373
2.124,-5.736,-13.073,1.017,-1.167,-3.724
4.803,-5.513,-29.805,-1.516,3.321,-4.373
-20.771,-19.929,8.066,-4.29,0.924,-2.203
-1.06,-13.882,8.213,-3.735,0.33,4.357
-1.211,-3.494,0.238,2.021,-3.003,0.998
9.845,-1.66,-1.902,-0.38,-2.306,2.637
18.454,-6.589,-9.793,-3.44,-4.354,-1.4
18.454,-19.929,-4.115,-4.29,-3.243,-4.373
