-0.581,-10.052,-11.586,0.0,0.0,0.0
-0.941,-9.905,-11.579,0.0,0.0,0.0
-0.686,-9.971,-11.81,0.0,0.0,0.0
-0.721,-9.932,-11.781,0.0,0.0,0.0
-0.722,-10.121,-11.507,0.0,0.0,0.0
-0.818,-10.009,-11.47,0.0,0.0,0.0
-0.689,-9.986,-11.374,0.0,0.0,0.0
-0.763,-9.911,-11.474,0.0,0.0,0.0
-2.28,-10.416,-11.02,0.0,-0.853,-0.21
-11.719,-16.339,-8.227,0.797,-1.812,-0.622
-15.46,-19.929,-10.176,0.647,4.345,4.357
-15.638,-19.929,-10.19,-0.782,0.396,4.357
-5.768,-19.929,-14.318,1.285,-0.748,4.357
-3.318,-19.929,-14.662,0.0,0.9,4.357
-5.019,-19.929,-15.796,-3.031,0.38,4.357
18.454,-16.227,-15.869,2.675,4.376,-4.373
10.354,-8.478,-5.821,-0.765,-3.463,-0.945
12.325,-19.929,-28.815,2.546,4.376,-4.373
-20.771,-19.929,-31.012,-4.29,-3.133,-4.373
-20.771,-19.929,8.022,-4.29,-4.275,4.357
2.267,-9.457,8.213,2.499,-1.419,-0.881
11.529,-3.46,-2.964,-0.735,-4.354,0.161
18.454,-12.356,0.398,-4.287,-4.354,-4.373
18.454,-19.929,-0.921,-4.29,1.774,-4.373
-20.771,-19.929,3.539,-4.29,1.804,-4.373
