-0.519,-9.889,-11.963,0.0,0.0,0.0
-0.419,-9.878,-11.997,0.0,0.136,0.0
-0.601,-9.999,-11.832,0.0,0.0,0.0
-0.201,-9.857,-11.863,0.0,0.105,0.0
-0.444,-9.979,-11.859,0.0,0.0,0.0
-0.552,-9.968,-11.696,0.0,0.0,0.0
-0.399,-9.93,-11.856,0.0,0.0,0.0
-0.822,-9.933,-11.635,0.0,0.0,0.0
-3.125,-12.145,-9.831,0.0,-0.621,-0.543
-13.113,-16.783,-6.818,0.155,1.391,0.436
-12.019,-19.929,-9.321,0.0,3.301,4.357
-9.34,-19.929,-12.654,1.888,0.258,4.357
-6.216,-19.929,-15.601,-0.932,1.743,4.357
-8.658,-19.929,-16.522,-2.577,0.927,4.357
12.113,-19.929,-10.836,-4.29,-2.757,4.357
18.454,-11.627,-19.806,2.732,2.945,-4.373
8.195,-6.7,-14.686,-1.03,-1.642,-2.706
-4.636,-9.11,-31.012,-1.508,3.999,-4.373
-20.771,-16.203,0.865,-4.29,1.64,3.936
4.548,-15.648,8.213,-3.397,0.386,4.357
1.851,-3.285,3.975,0.496,-3.487,1.53
18.454,-4.26,-8.678,-1.489,-4.354,-1.025
18.454,-19.213,-3.597,-4.29,-4.354,-4.373
-7.826,-19.929,5.238,-4.29,4.376,-4.373
-20.771,-8.59,3.381,-2.831,4.073,1.737
