-0.301,-9.95,-11.924,0.0,0.0,0.0
-0.289,-9.978,-11.826,0.0,0.0,0.0
-0.288,-9.895,-11.763,0.0,0.0,0.0
-0.272,-9.926,-11.751,0.0,0.0,0.0
-0.289,-9.965,-11.654,0.0,0.0,0.0
-0.116,-9.936,-11.748,0.0,0.0,0.0
-0.112,-10.011,-11.768,0.0,0.0,0.0
-0.623,-9.808,-11.572,0.0,-0.132,0.0
-4.203,-12.464,-9.423,0.0,-1.283,-0.593
-14.173,-18.11,-7.104,0.324,-0.501,1.159
-12.989,-19.929,-6.576,2.191,1.177,4.357
-11.325,-19.929,-10.528,2.492,2.489,4.357
-7.719,-19.929,-13.621,0.161,2.105,4.357
-3.059,-19.929,-12.19,-2.936,1.33,4.357
4.337,-19.929,-9.737,-2.033,-0.538,4.357
18.454,-19.929,1.999,0.648,-4.354,4.357
-7.476,-10.797,-9.481,1.332,2.945,-4.373
11.864,-8.752,-26.161,0.352,0.0,-4.373
-20.771,-13.561,-22.732,-4.29,1.3,-4.373
-20.596,-16.787,8.213,-4.29,-2.249,4.357
18.454,-17.316,8.213,0.488,-2.297,4.357
1.136,-0.536,-4.256,0.0,-3.122,2.667
18.454,-4.219,-7.57,-1.619,-4.354,-0.72
18.454,-19.199,-8.252,-4.29,-4.354,-4.373
-1.135,-19.929,8.213,-4.29,3.775,-4.373
