-0.449,-10.038,-11.439,0.0,0.0,0.0
-0.334,-9.987,-11.536,0.0,0.0,0.0
-0.376,-9.963,-11.628,0.0,0.0,0.0
-0.432,-9.974,-11.471,0.0,0.0,0.0
-0.288,-9.957,-11.54,0.0,0.0,0.0
-0.328,-9.993,-11.524,0.0,0.0,0.0
0.0,-10.03,-11.625,0.213,0.0,0.0
-1.196,-10.077,-10.985,0.0,-0.218,-0.108
-5.897,-12.259,-11.605,0.394,-0.718,-0.15
-16.963,-18.495,-11.796,0.375,4.376,4.086
-18.832,-19.929,-10.305,-1.027,2.416,4.357
-11.197,-19.929,-13.836,-2.116,1.592,4.357
-6.496,-19.929,-17.689,-3.723,0.479,4.357
-2.774,-19.929,-16.399,-4.29,1.131,4.357
-3.924,-19.929,-10.279,-4.29,-1.136,4.357
18.454,-17.342,-12.901,3.999,-0.328,-4.321
-3.223,-4.907,-10.406,-0.493,-3.262,0.11
17.852,-9.69,-22.603,1.45,2.629,-4.373
-20.771,0.575,-30.828,-4.29,1.424,-4.373
-20.771,-10.446,3.976,-4.29,2.441,3.218
18.454,-19.929,8.213,1.506,4.301,1.628
-9.289,1.184,-9.238,-0.787,-4.354,3.924
13.142,-0.314,-1.733,-1.215,-4.354,1.59
18.454,-10.943,-4.412,-4.29,-4.354,-3.714
18.454,-19.929,1.2,-4.29,-3.132,-4.373
