-0.368,-10.004,-11.86,0.0,0.0,0.0
-0.4,-9.906,-11.702,0.0,0.0,0.0
-0.382,-9.974,-11.601,0.0,0.0,0.0
-0.328,-9.929,-11.61,0.0,0.0,0.0
-0.271,-9.979,-11.53,0.0,0.0,0.0
-0.307,-9.992,-11.493,0.0,0.0,0.0
-0.466,-9.884,-11.579,0.0,0.0,0.0
-1.08,-10.179,-11.9,0.0,-0.282,0.0
-7.116,-13.619,-8.601,0.0,-1.78,-0.429
-12.983,-19.929,-4.839,1.853,-1.412,2.512
-10.813,-19.929,-6.105,2.662,3.655,4.357
-10.293,-19.929,-11.085,1.18,4.275,4.357
-6.422,-19.929,-14.288,-2.745,2.583,4.357
-2.022,-19.929,-12.303,-3.931,0.126,4.357
3.492,-19.929,-9.567,-3.686,-0.857,4.357
18.454,-16.369,-6.758,2.136,1.771,-3.594
3.355,-6.038,-9.974,1.074,-1.664,-2.842
7.272,-8.365,-31.012,1.621,2.85,-4.373
-20.771,-14.953,-2.012,-4.29,4.068,-2.101
2.839,-14.776,8.213,-4.29,-0.476,4.357
-10.639,-1.117,-4.892,0.77,-1.946,1.333
16.664,-2.297,-1.177,-1.525,-4.354,1.894
18.454,-9.452,-2.211,-4.29,-4.354,-3.403
18.454,-19.929,-5.203,-4.29,-3.974,-4.373
-9.708,-19.929,4.305,-4.29,4.225,-4.373
