-0.388,-10.161,-12.289,0.0,-0.309,0.0
0.573,-9.635,-12.552,0.357,-0.336,0.0
0.242,-10.009,-11.499,0.0,0.0,0.0
0.0,-10.032,-11.98,0.0,-0.171,0.0
0.164,-9.779,-11.914,0.127,-0.252,0.0
0.698,-9.747,-12.056,0.0,0.0,0.0
0.152,-9.864,-11.841,0.0,0.0,0.0
0.0,-9.943,-11.688,0.0,0.0,0.0
-1.922,-11.456,-10.582,0.36,-0.968,-0.182
-9.454,-19.784,-9.919,0.547,-1.58,-1.429
-14.527,-19.929,-14.489,-2.799,4.376,4.357
-8.919,-19.929,-15.234,1.883,-1.489,4.357
-7.566,-19.929,-21.467,1.815,-1.339,4.357
1.57,-19.929,-17.961,-2.915,0.148,4.357
18.454,-19.929,-14.933,3.011,-3.406,4.186
0.485,-7.707,-4.981,0.435,1.773,-4.373
11.848,-7.506,-26.994,2.233,-0.272,-4.373
-20.771,-11.125,-31.012,-4.29,-1.714,-4.373
-20.771,-15.986,-1.034,-4.29,-1.315,4.357
0.71,-11.583,8.213,-3.383,0.0,4.357
-3.309,-3.03,0.169,1.353,-0.778,1.51
2.638,-1.988,-0.256,-0.133,-1.93,2.661
14.847,-2.915,-2.404,-1.034,-4.147,1.4
15.563,-6.651,-1.732,-3.37,-2.387,-3.017
18.454,-18.393,-3.428,-4.29,-4.354,-4.373
