-0.676,-10.012,-11.658,0.0,0.0,0.0
-0.993,-10.008,-11.439,0.0,0.0,0.0
-0.928,-9.969,-11.564,0.0,-0.108,0.0
-0.689,-9.96,-11.544,0.0,0.0,0.0
-0.641,-9.975,-11.609,0.0,0.0,0.0
-0.725,-9.974,-11.662,0.0,0.0,0.0
-0.907,-9.967,-11.711,0.118,-0.111,0.0
-1.587,-10.102,-11.7,0.115,-0.289,0.0
-6.086,-13.13,-8.619,0.502,-1.551,-0.731
-14.647,-18.747,-10.749,-1.023,2.709,1.666
-15.863,-19.929,-7.795,-2.198,2.815,4.357
-6.09,-19.929,-15.496,0.331,0.68,4.357
-2.812,-19.929,-16.651,-1.723,-0.984,4.357
-4.813,-19.929,-17.017,-2.239,0.85,4.357
18.454,-19.929,-1.69,-0.276,-4.354,4.357
-9.754,-6.94,-13.4,0.0,4.004,-4.373
16.744,-2.242,-19.411,0.0,-0.249,-4.373
-20.771,-0.438,-31.012,-4.29,-0.109,-4.373
-20.771,-14.151,2.934,-4.29,-0.82,4.357
7.727,-11.289,8.213,-1.933,1.472,4.357
-1.64,-2.266,-0.652,-0.335,-4.354,2.064
18.454,-4.292,-7.496,-2.407,-4.354,-0.941
18.454,-19.929,-1.142,-4.29,-2.548,-4.373
-1.434,-19.929,5.34,-3.748,3.309,-4.373
-20.771,-14.438,-2.055,-3.525,3.365,-4.373
