-0.52,-9.948,-11.971,0.0,0.0,0.0
-0.608,-9.937,-11.658,0.0,0.0,0.0
-0.766,-9.908,-11.695,0.0,0.0,0.0
-0.611,-9.933,-11.865,0.0,0.0,0.0
-0.732,-9.975,-11.718,0.0,0.0,0.0
-0.625,-9.961,-11.792,0.0,0.0,0.0
-0.552,-9.888,-11.766,0.0,0.156,0.0
-1.668,-10.24,-11.705,0.0,-0.139,0.0
-6.516,-14.417,-9.719,0.11,-0.164,-0.989
-15.342,-19.929,-12.078,0.185,4.376,3.675
-15.687,-19.929,-12.358,-2.795,2.107,4.357
-5.137,-19.929,-19.588,-1.769,0.905,4.357
-3.838,-19.929,-25.28,-4.29,0.0,4.357
13.676,-19.929,-14.774,-4.29,3.793,4.357
1.757,-19.929,3.895,4.44,-1.025,3.933
6.449,-1.245,0.266,0.782,0.859,-1.028
13.544,-0.547,-7.817,4.44,4.376,-0.228
-19.766,8.121,-31.012,-0.158,-4.354,-4.373
-20.771,-19.15,-2.871,-4.29,-1.768,4.357
18.454,-17.32,8.213,0.289,-1.516,4.357
-2.477,0.334,-3.014,0.72,-1.826,1.027
17.188,-1.155,-3.065,-1.675,-4.354,-0.316
18.454,-9.688,-2.061,-4.29,-4.354,-4.19
9.565,-19.929,5.893,-4.29,3.472,-4.373
-20.771,-14.117,7.625,-3.502,4.15,-4.373
