0.0,-9.983,-11.145,-0.1,0.343,0.0
0.0,-9.975,-11.195,0.16,0.283,0.0
0.335,-9.543,-10.934,0.0,0.0,0.0
0.0,-10.151,-10.886,0.0,0.229,0.0
-1.011,-10.39,-11.125,0.0,0.0,0.0
0.264,-9.953,-11.013,0.106,-0.128,0.0
0.506,-9.951,-11.27,0.0,0.0,0.0
0.0,-9.754,-10.711,0.0,0.0,0.0
-1.903,-10.584,-10.289,-0.153,-0.257,-0.189
-15.676,-19.617,-9.129,1.404,1.017,1.009
-20.771,-19.929,-12.641,-3.11,4.376,4.357
-7.754,-19.929,-15.397,-1.025,-1.05,4.357
-4.857,-19.929,-18.058,-1.427,-0.744,4.357
2.42,-19.929,-13.615,-3.278,-1.8,4.357
18.454,-19.929,1.838,0.599,-2.965,4.357
-8.239,-6.039,-3.541,1.915,1.204,-2.758
18.454,-13.543,-30.32,4.44,1.095,-4.373
-20.771,-19.929,-31.012,-4.29,1.965,-4.373
-20.771,-19.733,6.825,-4.29,-1.565,4.357
-12.951,0.509,5.588,0.423,-2.331,0.741
17.323,-4.357,-0.853,-2.138,-4.354,0.0
18.454,-17.363,8.213,-4.29,-3.95,-4.373
10.1,-19.929,0.377,-4.29,0.0,-4.373
-20.771,-19.441,8.213,-4.29,3.022,-4.373
8.461,-6.916,-13.421,4.44,-4.354,3.379
