-0.513,-9.93,-12.029,0.0,0.0,0.0
-0.338,-9.956,-11.96,0.0,0.0,0.0
-0.665,-9.937,-11.907,0.0,0.0,0.0
-0.582,-9.936,-11.802,0.0,0.0,0.0
-0.823,-9.951,-11.751,0.0,0.0,0.0
-0.611,-9.93,-11.771,0.0,0.0,0.0
-0.727,-9.914,-11.707,0.0,0.0,0.0
-1.348,-9.796,-11.749,0.0,-0.354,0.0
-6.131,-14.869,-9.27,0.0,-1.838,-1.129
-15.828,-19.929,-11.483,0.693,1.563,3.129
-12.245,-19.929,-11.244,-0.253,2.318,4.357
-5.434,-19.929,-14.914,1.158,0.509,4.357
-6.437,-19.929,-18.212,-0.988,1.18,4.357
-0.819,-19.929,-12.452,-3.953,-1.617,4.357
18.454,-19.929,-12.604,3.703,-4.354,4.357
-0.592,-16.433,-15.194,-1.074,4.376,-4.373
5.009,-4.922,-28.558,0.959,-2.637,-4.373
-20.771,-19.929,-13.673,-4.29,2.152,-3.99
-8.734,-19.929,8.213,-4.29,-3.968,4.357
13.385,-9.186,8.213,2.612,1.007,-0.726
9.214,-0.33,-5.257,-0.258,-4.354,2.173
17.023,-1.855,-5.718,-3.209,-4.354,-1.997
18.454,-16.97,-2.385,-4.29,-3.379,-4.373
4.174,-19.929,5.942,-4.29,0.935,-4.373
-20.771,-5.57,4.762,-1.87,2.304,-2.34
