-0.946,-10.236,-9.332,-0.357,-1.388,0.401
-0.909,-8.785,-9.633,0.0,-0.557,0.451
-0.227,-8.57,-10.084,0.205,0.278,0.31
-0.984,-8.537,-10.715,0.0,0.128,-0.604
-2.235,-9.8,-10.323,-0.317,-0.528,-0.992
-2.799,-9.987,-10.291,-0.255,-0.682,-0.56
-2.48,-10.017,-10.097,-0.204,-0.242,0.0
-2.671,-9.392,-9.487,-0.196,0.0,0.312
-7.381,-12.433,-4.337,-0.582,0.595,0.89
-13.35,-15.709,-4.631,1.714,1.78,2.668
-17.606,-19.435,-11.034,2.505,-0.445,4.393
-16.255,-19.435,-13.504,1.402,-0.963,4.393
-8.971,-19.435,-13.527,0.74,-1.086,4.393
-5.535,-16.398,-11.604,0.215,-0.411,4.393
3.66,-14.692,-11.112,-0.335,0.139,4.393
10.45,-13.623,-8.518,-2.22,-1.483,4.393
19.37,-9.579,1.39,2.9,-3.745,0.526
16.154,-7.692,-13.371,1.426,-0.902,-4.337
-4.766,-8.417,-20.919,2.781,0.0,-4.337
-9.969,-8.707,-22.089,-4.299,-1.061,-4.337
-14.447,-8.959,-12.452,-4.299,-0.95,-3.333
-19.855,-19.435,4.631,-4.299,-1.26,-0.613
-2.209,-16.252,9.176,-4.181,-3.408,2.254
9.951,-9.63,9.176,-0.263,-2.655,-0.284
7.396,-8.573,2.722,1.144,-1.318,-3.906
