-1.986,-9.633,-10.175,0.277,0.178,0.272
-1.937,-9.395,-10.62,0.176,0.174,0.267
-1.562,-9.348,-10.542,0.0,0.298,0.338
-1.163,-9.202,-10.308,0.0,0.119,0.31
-1.086,-9.04,-10.021,-0.132,0.0,0.0
-1.357,-9.258,-9.88,-0.138,0.0,-0.24
-1.792,-9.332,-9.627,-0.158,0.0,-0.373
-3.33,-10.042,-8.306,-0.359,0.346,-0.266
-4.566,-10.804,-6.925,0.0,1.141,0.512
-11.095,-13.18,-6.736,1.051,1.729,1.402
-14.023,-16.733,-7.537,1.515,0.275,3.224
-14.858,-19.435,-9.916,2.708,0.162,4.393
-16.395,-19.435,-13.229,1.192,0.122,4.393
-9.204,-19.435,-12.279,0.495,-0.525,4.393
0.0,-17.701,-10.283,0.155,0.168,4.393
4.674,-16.247,-10.077,-1.086,-0.417,4.393
19.37,-16.856,6.502,0.528,0.0,4.393
19.37,-8.384,-5.628,2.022,-2.323,-3.705
6.07,-10.106,-12.198,3.448,1.204,-4.337
-4.059,-6.76,-30.049,3.119,-0.71,-4.337
-19.855,-10.939,-17.307,-4.299,0.939,-4.337
-19.855,-7.291,-7.434,-4.299,1.337,-1.119
-5.809,-13.38,9.176,-4.299,-2.921,1.657
8.24,-6.158,9.176,-1.824,-1.434,-0.261
3.668,-5.907,7.286,-0.131,-1.963,-3.567
