-2.083,-9.505,-10.271,0.0,-0.268,0.187
-1.973,-9.089,-10.43,0.0,-0.379,0.28
-1.949,-9.612,-9.739,-0.261,-0.876,0.0
-1.802,-9.31,-9.842,-0.202,-0.885,0.0
-1.658,-8.977,-9.521,0.368,-0.406,0.258
-1.486,-9.067,-10.976,0.243,0.0,0.0
-2.681,-9.208,-10.684,-0.289,-0.128,-0.217
-3.407,-9.5,-9.195,-0.422,-0.569,0.0
-6.88,-10.865,-5.663,-0.273,0.342,0.25
-14.874,-14.205,-2.133,1.374,0.0,1.921
-18.198,-19.435,-7.497,3.378,-0.682,4.333
-17.013,-19.435,-10.922,2.314,0.118,4.393
-13.891,-19.435,-11.597,1.56,-0.921,4.393
-6.048,-19.435,-10.803,1.2,-0.467,4.393
4.015,-17.209,-12.131,0.95,-1.023,4.393
9.317,-14.407,-14.93,-0.736,-1.995,4.393
19.37,-7.027,-15.837,0.453,-1.688,2.098
14.009,-12.689,-7.973,-0.916,0.0,-4.337
-3.564,-10.813,-22.881,3.672,1.751,-4.337
-18.451,-6.815,-22.13,-4.299,-0.716,-4.337
-19.855,-8.559,-6.476,-4.299,-0.406,-1.112
-13.431,-12.565,4.882,-4.299,-1.118,1.52
-0.788,-14.299,8.247,-4.299,-2.754,2.915
11.267,-10.308,9.176,-1.551,-3.019,0.361
9.684,-9.405,7.755,-0.52,-0.956,-4.151
