2.67,-7.63,-11.122,-0.283,-0.358,0.664
-1.967,-10.362,-8.87,-0.892,2.718,-0.123
-2.766,-10.592,-9.465,0.449,-0.768,0.166
-0.516,-9.335,-10.548,0.0,-0.676,0.48
-0.688,-9.026,-9.416,-0.23,0.3,0.366
-0.747,-8.746,-9.898,0.153,0.163,0.0
-1.022,-8.269,-10.384,-0.157,0.314,-0.51
-2.398,-9.744,-10.024,-0.303,0.0,-1.022
-6.347,-11.274,-8.656,-0.385,-0.186,-0.599
-8.985,-14.73,-3.14,-0.408,0.876,1.575
-8.946,-16.009,-5.959,1.934,-0.455,2.549
-13.697,-19.435,-6.955,2.479,0.611,4.078
-12.611,-19.435,-9.788,2.73,-0.43,4.393
-6.947,-16.766,-10.776,2.886,-1.716,4.393
-3.145,-10.423,-10.202,2.154,-0.41,4.393
-2.343,-8.164,-10.122,2.527,0.0,4.393
1.841,-7.072,-10.867,2.234,-0.277,4.393
15.047,-9.398,-5.81,2.658,0.231,4.393
19.37,-3.377,-11.743,2.097,0.251,3.399
19.37,-2.565,-14.682,1.304,-0.678,-2.347
9.776,-5.414,-14.356,0.257,-0.379,-4.337
-3.333,-5.164,-25.306,0.559,-0.33,-4.337
-16.899,-5.104,-22.182,-4.299,2.379,-4.337
-19.855,-5.852,-7.127,-4.299,0.819,-0.3
-13.26,-10.508,9.176,-4.299,-0.846,2.639
