-0.746,-10.252,-9.015,-1.451,-3.015,0.0
-0.395,-9.304,-8.594,-0.644,-1.625,0.0
0.0,-9.429,-9.138,0.286,0.232,0.0
-1.214,-9.037,-10.109,0.497,0.777,-0.487
-1.857,-9.656,-10.467,0.358,0.407,-0.871
-2.945,-10.182,-10.473,0.278,-0.202,-0.894
-3.163,-9.336,-10.63,0.0,-0.534,-0.176
-3.487,-9.772,-8.825,-0.253,0.652,0.333
-4.04,-10.313,-8.026,0.304,0.0,0.539
-8.583,-13.316,-4.507,0.198,0.613,1.328
-11.448,-17.242,-4.242,2.216,-0.432,2.698
-8.348,-17.468,-8.458,3.208,-1.121,3.757
-9.647,-13.705,-8.006,1.905,-0.665,3.936
-10.005,-10.911,-7.653,2.981,-1.123,4.249
-8.167,-8.73,-7.748,2.306,-0.75,4.393
-3.383,-7.464,-10.806,2.85,0.0,4.393
1.364,-8.537,-10.362,1.453,-0.295,4.393
13.311,-12.652,-7.835,1.826,-0.73,4.393
19.37,-6.774,-7.086,4.318,-2.897,1.119
17.975,-9.041,-20.835,1.8,-2.877,-4.337
-9.321,-14.385,-25.883,-2.622,0.581,-4.337
-19.855,-11.051,-12.453,-4.299,-2.144,-3.367
-19.855,-8.237,5.046,-4.299,1.177,1.207
-2.233,-7.605,9.176,-4.299,-1.353,4.393
19.37,-6.003,9.176,-2.094,-3.561,2.523
