-2.856,-9.595,-10.413,-0.1,-0.28,-0.614
-3.373,-9.956,-10.186,0.0,0.0,0.0
-1.799,-9.331,-10.468,0.0,-0.412,0.172
-1.772,-9.5,-10.161,0.0,0.103,0.243
-1.532,-9.228,-10.584,0.0,0.0,0.236
-1.474,-9.335,-10.497,0.0,-0.153,0.0
-2.076,-9.207,-9.705,-0.337,-0.961,-0.28
-2.11,-9.86,-8.98,-0.292,-1.259,-0.458
-5.369,-10.792,-6.426,-0.215,0.234,0.234
-13.714,-16.371,-0.976,0.767,-0.682,1.21
-19.855,-19.435,-5.348,4.431,0.109,4.195
-16.031,-19.435,-14.032,2.949,-0.133,4.393
-7.508,-19.435,-9.043,2.33,-0.952,4.393
1.054,-16.242,-12.454,2.655,0.629,4.393
3.752,-11.436,-14.069,0.0,1.589,4.393
5.683,-12.659,-12.852,-4.299,-0.287,4.393
19.37,-12.29,-1.726,-2.154,-2.05,2.146
18.218,-10.259,1.687,1.408,-0.467,-3.806
8.58,-8.006,-10.29,4.431,1.282,-4.337
-1.183,-3.365,-24.588,4.346,-0.448,-4.337
-15.026,-3.54,-30.049,-4.299,1.638,-4.337
-19.855,-2.002,-10.928,-4.299,1.319,-1.787
-19.855,-10.013,2.869,-4.299,0.569,1.522
-2.768,-13.549,8.563,-4.292,-2.829,3.468
11.732,-10.037,9.176,-1.702,-1.138,0.622
