-0.905,-9.592,-10.013,0.128,-1.466,-0.53
-1.295,-9.713,-9.171,-0.212,-1.175,0.0
-0.454,-9.466,-9.452,-0.629,-1.313,0.322
-0.104,-9.518,-9.183,-0.474,-0.882,0.242
-0.522,-9.566,-9.751,-0.319,0.685,0.199
-0.871,-9.074,-10.841,0.384,0.321,0.349
-0.984,-9.401,-11.076,0.0,0.573,0.254
-1.786,-9.496,-10.576,0.0,-0.602,0.0
-2.934,-9.781,-9.934,-0.369,-0.778,0.11
-8.229,-12.652,-4.847,-1.195,-0.551,0.639
-12.285,-17.082,-3.241,1.827,-1.064,2.105
-15.652,-19.435,-6.769,3.172,-0.754,3.78
-16.309,-19.435,-10.814,3.784,-0.945,4.393
-11.083,-19.435,-12.805,3.26,-2.144,4.393
0.0,-18.653,-13.691,2.763,-0.849,4.393
4.586,-17.383,-12.635,1.582,0.755,4.393
8.1,-19.435,-8.841,0.159,0.298,4.393
19.37,-11.34,-7.284,1.505,-3.231,1.446
18.327,-12.326,-8.987,0.544,-0.706,-4.337
2.975,-19.435,-21.61,4.431,2.848,-4.337
-19.855,-13.14,-30.049,-4.169,-2.75,-4.337
-19.855,-5.035,-19.169,-4.299,-1.456,-1.932
-19.278,-17.319,0.515,-4.299,-4.354,2.544
5.944,-13.212,0.37,-3.526,-3.502,4.393
15.01,-10.607,6.751,-2.855,-2.846,1.072
