-1.013,-8.729,-9.397,-0.705,-1.385,-0.421
-1.136,-9.707,-9.093,-0.808,-1.522,-0.884
-2.344,-9.602,-9.045,-0.582,-1.27,-1.04
-3.296,-10.128,-8.537,0.0,0.836,0.203
-2.125,-9.431,-10.103,0.465,0.141,0.115
-1.827,-8.935,-10.756,0.12,-0.456,-0.113
-2.049,-9.609,-10.189,0.0,-0.283,-0.125
-2.462,-9.178,-10.192,-0.23,-0.118,0.0
-6.153,-11.261,-4.698,-1.493,0.269,0.505
-13.489,-17.536,0.452,2.196,0.226,1.446
-16.228,-19.435,-8.986,3.527,0.44,3.756
-14.992,-19.435,-12.303,3.095,-0.71,4.393
-13.328,-19.435,-15.13,0.348,0.222,4.393
-3.861,-19.435,-9.7,0.0,-0.792,4.393
5.745,-19.052,-10.728,1.862,-1.282,4.393
19.37,-18.033,-1.269,0.0,0.212,4.393
19.37,-8.06,-11.09,2.256,-4.354,0.387
16.539,-15.514,-15.817,0.0,1.607,-4.337
-7.015,-5.62,-25.75,-0.82,1.65,-4.337
-19.855,-5.607,-23.408,-4.299,1.086,-4.337
-16.482,-10.339,-4.787,-4.299,0.0,-1.74
-7.631,-19.435,2.075,-4.299,-0.161,-0.437
0.829,-19.435,9.176,-4.299,1.293,-1.244
3.99,-18.217,7.931,1.574,-0.819,-4.029
-1.165,-19.435,0.818,4.431,0.219,-4.337
