-0.936,-10.501,-7.841,0.207,-2.594,0.376
-0.782,-8.776,-11.286,-0.242,-0.921,0.721
-1.357,-9.834,-9.69,-1.228,-0.537,0.651
-0.844,-10.046,-9.057,-0.451,-1.639,0.21
-0.786,-9.167,-9.909,0.217,-0.785,0.0
-1.014,-8.85,-10.254,0.212,0.214,0.0
-1.326,-9.045,-10.661,0.176,0.136,-0.328
-2.229,-9.414,-10.966,0.0,-0.25,-0.635
-5.637,-10.62,-8.3,-0.632,-0.339,-0.117
-17.041,-16.285,4.52,0.559,-0.907,1.266
-19.855,-19.435,-5.223,4.431,0.318,4.357
-19.157,-19.435,-12.975,3.107,-0.655,4.393
-12.229,-19.435,-14.828,0.0,-0.213,4.393
0.397,-19.435,-18.901,1.096,-2.674,4.393
5.277,-19.435,-19.503,0.218,-1.615,4.393
17.375,-19.435,-12.148,-1.875,-1.892,4.393
19.37,-14.995,1.728,4.329,-4.354,0.0
17.471,-19.435,-13.593,-0.643,0.211,-4.337
-10.673,-15.139,-24.687,1.937,0.126,-4.337
-19.855,-11.088,-16.947,-4.299,1.022,-4.337
-19.855,-7.094,-9.663,-4.299,0.0,-0.244
-1.141,-19.435,9.176,-4.299,-4.335,0.972
9.838,-13.401,9.176,-1.561,-1.296,0.254
4.759,-10.471,8.59,0.786,-1.865,-2.609
-1.864,-10.629,5.104,3.148,-1.752,-3.734
