-5.835,-11.318,-9.625,0.203,0.744,-0.445
-6.141,-10.891,-11.364,0.288,0.37,0.343
-4.066,-9.313,-10.465,-0.529,-0.987,1.345
-1.591,-11.166,-8.771,-0.42,-2.696,1.503
-0.475,-9.598,-11.883,0.246,-2.217,1.407
-0.79,-9.32,-9.734,-0.923,0.0,1.117
-0.923,-9.299,-9.262,-0.691,-1.739,0.538
-1.037,-8.019,-9.373,-0.598,-1.936,0.0
-1.687,-9.114,-7.641,-0.737,0.133,-0.422
-10.557,-13.576,-2.853,0.0,0.308,-0.371
-10.697,-14.76,-5.011,1.79,0.187,1.803
-12.258,-17.955,-7.292,2.92,0.257,3.424
-12.161,-16.702,-8.424,1.871,0.721,4.393
-9.789,-14.507,-10.629,2.133,-0.486,4.393
-8.618,-10.4,-11.246,1.348,-0.883,4.393
-6.538,-8.786,-11.574,0.32,-1.677,4.393
-0.443,-11.323,-10.627,0.583,-1.515,4.393
3.845,-14.373,-13.365,1.47,-1.846,4.393
19.37,-16.94,-13.575,0.682,-0.267,4.393
19.37,-12.973,-3.117,1.381,-1.705,-2.875
9.624,-11.874,-12.98,1.756,-0.408,-4.337
-0.213,-8.812,-17.149,0.47,0.296,-4.337
-14.832,-5.053,-24.209,-4.299,0.407,-4.337
-19.855,-3.647,-10.71,-4.299,0.225,-2.445
-19.855,-7.206,1.229,-4.299,1.367,0.913
