-1.739,-9.441,-9.946,-0.587,0.0,0.609
-1.756,-10.028,-9.907,-0.109,-0.155,0.336
-1.75,-9.153,-9.988,0.0,-0.55,0.393
-0.935,-9.295,-10.259,0.117,-0.601,0.354
-0.935,-8.765,-10.604,0.137,0.0,0.0
-1.429,-8.821,-10.806,0.156,0.0,-0.416
-2.317,-9.687,-10.674,-0.364,-0.423,-0.869
-2.981,-9.775,-10.044,-0.476,-0.541,-0.387
-3.849,-10.309,-9.05,-0.819,-0.213,-0.12
-8.582,-13.112,-5.777,0.31,-0.175,1.488
-14.821,-16.271,-5.031,1.011,0.552,3.022
-17.593,-19.435,-9.089,2.745,-1.513,4.393
-17.262,-19.435,-12.916,3.552,-2.592,4.393
-4.77,-19.435,-13.983,3.258,0.0,4.393
-1.791,-13.418,-14.206,1.081,1.124,4.393
7.209,-13.339,-12.487,-1.056,-0.378,4.393
19.37,-11.772,1.705,-0.842,-2.831,4.393
19.37,-7.482,-6.507,1.465,-3.081,-4.337
0.223,-7.322,-20.037,4.21,2.392,-4.337
-0.53,-1.937,-26.702,-2.324,-3.604,-4.337
-16.187,-15.937,-10.571,-4.299,1.053,-4.337
-19.855,-12.207,-7.127,-4.299,-2.616,-0.268
-12.06,-15.276,2.936,-4.299,-2.571,1.815
5.726,-15.588,7.992,-3.572,-4.354,3.21
17.218,-12.673,8.324,0.0,-0.607,-1.138
