-5.368,-9.511,-10.651,-0.472,-0.599,-0.133
-3.766,-9.523,-9.558,-0.592,-1.062,0.591
-2.2,-9.709,-8.652,0.346,-2.329,0.433
-0.876,-9.245,-10.687,-0.322,-1.803,0.632
-1.502,-10.186,-9.447,-1.192,-1.694,0.463
-1.11,-9.628,-9.238,-0.175,-1.269,0.742
-0.205,-9.408,-10.273,0.535,-0.34,0.748
-1.338,-8.03,-10.529,-0.102,0.274,0.247
-11.637,-11.925,-3.632,-1.096,0.809,-0.186
-16.654,-17.65,-4.666,2.356,-0.492,2.419
-14.387,-19.435,-7.4,2.389,0.105,4.393
-14.961,-19.435,-11.966,3.25,1.803,4.393
-9.523,-19.073,-11.874,1.011,-0.677,4.393
-3.762,-17.128,-12.897,1.52,-0.924,4.393
-0.173,-15.452,-13.182,0.276,-0.87,4.393
4.867,-19.435,-13.654,-0.735,-1.504,4.393
19.37,-19.435,-6.284,2.179,-1.335,4.393
19.37,-12.749,-11.562,2.431,-2.609,-4.337
4.928,-19.435,-14.65,0.0,1.86,-4.337
-10.153,-8.824,-27.516,0.0,-1.687,-4.337
-19.855,-3.845,-17.598,-4.299,1.563,-3.98
-19.855,-4.728,-3.401,-4.299,0.651,-0.523
-13.09,-11.059,9.176,-4.299,-0.689,3.025
1.171,-7.891,2.893,-1.454,-0.754,3.462
10.094,-4.92,9.176,-1.219,-2.23,0.701
