-1.788,-9.821,-10.022,-0.742,0.0,0.531
-1.715,-9.836,-9.645,-0.668,-1.072,0.623
-0.961,-9.499,-9.647,-0.32,-1.103,0.591
-0.557,-8.931,-9.811,0.109,-0.238,0.361
-0.802,-8.779,-10.489,0.298,0.257,0.0
-1.597,-9.041,-10.809,0.0,-0.167,-0.682
-2.491,-9.794,-10.255,-0.289,-0.828,-0.797
-3.5,-9.927,-9.045,0.0,-0.738,0.0
-5.039,-11.353,-6.283,-1.534,0.376,0.0
-10.588,-16.22,-2.194,1.358,1.832,2.108
-12.508,-19.269,-9.218,2.864,0.0,3.569
-11.812,-19.435,-11.571,2.566,-0.663,4.393
-9.429,-15.81,-12.196,1.393,-1.594,4.393
-7.94,-12.302,-9.45,1.672,-2.374,4.393
-3.792,-9.241,-12.683,2.101,-1.269,4.393
2.275,-9.98,-13.271,1.684,0.126,4.393
13.471,-10.919,-5.341,-0.161,-0.213,4.393
19.37,-5.801,-5.193,3.971,-3.267,2.389
17.595,-6.458,-10.492,2.188,0.255,-4.337
-6.737,0.106,-23.47,3.098,-1.26,-4.337
-6.231,-4.607,-26.059,-4.299,-3.257,-4.337
-19.855,-4.805,-14.015,-4.299,-1.571,-0.505
-16.282,-10.404,-3.794,-4.299,0.55,1.616
-3.056,-16.412,5.475,-4.299,-1.816,3.528
5.642,-13.164,9.176,-2.921,-1.668,1.212
