-2.402,-9.827,-10.466,-0.114,-0.483,-0.156
-2.017,-9.472,-10.393,0.0,-0.113,0.299
-1.58,-9.442,-10.317,0.0,0.0,0.337
-1.496,-9.286,-10.283,0.0,0.0,0.268
-1.325,-9.351,-10.122,0.0,-0.227,0.0
-1.515,-9.28,-10.204,0.0,-0.314,0.0
-1.87,-9.209,-10.201,-0.11,-0.704,-0.296
-2.055,-9.753,-9.658,-0.163,-0.796,-0.34
-3.148,-9.773,-9.163,-0.603,0.184,-0.216
-13.352,-16.527,-0.562,-0.794,1.748,0.859
-12.95,-19.435,-7.307,4.011,-0.615,3.279
-13.454,-19.435,-11.401,3.356,0.375,4.393
-13.106,-19.435,-12.424,1.913,-0.569,4.393
-6.841,-17.938,-9.879,1.012,-0.568,4.393
-0.213,-13.942,-10.262,1.184,0.0,4.393
2.997,-12.962,-12.598,0.438,0.567,4.393
11.837,-16.978,-4.176,-3.526,0.118,4.393
19.37,-12.605,0.151,4.048,-4.312,0.979
17.629,-14.6,-15.712,0.319,0.812,-4.337
-6.758,-13.865,-24.003,2.945,4.377,-4.337
-19.855,-7.423,-30.049,-3.417,-2.769,-4.337
-19.855,-6.903,-14.269,-4.299,-0.728,-3.402
-8.629,-17.65,5.356,-4.299,-2.855,-1.031
1.139,-13.794,7.457,-3.807,-3.113,-1.342
4.394,-13.605,8.627,0.131,-4.198,-3.778
