-0.36,-9.902,-10.043,-0.647,-0.975,0.565
-1.045,-8.245,-9.768,-0.594,-0.898,0.207
0.0,-9.451,-9.851,-0.174,-0.269,-0.206
-1.967,-8.676,-10.481,0.0,0.0,-0.695
-2.703,-10.249,-10.214,-0.293,-0.296,-0.801
-4.088,-10.091,-9.762,0.26,-0.238,0.0
-2.789,-9.586,-10.147,0.0,-0.573,0.0
-2.685,-9.436,-10.108,0.231,-0.285,0.114
-5.449,-10.181,-7.481,-0.844,-0.241,0.524
-12.001,-19.435,1.398,1.914,-1.39,1.377
-10.876,-19.435,-10.957,4.431,-1.388,3.08
-7.955,-14.681,-10.855,1.589,-2.15,4.152
-9.944,-12.326,-1.269,1.667,-2.116,3.571
-11.882,-12.495,-5.472,4.125,-0.579,4.209
-4.183,-16.633,-11.307,4.431,-0.242,4.393
2.308,-15.564,-16.409,3.369,-0.769,4.393
12.741,-14.035,-13.329,1.09,-0.875,4.393
19.37,-10.227,-7.892,3.424,-1.542,0.835
14.988,-14.923,-11.449,2.09,3.967,-4.337
-8.759,1.297,-30.049,4.431,-3.614,-4.337
-19.855,-12.701,-15.817,-4.299,1.999,-4.337
-14.968,-11.097,-6.378,-4.299,0.379,1.163
-2.836,-13.406,9.176,-4.299,-3.263,3.24
12.962,-11.227,9.176,1.994,-0.537,-0.819
9.997,-10.527,-3.061,1.581,0.0,-4.337
