-1.954,-9.565,-9.453,-0.262,-0.824,0.0
-1.543,-9.627,-9.461,-0.342,-0.747,0.393
-1.12,-9.792,-9.448,-0.26,-0.373,0.469
-1.082,-9.407,-9.62,0.0,0.0,0.511
-0.862,-8.678,-10.001,0.167,0.0,0.428
-0.625,-8.632,-10.225,0.0,0.0,0.0
-2.371,-9.094,-9.556,-0.567,-0.339,-0.945
-4.738,-10.956,-7.764,-0.3,-1.021,-0.565
-6.809,-12.21,-6.119,0.174,-0.449,0.544
-12.147,-16.695,-3.353,1.728,-0.35,1.99
-12.871,-19.435,-6.174,2.994,-1.12,3.742
-13.897,-19.435,-9.879,3.493,-0.269,4.393
-10.011,-19.435,-10.487,3.052,-1.692,4.393
-1.468,-16.593,-9.477,3.828,-1.653,4.393
2.15,-11.701,-15.88,3.343,0.244,4.393
8.765,-9.967,-13.363,0.359,-0.978,4.393
19.37,-9.714,-2.567,3.652,-1.624,3.549
19.37,-4.319,-17.245,-0.453,-2.906,-4.337
-1.942,-6.903,-17.372,-0.105,0.703,-4.337
-9.669,-3.761,-20.612,-4.299,-0.524,-4.337
-19.855,-3.525,-9.928,-4.299,0.125,-2.032
-13.749,-8.558,-1.667,-4.299,-0.459,0.699
-4.585,-12.044,7.371,-4.299,-2.666,2.102
5.293,-9.847,9.176,-3.4,-1.271,1.669
8.75,-9.137,8.95,-0.844,-1.877,-1.211
