-1.407,-9.413,-9.606,-0.611,-0.892,0.143
-1.35,-9.682,-9.187,-0.562,-1.005,0.0
-1.004,-9.226,-9.224,-0.258,-0.526,0.0
-1.092,-8.974,-9.495,0.0,0.157,-0.222
-1.338,-8.935,-10.236,0.153,0.534,-0.519
-2.382,-9.53,-10.225,0.0,0.115,-0.891
-3.585,-10.053,-9.976,0.166,-0.296,-0.508
-2.763,-9.77,-10.424,0.0,0.0,0.135
-3.584,-9.173,-9.573,-0.709,-0.269,0.217
-12.0,-14.552,-2.256,-1.578,1.297,0.923
-15.261,-19.435,-5.567,3.382,-1.749,3.062
-17.327,-19.435,-12.712,3.973,0.246,4.393
-19.855,-19.435,-16.284,0.438,0.455,4.393
-2.156,-19.435,-12.118,0.743,-2.543,4.393
5.737,-19.435,-13.645,2.121,0.189,4.393
9.823,-15.806,-10.265,-2.09,1.37,4.393
19.37,-9.94,-0.116,1.249,-2.785,0.835
14.68,-10.369,-9.646,1.422,0.86,-4.337
-0.469,-6.999,-25.535,4.115,1.105,-4.337
-11.69,-8.783,-25.928,-4.299,-1.115,-4.337
-19.855,-11.764,-10.274,-4.299,-1.244,-3.041
-13.033,-15.59,4.165,-4.299,-3.031,0.0
4.883,-15.623,9.176,-4.299,-3.981,0.629
5.801,-11.223,9.117,-0.307,-1.378,-2.147
3.317,-11.365,4.271,1.677,-1.097,-4.337
