-3.646,-9.294,-9.991,-0.24,-1.025,0.411
-0.895,-9.644,-9.727,0.0,-2.192,0.573
1.668,-9.022,-9.459,0.34,-1.554,-0.307
0.148,-9.55,-9.222,-0.612,-0.619,-0.199
0.885,-9.726,-9.78,-0.346,-1.362,-0.111
0.363,-9.414,-10.364,0.0,-0.195,0.0
0.516,-9.156,-10.608,0.162,-0.206,0.225
0.673,-8.885,-10.988,0.191,0.0,0.156
-0.901,-10.027,-7.704,-0.432,-0.586,-0.687
-6.128,-16.09,0.0,0.0,-1.473,-0.404
-9.076,-19.435,-3.334,3.478,1.212,3.258
-10.524,-19.435,-5.97,3.749,-0.208,4.393
-9.379,-19.435,-9.257,4.431,-1.56,4.393
-3.624,-19.435,-9.827,3.818,-0.134,4.393
2.181,-15.757,-10.222,4.398,0.655,4.393
-0.604,-14.774,-16.529,2.1,0.273,4.393
12.104,-18.331,-15.605,-1.293,0.519,4.393
19.37,-9.551,0.823,2.15,-2.011,1.319
17.575,-17.458,-12.579,2.028,-1.131,-4.337
-2.782,-17.404,-20.314,0.518,-0.847,-4.337
-19.855,-18.379,-18.257,-4.299,0.427,-4.337
-19.855,-7.254,-11.362,-4.299,0.263,-1.247
-18.398,-19.435,5.13,-4.299,-2.865,3.01
-3.499,-17.091,6.908,-3.389,-3.296,3.828
13.827,-9.997,5.639,-2.402,-4.354,1.04
