-2.871,-9.187,-8.369,0.0,2.272,-0.668
-3.088,-9.277,-8.64,0.558,0.84,-0.675
-3.467,-9.603,-7.267,-0.216,-0.427,-0.451
-1.699,-9.762,-7.86,-0.36,-0.733,0.0
-1.943,-8.877,-9.265,-0.481,0.271,0.318
-1.47,-8.931,-9.515,0.0,-0.125,0.527
-1.533,-9.878,-9.047,-0.202,-0.147,0.112
-1.581,-8.936,-9.28,0.0,-0.837,0.298
-6.911,-8.813,-2.054,-0.651,-0.99,1.406
-14.382,-13.545,0.811,2.112,0.793,1.469
-14.864,-15.396,-3.854,2.113,1.369,3.321
-15.393,-18.268,-5.638,2.252,0.783,4.393
-13.241,-14.928,-11.486,2.769,1.275,4.393
-11.691,-14.674,-12.606,0.486,3.294,4.393
-8.588,-13.739,-8.935,-2.902,1.132,4.393
-1.353,-12.755,-7.515,-3.036,-1.14,4.393
3.185,-13.419,-9.262,-1.489,-0.649,4.393
19.37,-12.944,-0.344,-0.629,-1.436,4.393
19.37,-9.27,-0.569,3.201,-1.329,-2.278
12.626,-6.189,-12.034,2.308,0.474,-4.337
1.142,-5.448,-20.04,4.431,0.856,-4.337
0.128,-3.091,-22.127,-4.299,-3.109,-3.771
-19.855,-2.749,-8.715,-4.299,-0.254,-2.511
-18.915,-2.765,3.157,-4.299,0.922,1.271
-9.894,-1.297,6.363,-3.913,1.75,3.146
