-0.755,-9.301,-9.659,-0.562,-0.888,0.0
-1.256,-9.125,-9.438,-0.528,-0.789,-0.367
-1.241,-9.147,-9.509,-0.275,-0.429,-0.439
-1.592,-9.379,-10.109,-0.135,0.126,-0.594
-5.89,-10.395,-7.902,0.0,1.744,0.0
-2.892,-9.053,-10.639,0.24,-0.708,0.0
-2.046,-9.356,-10.607,0.0,-1.389,-0.142
-2.406,-9.325,-10.338,-0.245,-0.357,0.127
-5.116,-12.3,-5.326,-2.884,-1.086,-0.144
-13.103,-19.435,1.352,2.843,-0.917,0.462
-15.076,-19.435,-8.504,4.431,0.605,3.985
-17.71,-19.435,-16.196,4.431,-1.72,4.393
1.973,-19.435,-13.945,3.788,1.473,4.393
4.154,-19.435,-11.511,2.023,-0.485,4.393
8.119,-14.239,-13.259,1.084,0.342,4.393
19.37,-19.435,9.176,1.634,-1.805,4.393
18.195,-10.606,-12.496,-0.15,-2.843,-4.337
1.388,-12.166,-14.704,2.077,3.231,-4.337
-10.552,-6.763,-28.257,-2.696,-2.477,-4.337
-19.855,-9.92,-16.35,-4.299,0.365,-3.477
-16.283,-17.188,4.195,-4.299,-1.493,-0.488
-0.9,-16.176,9.176,-4.202,-0.913,1.335
2.679,-10.974,9.176,-1.294,-3.377,-1.838
2.985,-11.767,6.337,0.552,-4.038,-4.337
7.264,-15.207,2.749,1.326,-1.944,-4.337
