0.125,-9.442,-10.151,-0.398,-1.686,1.286
0.344,-8.451,-9.981,-0.256,-0.941,0.51
0.0,-7.779,-10.07,-0.17,-0.233,-0.153
-0.297,-8.436,-10.59,-0.14,0.149,-0.839
-1.347,-10.146,-10.58,-0.499,-0.101,-1.594
-3.041,-10.787,-10.144,-0.653,-0.601,-1.507
-4.983,-11.291,-6.767,0.0,-0.48,0.138
-2.72,-9.35,-9.06,0.358,0.886,0.37
-4.205,-9.29,-9.197,-1.327,-0.165,-0.198
-11.837,-16.356,-0.407,0.0,-1.079,0.56
-14.867,-19.435,-5.673,3.564,-2.031,2.402
-14.804,-19.435,-7.289,4.431,-3.519,3.868
-10.859,-19.435,-8.834,4.431,-0.785,4.393
0.975,-19.435,-9.39,4.431,1.995,4.393
2.019,-16.454,-11.742,4.431,1.701,4.393
2.752,-19.097,-13.029,3.515,-0.693,4.393
19.37,-19.435,-8.153,3.097,-0.468,4.393
19.37,-12.95,-18.107,0.3,-1.954,-4.039
7.377,-19.435,-13.606,-2.508,-1.194,-4.337
-19.855,-9.756,-25.594,-4.299,-0.239,-4.337
-19.855,-2.906,-8.778,-4.299,1.845,-1.005
-19.793,-12.887,-2.546,-4.299,0.93,2.961
-1.843,-15.464,9.176,-3.847,-0.853,3.638
9.833,-7.893,8.907,-1.459,-1.999,-0.316
8.289,-8.662,2.376,-1.008,-2.631,-3.81
