-1.269,-8.717,-8.012,-0.388,0.436,-0.282
-2.3,-9.549,-9.259,-0.708,0.0,-0.254
-2.391,-10.447,-9.677,-0.661,-0.44,0.0
-2.223,-9.234,-9.58,-0.293,-0.503,0.38
-1.041,-9.39,-9.954,0.101,0.142,0.615
-1.424,-9.633,-10.517,0.32,0.51,0.114
-2.255,-8.608,-10.235,-0.604,-0.196,0.0
-4.737,-10.966,-7.097,-0.705,0.788,0.0
-5.946,-10.873,-8.797,0.664,0.936,0.758
-12.547,-14.922,-6.353,0.843,0.0,1.634
-14.947,-18.995,-9.178,2.439,-1.07,3.307
-14.354,-19.435,-10.581,2.896,-1.931,4.393
-10.904,-19.435,-12.521,3.097,-0.947,4.393
-0.266,-17.367,-11.562,3.031,0.0,4.393
6.016,-14.669,-10.77,2.484,0.536,4.393
19.37,-8.451,-5.25,0.552,0.209,4.393
19.37,-0.767,-10.521,2.454,-2.615,-1.772
11.574,-7.751,-15.935,0.325,1.733,-4.337
-9.005,-8.333,-22.142,2.072,-0.71,-4.337
-19.855,-19.398,-17.686,-4.299,-0.638,-4.275
-17.541,-12.833,-17.109,-4.299,-1.584,-0.266
-7.992,-19.435,0.336,-4.299,-2.883,1.294
0.59,-18.572,9.176,-4.299,0.0,0.786
-2.454,-11.197,3.252,1.1,-2.787,-2.211
-5.164,-12.845,-0.352,2.547,0.39,-3.211
