-1.908,-10.353,-9.599,-0.72,-0.627,1.126
-1.161,-9.867,-9.573,-0.3,-1.114,1.205
-0.309,-8.924,-9.9,-0.168,-0.834,0.971
-0.272,-8.601,-9.885,0.0,-0.279,0.368
-0.862,-8.569,-10.548,0.103,0.0,-0.316
-1.341,-9.075,-10.656,-0.194,-0.152,-0.703
-2.143,-9.732,-10.115,-0.526,-0.626,-1.016
-3.116,-9.864,-9.52,-0.427,-0.205,-0.555
-5.795,-11.177,-5.5,-1.024,0.541,0.237
-14.935,-16.835,-0.942,1.2,1.672,1.694
-14.925,-19.435,-8.269,3.151,0.241,4.393
-13.108,-19.435,-11.664,2.961,-0.563,4.393
-11.94,-19.435,-12.957,1.79,-1.993,4.393
-4.733,-15.432,-10.826,2.605,-2.226,4.393
2.568,-12.406,-12.038,2.822,-0.58,4.393
5.654,-12.132,-12.287,1.28,1.589,4.393
19.37,-14.867,-7.364,1.702,-2.631,4.393
19.37,-7.753,-16.813,0.195,-3.527,-3.649
4.907,-11.442,-18.427,1.292,1.703,-4.337
-10.37,-3.581,-27.803,-1.939,-0.554,-4.337
-19.855,-2.322,-14.103,-4.299,1.024,-2.12
-13.379,-3.871,-4.298,-4.299,0.327,1.716
-4.67,-12.543,4.071,-4.299,-1.2,3.429
10.473,-12.33,6.897,-3.793,-2.362,2.442
17.484,-10.106,5.124,-0.76,0.247,-2.192
