-1.824,-9.178,-10.704,-0.119,-0.116,-0.653
-2.595,-9.581,-10.473,-0.239,-0.408,-0.715
-4.597,-10.303,-8.662,-0.603,-0.754,-0.229
-7.218,-12.584,-6.582,-0.62,-0.348,0.625
-8.724,-14.536,-5.184,1.85,0.134,2.137
-10.477,-15.792,-8.021,2.191,0.0,3.099
-12.803,-17.352,-8.657,2.431,-0.646,4.084
-12.851,-17.513,-11.335,2.647,-0.767,4.393
-10.151,-15.195,-11.256,1.855,-1.074,4.393
-1.314,-13.642,-9.375,1.865,-1.146,4.393
5.703,-10.63,-11.098,3.353,0.0,4.393
16.556,-7.302,-10.259,0.691,-0.112,4.393
19.37,-2.649,-8.966,2.456,-2.209,0.513
14.346,-4.313,-12.682,-1.463,0.735,-4.337
-0.545,-4.332,-17.773,2.236,1.43,-4.337
-10.194,-5.19,-25.268,-4.299,-1.222,-4.337
-19.855,-10.774,-12.919,-4.299,-1.073,-1.959
-14.04,-15.572,-1.201,-4.299,0.0,0.53
-4.409,-15.345,9.176,-4.299,-2.142,0.839
4.552,-11.467,9.176,-1.103,-2.166,-0.756
7.599,-9.969,6.819,1.355,-2.116,-3.524
2.604,-15.599,3.129,2.019,-1.712,-4.337
-0.127,-18.84,-3.302,3.199,2.716,-4.337
-7.909,-17.317,-16.133,4.431,4.377,-4.337
-12.286,-3.998,-15.664,-2.008,1.345,-1.06
