-2.015,-9.337,-9.579,-0.568,0.351,0.612
-1.447,-9.551,-9.687,-0.363,-1.283,0.244
-1.141,-9.275,-9.663,-0.336,-0.905,0.14
-1.155,-9.126,-9.665,0.0,-0.302,0.0
-1.377,-9.086,-10.231,0.0,-0.275,-0.244
-1.891,-9.531,-10.08,-0.168,-0.543,-0.477
-2.545,-9.893,-9.493,-0.137,-0.548,-0.316
-2.271,-9.536,-10.025,0.181,0.0,0.0
-3.604,-9.421,-9.29,-0.796,0.964,0.233
-9.174,-14.624,-1.643,-1.443,-1.694,-0.121
-12.238,-19.435,-3.859,3.212,-1.895,1.218
-12.328,-19.435,-9.694,4.239,0.241,3.729
-13.082,-19.435,-10.922,4.431,0.394,4.393
-4.836,-19.435,-13.65,2.619,0.156,4.393
5.493,-19.435,-10.333,2.734,0.135,4.393
7.99,-17.87,-8.346,3.72,-2.128,4.393
19.37,-12.344,-15.57,4.431,-1.452,4.393
19.37,-8.551,-17.158,-4.221,-2.059,-4.337
-1.581,-6.888,-15.436,-0.558,0.901,-4.337
-9.237,-8.248,-21.391,-4.299,-1.81,-4.337
-19.855,-10.911,-11.201,-4.299,-0.339,-1.618
-11.305,-16.97,1.623,-4.299,-1.577,1.361
-0.695,-15.922,9.176,-4.299,-3.561,1.629
7.967,-11.688,9.176,-0.827,-1.425,-0.462
7.304,-11.083,2.813,1.237,-1.793,-3.91
