-1.677,-9.479,-9.564,0.0,-0.594,-0.156
-2.578,-9.608,-9.014,0.0,0.292,-0.128
-2.7,-9.614,-8.584,0.0,0.392,0.0
-2.586,-9.526,-8.807,0.0,0.174,0.0
-2.339,-9.529,-8.889,0.0,0.0,0.0
-2.666,-9.553,-8.83,0.0,0.0,0.0
-2.729,-9.511,-8.833,0.0,-0.102,0.0
-2.562,-9.557,-8.777,0.0,-0.246,0.0
-3.362,-9.794,-9.438,0.102,-0.245,-0.185
-9.164,-12.244,-3.192,-1.363,-0.654,0.598
-17.449,-19.242,-4.368,-1.796,4.376,3.313
-10.563,-19.568,-9.814,-0.136,1.335,4.357
-7.102,-18.997,-10.234,0.463,0.36,4.357
-5.05,-12.815,-10.582,1.34,-0.811,4.297
-4.443,-9.879,-11.12,2.427,-1.024,3.57
-3.638,-6.168,-11.973,2.752,-0.745,3.249
-3.33,-3.179,-11.774,2.767,-0.8,2.673
-4.315,-1.45,-12.957,2.845,-0.835,1.921
-4.138,-1.0,-14.068,3.003,-0.493,1.717
-2.497,-1.182,-15.718,2.952,0.112,1.382
-0.584,-4.055,-14.382,3.39,0.135,1.436
0.81,-7.35,-20.117,4.441,1.932,1.137
-0.108,-4.57,-31.039,3.877,0.0,0.976
-3.53,-3.808,-26.819,0.626,-0.331,-0.295
-3.516,-3.036,-25.902,0.0,-0.353,0.0
