-2.048,-9.904,-8.414,0.0,0.182,0.0
-2.067,-9.514,-8.941,0.0,0.206,0.0
-1.801,-9.584,-8.874,0.0,-0.157,0.0
-1.451,-9.658,-9.066,0.0,-0.21,0.0
-1.557,-9.611,-8.886,0.0,0.0,0.0
-1.572,-9.584,-8.889,0.0,0.0,0.0
-2.29,-9.698,-9.026,0.0,0.0,0.0
-7.43,-9.805,-8.634,-0.155,-1.302,0.0
-6.653,-10.614,-5.658,-0.314,-0.611,1.518
-9.737,-14.345,-2.961,0.0,2.028,2.022
-9.451,-15.743,-6.237,0.902,1.682,3.176
-9.198,-15.533,-7.419,1.121,1.196,3.558
-7.022,-12.463,-7.934,1.309,0.805,3.559
-6.962,-8.472,-8.549,1.51,0.547,2.959
-7.127,-6.01,-9.553,1.439,0.407,2.739
-7.987,-3.693,-9.609,1.564,-0.434,2.498
-7.868,-1.627,-9.584,1.877,-1.108,2.003
-7.413,0.158,-10.794,2.498,-0.949,1.801
-6.781,1.666,-13.009,2.42,-1.052,1.531
-5.875,2.648,-13.184,2.235,-1.277,1.269
-5.577,2.731,-12.2,2.249,-1.319,0.784
-6.016,2.96,-14.04,2.537,-0.608,0.665
-5.958,2.923,-17.004,2.403,-0.506,0.564
-5.323,2.921,-18.068,2.155,-0.575,0.365
-6.935,2.909,-19.051,2.047,-0.696,0.222
