-5.243,0.607,-21.119,0.621,0.0,0.238
-5.511,0.516,-20.839,0.117,-0.116,0.101
-4.801,0.377,-18.7,-0.141,-0.444,-0.17
-5.861,0.446,-17.656,0.0,-0.415,-0.201
-5.273,0.475,-16.629,-0.119,-1.506,-0.516
-5.313,-0.441,-17.207,-1.219,-0.597,-0.609
-2.189,-2.624,-16.22,-1.881,-2.992,-0.977
-4.994,-3.474,-13.196,-2.78,-1.595,-2.107
-5.779,-3.716,-11.553,-1.781,-1.253,-2.422
-9.241,-5.959,-10.84,-1.448,-0.159,-3.097
-11.616,-8.355,-10.952,-0.976,-0.837,-3.378
-10.418,-11.294,-10.365,-0.973,-1.793,-3.439
-7.369,-14.585,-7.53,-0.976,-3.396,-2.921
-6.993,-12.311,-6.937,-0.987,-3.78,-1.797
-4.045,-10.747,-8.956,-0.186,-3.356,0.0
-1.621,-9.985,-9.024,-0.187,-3.821,0.539
-0.609,-9.539,-8.186,-0.543,-4.115,0.179
0.0,-9.826,-8.327,-0.334,-1.643,0.0
-1.181,-9.455,-8.658,0.0,-0.378,-0.171
-2.071,-9.639,-8.759,0.0,0.246,-0.152
-2.512,-9.575,-9.209,0.0,0.292,-0.126
-2.611,-9.7,-8.953,0.0,0.0,0.0
-2.322,-9.506,-8.886,0.0,0.0,0.0
-2.186,-9.621,-8.875,0.0,0.0,0.0
-1.98,-9.538,-9.098,0.0,0.235,0.0
