-2.463,-9.356,-9.262,-0.191,-0.416,0.0
-2.316,-9.654,-9.012,0.0,-0.979,0.0
-2.187,-9.563,-9.384,0.0,-0.569,0.0
-2.283,-9.512,-9.036,0.0,-0.414,0.0
-2.176,-9.597,-8.836,-0.116,-0.679,0.0
-2.597,-9.486,-8.875,-0.144,-0.317,-0.113
-2.712,-9.693,-9.066,-0.154,-0.626,0.0
-3.135,-9.846,-8.768,0.0,-0.86,0.0
-7.271,-11.033,-5.3,-0.863,-2.628,0.529
-5.826,-19.568,4.817,0.0,-0.597,1.062
-3.432,-19.568,0.186,4.441,-0.325,1.942
0.829,-19.568,-8.588,4.441,1.122,1.6
0.689,-18.644,-10.341,4.441,0.422,0.48
-2.319,-14.326,-7.621,4.441,-0.997,-0.816
-4.416,-11.174,-8.049,4.441,-0.625,-1.821
-4.775,-7.06,-11.296,4.441,1.107,-1.155
-2.685,-3.577,-13.549,4.216,2.222,-0.51
-1.214,-2.157,-16.284,3.615,2.56,-0.146
-0.662,-2.07,-17.394,2.975,3.412,0.435
1.719,-4.384,-17.645,3.618,2.736,0.171
-2.328,-8.91,-23.873,4.441,0.592,-0.268
-3.506,-6.108,-31.039,3.975,0.326,0.376
-4.288,-5.682,-30.299,1.689,-0.694,0.0
-5.041,-5.512,-24.869,0.455,-0.276,0.208
-3.552,-4.801,-21.17,-0.499,-0.692,0.0
