-2.309,-9.443,-8.517,0.0,0.14,0.0
-2.495,-9.437,-8.701,0.0,0.211,0.0
-2.806,-9.427,-8.605,0.0,0.192,0.0
-2.849,-9.474,-8.669,0.0,0.0,0.0
-2.73,-9.493,-8.537,0.0,-0.207,0.0
-2.511,-9.518,-8.555,0.0,-0.39,-0.1
-2.698,-9.71,-8.341,-0.145,-0.728,-0.24
-2.615,-10.245,-8.465,-0.208,-0.805,-0.213
-6.064,-11.574,-4.89,-1.065,0.858,0.499
-10.619,-14.64,-2.464,0.0,2.665,2.107
-9.652,-16.156,-6.904,1.096,2.517,3.362
-9.261,-16.167,-8.69,1.152,0.938,4.187
-6.682,-12.795,-9.73,0.844,0.271,3.917
-6.388,-9.454,-9.329,1.047,-0.136,3.23
-6.79,-6.25,-9.88,1.324,-0.166,2.71
-6.131,-2.803,-8.983,1.374,-0.345,2.516
-5.767,-0.391,-8.68,1.821,-0.623,2.017
-5.236,1.233,-9.141,2.196,-0.798,1.637
-4.508,1.821,-10.594,2.627,-0.673,1.21
-4.333,1.556,-13.226,2.801,0.163,1.105
-4.532,1.574,-15.152,2.792,0.677,1.001
-3.482,-0.648,-15.948,3.483,0.745,1.413
-0.471,-2.075,-20.494,4.06,1.345,1.412
0.184,-0.454,-30.153,3.253,0.0,1.185
-0.855,-0.736,-24.62,0.398,-0.699,-0.263
