-2.439,-9.199,-8.94,-0.365,0.547,-0.225
-3.469,-9.806,-8.568,0.0,0.523,-0.159
-2.83,-9.551,-8.29,0.0,-0.139,0.108
-1.941,-9.468,-8.713,0.0,0.0,0.0
-2.466,-9.494,-8.478,0.0,0.0,0.0
-2.856,-9.627,-8.671,0.0,0.137,0.0
-2.486,-9.465,-8.82,0.0,-0.324,0.0
-2.341,-9.474,-8.598,0.0,-0.386,0.0
-3.328,-9.735,-8.189,-0.221,-0.762,0.0
-4.239,-17.897,-1.341,-2.794,-3.223,2.162
6.734,-19.568,3.857,3.83,1.429,0.631
-0.529,-19.568,-5.243,4.441,2.908,-0.846
-5.554,-19.568,-12.981,4.441,1.217,-1.283
-6.088,-18.777,-14.428,4.441,1.369,-0.391
-3.186,-11.896,-12.997,4.441,0.772,-0.147
-3.074,-7.01,-10.573,4.441,0.803,0.0
-1.338,-3.425,-11.368,4.199,0.289,0.0
-1.791,-4.219,-11.923,4.28,0.852,-0.353
-0.728,-7.518,-15.603,4.441,1.722,-0.269
0.228,-11.595,-17.952,4.441,1.463,-0.61
-7.567,-13.638,-28.577,4.441,-0.772,-1.579
-10.623,-8.806,-31.039,2.555,0.0,-0.621
-8.918,-6.52,-27.301,0.476,0.0,-0.13
-6.095,-5.835,-21.55,-0.567,0.0,0.143
-3.989,-5.538,-18.01,-0.864,-0.277,0.0
