-1.534,-9.37,-9.838,0.0,0.57,-0.351
-2.225,-9.761,-8.65,0.0,0.948,-0.207
-2.773,-9.657,-8.138,0.295,0.834,0.0
-2.441,-9.273,-8.377,0.159,0.252,0.0
-2.132,-9.463,-8.675,0.0,0.0,0.0
-2.493,-9.497,-8.814,0.0,0.0,0.0
-2.533,-9.594,-8.546,0.0,0.0,0.0
-1.913,-9.496,-8.455,0.0,-0.284,0.0
-2.939,-9.508,-8.407,-0.202,-0.207,-0.198
-10.364,-11.422,-2.502,-1.246,-0.388,0.421
-17.24,-19.427,0.817,-0.255,2.416,2.561
-9.147,-19.568,-6.782,1.732,0.0,4.357
-4.653,-19.568,-9.607,2.44,0.0,4.357
-2.322,-13.814,-10.43,2.405,-0.176,3.84
-2.661,-7.729,-9.616,1.835,-0.264,2.557
-4.093,-4.316,-9.049,2.474,-0.732,1.8
-4.613,-1.621,-9.314,2.764,-0.247,1.571
-4.577,-0.189,-9.376,2.972,0.109,1.452
-5.857,0.135,-10.232,3.381,-0.601,1.04
-6.647,-1.342,-13.323,3.97,-0.799,0.823
-5.311,-3.48,-15.382,4.073,-0.383,1.002
-2.485,-4.432,-18.373,4.079,-0.635,0.576
-4.769,-3.99,-20.668,4.1,-0.658,-0.131
-4.16,-2.889,-25.107,3.694,1.404,0.606
-4.947,-3.315,-22.379,2.162,0.619,-0.41
