-2.551,-9.48,-8.555,0.0,0.0,0.0
-2.708,-9.457,-8.629,0.0,0.0,0.0
-2.756,-9.442,-8.693,0.0,0.0,0.0
-2.686,-9.439,-8.675,0.0,0.0,0.0
-2.781,-9.392,-8.652,0.0,0.0,0.0
-2.888,-9.49,-8.784,0.0,0.0,0.0
-3.046,-9.564,-9.015,0.0,0.0,0.0
-5.356,-8.81,-8.066,-0.217,-0.423,0.0
-8.043,-10.809,-2.791,-0.403,-1.541,0.502
-12.354,-15.91,0.247,0.534,1.169,2.112
-9.932,-18.176,-4.032,1.783,1.217,3.427
-6.35,-17.685,-7.367,2.606,0.191,3.834
-7.299,-12.57,-7.464,2.615,-0.177,3.212
-6.274,-7.945,-8.414,2.454,0.0,2.591
-5.004,-4.852,-9.306,2.539,0.0,2.386
-5.85,-1.177,-7.399,2.328,-0.319,1.88
-5.784,0.847,-7.632,2.58,-1.401,1.224
-6.553,1.227,-8.264,2.955,-1.582,0.948
-6.476,1.511,-10.066,3.143,-1.945,0.516
-6.852,2.162,-11.975,3.146,-1.553,0.39
-6.413,2.654,-14.437,2.831,-1.397,0.311
-8.056,2.691,-16.542,2.848,-1.625,0.0
-7.48,3.606,-18.708,2.349,-0.638,0.352
-6.626,4.8,-21.083,2.036,-0.437,0.315
-5.815,5.745,-23.032,0.932,-0.136,0.295
