-1.817,-9.589,-8.273,0.233,0.532,0.154
-1.939,-9.401,-8.325,0.0,0.613,0.0
-2.153,-9.597,-8.414,0.0,0.429,0.0
-2.044,-9.613,-8.753,0.0,0.298,0.0
-2.193,-9.567,-8.702,0.0,0.272,0.0
-2.328,-9.612,-8.563,0.0,0.16,0.0
-2.073,-9.655,-8.802,0.0,0.0,0.0
-3.014,-9.992,-8.731,-0.16,-0.43,-0.211
-6.78,-12.231,-5.813,-1.797,0.0,-0.146
-13.191,-17.264,-4.62,-1.089,3.777,2.113
-10.965,-19.214,-10.796,-0.683,2.032,4.357
-6.265,-17.538,-14.111,0.988,1.063,4.357
-7.084,-12.91,-11.095,0.277,0.128,4.357
-5.302,-8.932,-11.447,1.347,-1.176,3.461
-4.99,-6.578,-10.982,2.052,-0.965,3.287
-5.982,-2.877,-11.146,1.947,-1.007,2.592
-7.374,-0.527,-11.46,2.131,-1.373,2.151
-6.677,0.406,-12.633,2.802,-1.274,2.362
-5.685,2.169,-14.291,2.562,-1.048,2.087
-3.53,2.753,-14.28,2.335,-1.63,1.426
-4.384,3.63,-17.208,2.57,-0.835,1.017
-2.383,5.155,-21.399,2.2,-0.247,0.883
-2.632,5.398,-21.24,1.151,-0.297,0.486
-3.293,5.283,-20.872,0.649,0.0,0.217
-3.953,5.23,-19.392,0.201,-0.12,0.0
