-1.506,-9.261,-8.131,0.0,-1.885,0.0
-2.891,-9.395,-8.713,0.0,-0.739,-0.232
-3.069,-9.478,-8.643,0.0,0.0,0.0
-3.104,-9.597,-7.998,0.148,0.0,0.108
-2.271,-9.226,-8.134,0.171,0.0,0.0
-2.641,-9.359,-8.332,0.0,0.397,0.0
-3.511,-9.249,-8.455,0.0,0.277,-0.132
-3.705,-9.084,-7.815,-0.331,-0.185,0.0
-4.197,-10.097,-4.584,-0.311,-0.45,0.378
-8.755,-14.416,1.525,0.378,3.141,0.97
-11.111,-17.531,-2.103,2.249,3.169,2.917
-9.672,-16.466,-6.412,2.09,2.436,3.852
-7.433,-12.994,-8.416,1.905,0.9,3.916
-6.227,-9.23,-8.223,1.772,0.231,3.133
-5.702,-6.214,-9.061,2.2,-0.427,2.57
-5.674,-2.886,-8.95,2.175,-0.171,2.14
-6.105,-0.88,-8.199,2.312,-0.934,1.546
-6.304,0.351,-9.407,2.678,-0.953,1.101
-6.032,1.076,-10.392,2.932,-0.809,0.995
-6.018,1.243,-12.386,3.114,-0.913,0.591
-5.643,1.21,-13.445,2.503,0.0,0.556
-4.196,0.209,-13.805,2.788,0.292,0.357
-3.007,-1.312,-16.961,3.392,1.538,0.516
-2.004,-2.568,-20.181,3.472,0.942,0.415
-2.976,-3.429,-24.518,2.906,0.775,0.0
