-2.429,-9.52,-8.995,0.0,0.0,0.0
-2.335,-9.605,-9.111,0.0,0.0,0.0
-2.356,-9.567,-9.08,0.0,0.149,0.0
-2.465,-9.474,-8.868,0.0,0.0,0.0
-2.517,-9.449,-8.845,0.0,0.0,0.0
-2.667,-9.572,-8.963,0.0,0.0,0.0
-2.477,-9.589,-9.071,0.0,-0.188,0.0
-3.784,-9.699,-9.219,-0.103,-0.418,0.0
-7.37,-10.312,-6.548,-1.575,-2.733,0.779
-8.595,-16.894,-2.569,-2.658,-0.359,1.432
-6.427,-19.082,-4.748,2.12,-1.645,2.208
-4.048,-18.432,-8.903,3.256,-0.645,1.605
-4.308,-16.398,-10.451,4.075,-0.175,1.216
-5.52,-12.895,-10.3,3.824,0.316,1.045
-5.693,-8.829,-9.914,3.642,0.609,1.342
-5.687,-5.25,-8.583,3.29,0.493,1.357
-5.79,-3.096,-8.064,3.113,0.232,0.943
-5.084,-1.754,-7.852,3.331,0.0,0.568
-6.646,-1.838,-8.887,3.607,0.0,0.0
-8.002,-3.217,-10.567,3.836,-0.322,-0.182
-7.731,-5.253,-14.76,4.358,0.35,0.385
-5.721,-5.331,-18.404,4.155,0.946,0.943
-3.034,-4.497,-24.672,4.253,0.487,0.937
-5.121,-2.967,-26.812,3.7,0.329,0.832
-2.216,-0.487,-29.244,3.347,0.595,1.379
