-1.113,-9.654,-9.074,0.0,0.0,-0.16
-1.518,-9.619,-9.394,0.0,0.114,-0.343
-1.886,-9.652,-8.903,0.0,0.521,-0.319
-2.554,-9.9,-9.352,0.237,1.033,-0.186
-2.835,-9.611,-9.454,0.124,0.877,0.0
-2.497,-9.724,-9.554,0.0,0.0,0.0
-2.037,-9.846,-9.388,0.0,-0.199,0.0
-2.849,-9.723,-8.636,0.0,-0.12,0.0
-8.728,-10.707,-8.054,-0.155,2.409,0.564
-14.709,-14.871,-6.393,-0.274,2.565,3.494
-12.553,-15.008,-9.043,-0.137,2.462,3.93
-10.028,-15.808,-9.931,-0.217,1.312,4.187
-10.057,-10.144,-10.336,-0.308,0.0,3.426
-6.902,-7.945,-11.211,0.442,-0.374,3.22
-7.194,-4.048,-10.961,0.553,-0.772,2.566
-6.933,-1.789,-11.441,0.943,-0.975,2.304
-6.116,-0.511,-10.885,1.848,-1.409,2.2
-7.527,0.531,-10.839,2.293,-1.593,1.75
-6.467,1.012,-11.574,2.785,-1.099,1.734
-6.287,1.168,-13.534,2.974,-1.062,1.436
-5.229,1.992,-15.653,2.681,-0.757,1.503
-2.745,1.439,-15.646,2.477,-0.463,1.147
-1.87,1.482,-17.776,2.663,0.0,0.804
-3.019,1.126,-22.476,2.716,0.256,0.439
-3.603,1.215,-25.878,1.577,0.162,0.141
