-1.771,-9.796,-9.262,-0.263,0.236,-0.569
-1.908,-9.826,-9.147,0.0,0.0,-0.246
-1.781,-9.905,-8.771,0.0,0.232,0.0
-2.052,-9.702,-8.367,0.359,0.952,0.0
-1.988,-9.518,-8.519,0.0,0.731,0.0
-2.311,-9.654,-8.903,0.0,0.643,-0.121
-2.302,-9.654,-9.069,0.0,0.205,0.0
-2.028,-9.807,-8.551,-0.324,0.64,-0.267
-4.457,-12.424,-8.051,-0.934,4.376,-1.026
-18.253,-14.885,-13.359,-0.548,2.56,1.899
-9.162,-19.49,-10.471,-1.77,2.484,3.96
-7.308,-18.817,-10.538,-1.033,0.906,4.357
-6.245,-14.872,-10.615,-1.026,0.0,4.357
-6.546,-10.185,-9.858,0.0,-1.407,3.661
-5.799,-6.691,-10.839,1.143,-0.89,3.459
-5.688,-4.69,-11.541,1.996,-1.339,2.941
-6.14,-2.124,-12.601,2.274,-1.672,2.588
-5.844,-0.126,-12.758,2.479,-1.234,2.415
-4.582,0.73,-13.144,2.812,-1.178,2.248
-3.89,1.425,-15.884,3.231,-1.109,2.126
-2.382,2.007,-17.089,3.026,-0.71,1.592
-1.908,1.939,-19.813,2.893,-0.277,1.133
-1.139,1.918,-22.292,2.05,0.0,0.376
-2.456,1.922,-24.489,1.361,-0.157,0.382
-3.179,1.571,-22.993,0.402,-0.551,-0.135
