-2.83,-9.445,-8.636,0.143,0.249,0.0
-3.064,-9.413,-8.741,0.0,0.181,0.0
-3.172,-9.488,-8.484,0.0,0.0,0.0
-2.817,-9.418,-8.483,0.0,-0.213,0.0
-2.128,-9.725,-8.394,0.0,-0.187,-0.109
-2.424,-9.364,-8.286,0.0,0.0,-0.262
-2.879,-9.342,-8.4,0.101,0.125,-0.295
-3.321,-9.869,-8.684,0.0,0.0,-0.229
-5.26,-12.728,-5.201,-2.491,-2.207,-1.275
-6.324,-17.076,0.0,-0.534,0.538,1.995
-5.887,-19.568,-5.737,3.964,1.3,4.357
-4.427,-16.045,-6.415,2.711,1.346,3.548
-5.058,-11.601,-7.536,2.826,-0.171,2.462
-5.791,-8.422,-8.368,2.864,-0.207,1.751
-6.534,-6.501,-7.942,3.032,0.173,1.717
-5.571,-3.663,-7.628,2.61,1.041,1.917
-5.382,-1.394,-7.851,2.49,0.693,1.587
-4.464,0.445,-8.717,2.507,0.859,1.435
-4.313,1.196,-11.296,2.63,1.243,1.312
-3.565,1.535,-13.06,2.533,1.166,1.355
-3.178,0.978,-14.374,3.349,0.325,1.248
-1.133,-2.293,-18.984,4.257,1.204,1.221
-0.129,-3.277,-26.147,4.146,0.255,0.357
-1.054,0.985,-29.395,0.0,-0.119,0.0
-3.607,0.23,-24.717,0.251,-0.456,-0.246
