-2.078,-9.515,-8.833,0.0,0.0,0.0
-1.986,-9.629,-8.826,0.0,0.0,0.0
-2.181,-9.575,-8.685,0.0,0.123,0.0
-2.01,-9.541,-8.75,0.0,0.0,0.0
-2.194,-9.654,-8.612,0.0,0.0,0.0
-2.132,-9.633,-8.522,0.163,0.0,0.0
-2.394,-9.499,-8.494,0.173,0.169,0.0
-2.925,-10.167,-8.395,0.0,0.321,0.0
-5.579,-10.905,-4.657,-0.837,2.233,0.633
-20.72,-16.52,-5.061,-0.839,4.376,2.738
-12.046,-19.568,-11.973,-0.505,1.781,4.357
-10.043,-16.746,-12.269,-0.697,0.172,4.357
-6.921,-12.266,-10.869,0.0,-0.945,4.309
-5.921,-8.645,-10.232,1.575,-1.391,3.475
-6.805,-5.884,-10.91,2.142,-2.177,2.811
-5.109,-3.346,-11.636,2.558,-1.713,2.749
-2.976,-0.321,-11.673,2.685,-1.433,2.182
-2.686,1.566,-11.493,3.004,-1.278,1.392
-2.536,1.156,-13.532,3.379,-1.036,0.766
-1.47,-0.487,-15.826,3.751,-0.369,0.317
-4.382,0.0,-28.985,4.441,0.852,0.434
-5.388,1.017,-25.901,0.577,-1.261,-0.479
-8.231,1.881,-21.93,0.0,-0.647,-0.377
-6.884,1.835,-19.709,0.0,-0.337,-0.147
-6.139,1.565,-18.146,0.0,0.0,-0.202
