-1.872,-9.579,-8.193,0.0,-0.248,0.109
-1.391,-9.48,-8.557,0.0,-0.27,0.109
-1.651,-9.583,-8.391,0.0,-0.183,0.0
-1.823,-9.566,-8.033,0.0,0.0,0.1
-1.933,-9.466,-8.009,0.0,0.0,0.0
-1.983,-9.546,-7.938,0.0,-0.177,0.0
-1.819,-9.609,-7.945,0.0,-0.236,0.0
-3.661,-10.595,-7.574,0.161,-0.514,0.131
-9.82,-9.989,-2.26,0.388,-1.635,1.623
-7.12,-14.039,6.558,-0.601,-1.718,1.969
-6.184,-19.341,1.992,2.873,0.394,2.367
-6.056,-19.568,-0.103,3.976,-1.223,1.748
-5.164,-17.89,-5.971,4.336,-0.117,1.257
-3.774,-13.143,-7.678,4.441,-0.225,0.738
-1.965,-7.723,-9.179,4.404,0.407,0.616
-4.221,-4.378,-7.835,3.973,-1.206,0.0
-2.943,-4.307,-7.645,4.299,-0.454,-0.722
-6.988,-3.902,-13.562,4.441,0.0,-1.185
-9.188,-1.366,-18.807,3.597,-0.322,-0.749
-8.523,-0.738,-15.655,2.857,0.0,-0.132
-4.83,-2.209,-15.627,3.342,0.0,0.0
-3.294,-4.495,-20.133,4.3,0.39,-0.797
-8.159,-3.958,-29.821,3.919,0.559,-0.818
-10.005,-0.865,-31.039,1.073,0.434,0.0
-7.532,-0.912,-25.689,-0.255,0.0,0.434
