-2.398,-9.577,-9.153,0.0,0.0,0.0
-2.275,-9.561,-9.249,0.0,0.0,0.0
-2.363,-9.595,-9.14,0.0,0.0,0.0
-2.345,-9.576,-9.255,0.0,0.0,0.0
-2.329,-9.566,-9.268,0.0,0.0,0.0
-2.322,-9.615,-9.183,0.0,0.0,0.0
-2.281,-9.599,-9.193,0.0,0.0,0.0
-4.628,-10.018,-9.267,0.187,-0.836,0.0
-7.263,-10.767,-8.884,-1.236,-4.146,1.586
-12.97,-19.568,8.186,-0.533,-0.983,1.562
-3.993,-19.568,-4.372,3.758,0.0,2.786
-2.733,-19.568,-11.207,4.441,0.358,2.359
-2.465,-16.086,-13.037,4.441,1.703,2.16
-2.31,-8.29,-11.912,3.605,1.369,1.798
-3.718,-3.521,-9.11,2.742,0.399,1.391
-4.745,-0.588,-8.855,2.186,0.759,1.128
-5.763,0.894,-9.499,2.132,0.499,0.845
-7.694,1.365,-10.752,2.538,-0.274,0.394
-9.219,0.379,-12.562,2.927,-1.057,0.18
-7.388,-0.857,-14.372,3.323,-0.179,0.365
-5.183,-1.548,-15.918,3.837,0.0,0.149
-4.512,-0.892,-19.622,3.902,0.395,-0.135
-6.583,0.361,-25.415,3.876,0.445,0.121
-4.975,0.704,-23.206,1.119,-0.145,-0.332
-6.619,0.318,-21.396,0.777,0.0,-0.315
