-0.25,-9.7,-10.721,0.115,0.0,-0.105
-0.333,-9.533,-10.964,0.0,0.0,-0.106
-0.594,-9.31,-11.148,0.0,0.199,0.0
-0.621,-9.493,-10.957,0.0,0.0,0.0
-0.54,-9.612,-10.887,-0.113,0.138,0.0
-0.523,-10.118,-10.851,0.0,0.0,0.0
-1.944,-10.193,-11.558,0.0,-0.308,0.31
-2.878,-10.206,-11.513,-0.176,-0.63,0.898
-4.711,-9.705,-10.765,-0.474,0.177,1.065
-12.262,-11.685,-8.619,-0.823,0.597,2.28
-15.336,-18.696,-2.998,-0.232,-1.141,4.393
-14.117,-19.435,-6.679,3.817,-1.907,4.393
-12.921,-18.831,-12.429,4.431,-0.976,4.393
-10.657,-10.514,-15.245,3.273,-1.83,4.393
-7.704,-5.022,-19.223,3.938,-1.914,2.687
-7.714,-1.576,-17.033,3.33,-3.918,2.331
-5.607,-0.92,-16.184,3.558,-3.583,2.257
-3.389,-1.568,-19.505,3.851,-2.276,2.624
1.214,-1.238,-22.511,3.159,-1.917,3.102
10.402,0.418,-29.745,1.045,-0.663,2.424
7.78,6.098,-26.626,-0.472,-0.675,-0.258
0.58,2.925,-27.756,-1.77,0.323,-0.713
2.263,0.606,-21.783,-3.888,0.819,-0.519
-1.562,3.442,-16.154,-4.174,2.531,-1.595
-9.212,4.819,-8.001,-4.299,0.0,-1.582
