-0.506,-9.51,-11.002,0.0,0.0,0.0
-0.603,-9.397,-11.135,0.0,0.0,0.0
-0.802,-9.563,-11.27,0.0,0.0,-0.117
-0.84,-9.465,-11.449,0.0,0.0,0.0
-0.56,-9.331,-11.578,-0.238,0.352,0.0
-1.462,-9.366,-11.746,-0.136,0.0,0.0
-2.454,-9.907,-11.046,0.141,-0.736,0.0
-3.044,-9.911,-11.96,-0.112,-0.485,0.369
-6.895,-11.863,-10.887,-1.165,2.087,1.792
-12.617,-16.307,-7.808,-1.379,2.516,4.393
-12.429,-19.435,-10.285,0.94,0.636,4.393
-11.784,-17.773,-14.628,1.422,0.464,4.393
-10.097,-13.881,-16.787,0.784,-0.517,4.393
-7.388,-9.444,-17.344,1.178,-1.346,4.393
-4.55,-6.16,-15.789,1.302,-2.049,4.155
-4.286,-1.833,-14.945,1.62,-3.118,3.15
-4.629,0.338,-17.295,1.775,-2.834,3.112
0.0,0.768,-18.348,1.649,-1.317,4.081
6.647,2.207,-20.007,1.086,-1.593,3.259
10.687,5.016,-20.46,0.0,-1.659,2.129
9.917,6.897,-18.18,-0.881,-1.832,0.373
6.602,6.455,-24.398,-0.719,0.362,-0.151
8.767,5.113,-20.615,-2.243,0.524,-0.939
3.1,5.01,-17.074,-2.489,0.899,-1.96
-3.56,4.858,-13.091,-3.519,0.141,-2.494
