-0.748,-9.653,-11.027,0.0,0.191,0.0
-0.553,-9.574,-10.859,0.0,0.0,-0.136
-0.637,-9.568,-11.117,0.0,0.154,-0.107
-0.575,-9.519,-11.367,0.0,0.164,0.0
-0.944,-9.247,-12.096,0.0,0.0,-0.145
-1.646,-9.244,-11.71,0.0,-0.304,0.0
-2.543,-9.646,-12.202,-0.321,-0.31,0.164
-5.521,-9.969,-11.197,0.0,-0.886,0.77
-9.568,-12.043,-12.179,-1.321,0.973,2.328
-12.405,-14.402,-13.541,-1.114,1.115,4.393
-14.107,-16.041,-13.872,-1.579,0.218,4.393
-11.984,-13.389,-14.906,-1.016,0.551,4.393
-11.595,-9.138,-14.634,-0.898,0.744,4.393
-10.487,-6.283,-18.54,0.908,-1.799,4.368
-8.474,-7.282,-21.577,0.904,-3.328,4.393
-3.937,-3.599,-21.887,0.167,-4.354,4.012
-2.321,-1.979,-20.568,1.609,-4.354,3.625
-0.112,-2.625,-20.68,2.34,-4.119,3.498
3.121,-1.823,-24.209,1.634,-1.818,3.027
10.209,1.567,-25.694,0.147,-1.028,2.262
12.2,4.979,-23.396,-0.882,-1.192,0.771
7.931,5.654,-23.367,-0.278,0.363,-1.121
3.031,4.014,-19.548,-2.394,-0.133,-1.039
2.671,4.549,-17.524,-3.26,0.943,-1.483
-0.175,4.585,-17.777,-4.058,-0.147,-2.581
