-0.326,-9.446,-11.164,0.0,0.0,0.0
-0.387,-9.462,-11.364,0.0,0.127,0.0
-0.595,-9.438,-11.26,0.0,0.0,0.0
-0.608,-9.515,-11.236,0.0,0.0,0.0
-0.778,-9.537,-11.143,0.0,0.0,0.0
-0.624,-9.577,-11.543,0.0,0.0,0.0
-1.007,-9.53,-11.99,0.0,-0.135,-0.136
-5.522,-10.125,-13.004,-0.251,-0.451,0.612
-9.027,-10.514,-13.121,-0.399,1.277,2.591
-13.175,-13.328,-13.266,-0.987,1.406,4.17
-13.943,-14.112,-14.522,-1.882,1.716,4.393
-11.243,-12.016,-16.239,-2.181,1.449,4.393
-10.169,-8.497,-17.137,-2.297,1.115,4.259
-9.632,-3.969,-17.404,-1.062,-0.22,3.87
-6.198,-3.554,-16.386,-0.911,-1.884,3.864
-2.982,0.158,-17.032,-0.794,-3.035,3.353
-1.077,1.385,-16.789,0.0,-4.28,2.774
-1.14,1.23,-19.412,0.642,-3.266,3.195
3.132,1.45,-20.683,0.175,-3.216,3.247
7.866,2.265,-19.532,-0.414,-2.12,3.09
16.779,3.24,-16.52,-0.842,-1.484,1.798
14.218,6.179,-17.048,0.0,0.0,-0.707
7.804,5.654,-16.739,-1.193,-0.67,-1.8
4.22,5.278,-17.027,-1.738,0.147,-1.836
1.282,4.555,-19.628,-2.035,-0.521,-2.755
