-0.753,-9.373,-11.25,0.0,0.0,0.265
-0.416,-9.398,-11.166,0.0,0.0,0.237
-0.442,-9.332,-11.264,0.0,0.0,0.119
-0.485,-9.453,-10.961,0.0,0.0,0.0
-0.575,-9.531,-11.023,0.0,0.0,0.0
-0.664,-9.618,-11.1,0.0,-0.147,-0.11
-0.814,-9.832,-10.929,0.0,0.0,0.0
-2.297,-10.162,-11.547,-0.216,0.0,0.372
-5.189,-12.183,-9.15,-0.933,0.794,1.383
-10.593,-16.448,-8.025,0.21,1.015,3.415
-9.851,-18.904,-7.431,1.313,0.216,4.393
-9.356,-17.343,-10.202,2.807,-0.437,4.393
-8.617,-12.314,-12.651,3.374,-1.102,4.393
-7.89,-6.385,-13.308,2.543,-0.894,3.413
-7.096,-3.476,-12.824,2.994,-1.243,2.894
-6.555,-0.41,-13.866,2.59,-1.278,3.219
-4.623,2.325,-12.688,1.674,-1.896,2.675
-3.885,2.601,-13.547,2.097,-2.105,2.177
-0.911,2.953,-15.727,1.959,-2.697,2.231
0.811,2.17,-19.35,3.452,-1.625,2.656
9.224,6.107,-23.262,1.394,-1.978,1.295
6.043,8.19,-26.429,0.0,-0.323,0.0
3.474,8.597,-22.666,-1.193,-0.204,-0.612
1.321,6.92,-19.945,-2.033,0.432,-0.709
-0.618,6.101,-17.098,-2.897,0.553,-0.762
