-0.501,-9.705,-11.392,0.0,-0.227,-0.165
-1.004,-9.96,-11.277,0.0,-0.247,0.0
-2.604,-10.008,-11.67,0.0,-0.549,0.241
-3.964,-10.278,-11.789,-0.485,-0.23,1.096
-9.051,-11.455,-11.034,-0.707,0.375,2.284
-9.5,-11.691,-11.761,-0.62,-0.37,3.191
-11.444,-14.078,-10.017,-0.488,0.408,4.393
-11.591,-13.292,-11.607,0.0,0.224,4.393
-11.797,-9.505,-12.442,0.0,-0.904,3.915
-8.629,-5.261,-13.465,1.181,-1.212,3.496
-8.897,-2.775,-14.504,2.392,-2.192,3.083
-8.372,-0.305,-14.778,1.885,-2.248,2.991
-5.339,1.606,-13.62,1.701,-3.296,2.427
-4.659,2.149,-15.058,2.449,-3.198,2.302
-2.742,3.169,-15.208,2.241,-3.224,2.264
-2.386,4.098,-15.429,2.109,-2.914,1.932
-1.254,4.688,-18.344,2.45,-2.179,2.243
4.621,5.249,-24.539,1.67,-1.339,1.979
5.592,5.761,-21.273,1.141,-0.961,0.125
5.253,4.755,-23.294,-0.904,-0.636,0.323
5.506,5.597,-19.836,-1.488,0.611,-1.001
0.721,5.559,-20.547,-1.521,1.209,-1.819
-2.027,7.026,-18.309,-1.7,1.326,-1.543
-2.798,6.077,-20.58,-1.454,2.675,-1.211
-2.741,4.373,-18.688,-1.9,1.631,-1.614
