-0.861,-9.457,-11.098,0.0,-0.182,0.0
-0.877,-9.481,-11.292,0.0,-0.17,0.0
-0.8,-9.453,-11.257,0.0,-0.174,0.0
-0.632,-9.496,-11.234,0.0,-0.174,0.0
-0.675,-9.488,-11.374,0.0,-0.182,0.0
-0.627,-9.577,-11.269,0.0,-0.351,-0.17
-0.871,-9.772,-11.097,0.0,-0.349,-0.15
-3.384,-10.812,-10.599,-0.298,-0.452,0.478
-7.572,-13.302,-7.326,-0.846,0.0,1.975
-11.287,-19.435,-3.407,1.731,0.308,4.069
-12.634,-19.435,-11.494,3.689,0.984,4.393
-9.499,-14.838,-12.872,1.789,0.711,4.393
-8.477,-8.553,-12.376,1.389,-0.609,4.393
-7.353,-4.598,-12.38,2.364,-1.351,3.841
-6.351,-1.901,-13.874,2.446,-2.707,3.051
-4.587,-0.756,-14.367,2.442,-3.199,2.696
-0.706,0.368,-15.85,2.463,-2.302,3.168
6.341,1.247,-18.737,2.595,-0.949,3.781
12.727,5.749,-19.379,1.14,-1.253,2.062
9.453,7.406,-21.319,0.288,-0.908,0.351
5.494,6.758,-23.095,1.031,0.32,-0.554
5.781,5.525,-18.875,-1.072,-0.168,-0.293
4.513,5.436,-18.284,-1.681,1.1,-1.194
1.652,5.65,-18.937,-2.637,0.84,-1.924
-1.56,6.019,-15.374,-3.609,-0.358,-2.251
