-1.488,-9.585,-11.19,0.0,0.0,-0.107
-1.263,-9.553,-11.303,0.0,0.0,0.0
-1.005,-9.447,-11.206,0.0,0.0,0.221
-0.578,-9.51,-11.285,0.0,0.0,0.223
-0.525,-9.375,-11.352,0.0,-0.103,0.0
-0.521,-9.401,-11.456,-0.101,-0.268,-0.172
-1.093,-9.736,-11.43,0.0,0.0,-0.141
-2.381,-10.216,-10.349,-0.352,0.58,0.302
-6.511,-13.21,-7.587,-1.013,2.61,2.011
-12.397,-19.034,-6.239,0.77,1.922,4.393
-11.761,-19.435,-9.564,1.8,0.391,4.393
-9.372,-18.081,-11.863,1.967,-0.64,4.393
-6.728,-11.707,-12.525,2.664,-0.472,4.393
-5.63,-6.787,-13.328,2.484,0.0,4.393
-3.79,-3.201,-14.555,1.794,-0.718,3.94
-2.546,0.0,-14.203,1.569,-0.999,3.345
-1.945,0.843,-13.82,1.695,-1.595,3.188
1.996,1.017,-15.99,2.558,-1.348,3.1
7.712,1.764,-18.02,1.722,-1.69,2.022
4.48,5.249,-22.4,0.983,-0.56,0.601
6.699,6.467,-25.692,0.792,-0.104,0.184
5.205,6.112,-24.004,-0.477,0.0,-0.386
3.443,5.336,-21.722,-1.43,0.277,-0.719
2.47,4.634,-20.414,-1.962,0.44,-1.037
0.641,4.584,-19.024,-2.928,0.348,-1.803
