-1.852,-9.909,-11.22,0.0,0.174,-0.712
-1.955,-9.793,-11.566,0.0,0.153,0.0
-1.149,-9.894,-11.58,0.0,0.121,0.486
-0.849,-9.708,-11.099,-0.183,-0.286,0.469
-0.152,-9.392,-10.964,-0.144,-0.184,0.543
0.101,-9.411,-11.043,0.0,0.0,0.259
-0.418,-9.346,-11.447,0.0,-0.474,-0.133
-0.988,-9.46,-11.428,0.0,-0.474,-0.308
-6.258,-11.293,-11.151,-0.35,0.0,0.361
-13.067,-15.21,-7.634,-1.348,1.373,3.364
-12.767,-19.213,-8.438,1.3,0.0,4.393
-9.237,-16.961,-11.894,1.836,0.518,4.393
-7.84,-11.826,-11.968,0.813,0.254,4.393
-6.39,-7.324,-12.307,1.119,-0.227,4.054
-6.052,-2.402,-12.653,1.176,-1.076,2.991
-6.425,0.895,-12.43,1.555,-2.35,2.323
-6.76,3.069,-12.562,1.884,-2.434,1.991
-4.429,4.585,-14.433,2.044,-2.141,2.331
-2.241,5.591,-15.253,1.919,-1.416,2.466
1.45,6.283,-16.602,1.535,-1.503,2.3
0.805,6.78,-16.91,0.745,-1.362,1.829
2.281,6.605,-16.278,0.308,-1.308,2.271
9.62,7.663,-17.323,-0.34,-1.425,1.713
7.582,7.895,-16.793,-1.12,-0.497,-0.434
3.425,8.675,-16.978,-0.554,0.0,-0.603
