-1.128,-9.536,-10.987,-0.106,0.123,-0.169
-1.215,-9.568,-10.87,0.0,0.0,-0.14
-1.152,-9.591,-10.939,0.0,0.123,0.0
-1.235,-9.612,-11.102,0.0,0.1,0.0
-0.997,-9.527,-11.292,0.0,0.0,0.0
-1.825,-9.647,-11.847,0.0,-0.156,0.0
-1.538,-9.392,-12.303,-0.417,-0.31,0.285
-2.802,-9.705,-11.572,-0.554,-0.207,0.355
-5.477,-11.146,-8.968,-0.476,0.0,0.974
-8.088,-14.231,-6.667,0.344,0.32,2.343
-8.89,-17.458,-6.86,1.963,0.418,3.762
-8.319,-17.109,-9.695,2.917,0.493,4.393
-7.618,-12.35,-11.145,2.566,0.0,4.327
-7.423,-7.512,-11.165,2.453,-0.558,3.399
-8.181,-3.508,-11.023,2.449,-1.357,2.651
-7.797,-1.032,-12.081,2.707,-1.432,2.256
-7.027,1.472,-12.939,2.407,-1.205,2.493
-4.333,3.944,-13.594,2.017,-1.337,2.514
-1.98,5.27,-13.062,1.705,-1.424,2.288
-0.829,6.181,-13.296,1.336,-1.46,2.128
0.0,6.166,-13.578,1.154,-1.611,2.064
3.493,6.751,-15.346,1.488,-1.909,1.691
3.161,6.855,-18.864,1.341,-1.17,0.645
5.138,7.685,-18.489,0.478,-0.813,0.394
4.742,8.351,-19.928,0.0,0.0,-0.15
