-0.224,-9.267,-10.863,0.0,0.0,-0.141
-0.37,-9.482,-10.732,0.0,0.0,-0.196
-0.733,-9.782,-10.781,0.0,0.15,0.0
-0.233,-9.766,-10.618,0.0,0.218,0.106
0.187,-9.536,-10.568,0.0,0.143,0.0
0.332,-8.985,-10.784,0.0,0.0,-0.321
-2.334,-9.154,-12.521,-0.132,0.142,-0.472
-6.418,-10.095,-13.237,-0.28,0.774,1.574
-7.618,-10.162,-13.59,-0.685,-0.228,2.252
-11.31,-12.587,-13.07,-1.846,0.55,3.386
-12.647,-14.685,-12.854,-1.812,0.526,4.393
-12.62,-14.244,-13.615,-0.76,0.371,4.393
-11.39,-11.746,-14.961,-0.523,0.795,4.393
-11.214,-7.199,-14.491,0.0,-0.811,4.14
-9.449,-5.157,-16.627,0.903,-1.302,4.078
-7.594,-3.584,-17.069,1.149,-2.877,3.882
-6.036,-2.419,-17.329,1.422,-3.935,3.467
-4.327,-2.066,-17.921,1.692,-3.437,3.67
-1.691,-2.743,-18.722,2.549,-2.983,3.922
4.275,-1.849,-21.246,2.821,-2.693,3.864
9.584,0.394,-26.731,0.813,-2.81,1.632
3.904,1.833,-30.049,1.234,0.259,0.0
5.667,1.309,-26.939,-1.967,-0.706,0.0
3.4,1.638,-20.094,-3.024,0.167,-0.897
-1.342,3.003,-18.344,-3.851,0.57,-1.683
