-0.579,-9.515,-10.965,0.104,0.0,-0.222
-0.754,-9.524,-11.039,0.17,-0.34,-0.351
-0.654,-9.529,-11.23,0.0,0.0,-0.284
-1.106,-9.76,-11.007,0.0,0.0,0.0
-0.195,-9.756,-11.301,0.0,0.223,0.336
0.0,-9.371,-11.118,0.0,-0.175,0.0
-0.235,-9.361,-11.075,0.0,0.0,0.0
-2.465,-9.973,-12.37,-0.314,0.468,0.175
-6.756,-11.457,-12.987,-1.017,1.925,1.987
-12.148,-12.746,-11.268,-0.979,1.472,3.493
-12.246,-13.491,-14.694,-0.103,0.0,4.393
-12.338,-12.231,-13.759,-1.705,0.337,4.393
-13.361,-11.251,-14.422,-0.444,0.374,4.393
-11.527,-8.678,-17.708,0.0,0.0,4.393
-7.621,-3.693,-17.799,-0.282,-2.047,4.21
-4.79,-1.35,-19.578,0.638,-2.737,3.447
-2.903,0.423,-18.176,0.905,-4.354,3.396
-2.544,0.694,-17.056,1.965,-4.354,2.871
1.371,1.869,-19.05,2.152,-3.049,2.951
3.861,1.02,-20.645,2.143,-3.087,3.35
8.33,1.528,-22.494,1.481,-1.188,2.421
10.547,3.993,-23.808,-0.443,-1.109,0.453
4.888,3.709,-26.497,-0.592,0.178,-0.474
4.041,2.129,-20.935,-2.584,0.107,-0.337
3.983,2.729,-16.289,-3.473,1.257,-1.079
