-1.185,-10.548,-10.298,0.0,0.376,0.182
-1.255,-10.341,-10.562,0.0,0.336,0.0
-1.368,-10.245,-10.45,0.0,0.0,0.0
-1.443,-10.402,-10.391,0.0,0.0,-0.159
-1.967,-10.192,-10.108,0.0,0.0,0.0
-0.918,-10.084,-10.34,0.0,0.182,0.0
-1.198,-10.147,-10.766,0.0,0.161,-0.172
-1.697,-9.92,-10.687,0.0,-0.151,-0.144
-3.728,-11.142,-8.83,0.0,0.218,-0.413
-14.214,-12.917,-6.813,0.772,-0.875,0.543
-13.277,-15.637,-11.078,1.807,-1.2,3.076
-9.882,-17.773,-13.955,1.294,-1.002,4.316
-3.873,-15.793,-12.991,0.154,-1.181,4.393
2.263,-9.974,-8.482,0.0,-1.097,3.281
0.0,-6.263,-2.645,0.436,-0.993,0.591
-9.175,-4.473,-1.122,0.554,-1.458,0.554
-8.584,-5.61,2.236,0.636,-0.954,1.23
-9.447,-5.076,4.353,2.167,0.185,1.808
-10.942,-4.768,-0.769,2.969,-0.627,2.104
-11.119,-3.429,-5.217,3.072,-1.823,2.377
-7.734,-0.223,-10.958,2.694,-2.014,2.294
-3.444,1.887,-14.004,2.606,-3.179,1.68
-0.526,4.729,-17.062,1.792,-3.118,0.341
-0.545,7.576,-17.225,1.205,-2.084,-0.816
1.96,11.665,-23.517,1.195,-0.86,-0.282
