-2.02,-10.249,-9.687,0.0,0.0,0.0
-1.908,-10.153,-9.42,0.0,0.0,0.0
-1.94,-10.272,-9.45,0.0,0.157,0.0
-1.918,-10.186,-9.46,0.0,0.117,0.0
-1.879,-10.066,-9.333,0.0,0.329,0.0
-2.579,-9.969,-9.187,-0.11,0.461,0.101
-2.996,-10.011,-9.254,-0.313,-0.172,-0.243
-5.39,-9.915,-8.952,-0.21,-0.585,-0.513
-10.508,-10.939,-8.84,0.33,-0.484,0.298
-13.983,-13.959,-10.04,0.538,-0.478,1.89
-11.616,-17.579,-12.395,0.52,-0.487,4.024
-6.898,-16.934,-11.881,0.0,-0.995,4.393
-3.215,-11.883,-10.035,-0.169,-1.762,3.637
-1.951,-6.979,-8.203,0.128,-2.029,2.406
-2.385,-3.169,-6.487,0.267,-1.554,1.383
-2.807,-1.344,-4.141,0.283,-1.792,0.737
-3.967,-0.797,-0.903,0.495,-0.346,0.182
-6.233,-1.046,1.306,0.809,-0.204,0.163
-8.471,-0.69,1.873,1.408,0.0,0.435
-8.434,0.526,0.466,2.061,-0.195,0.769
-9.588,1.723,-3.326,2.164,-0.359,0.758
-8.136,3.134,-5.768,1.978,-1.265,0.938
-6.494,4.328,-6.512,1.635,-1.431,0.82
-4.619,5.354,-6.923,1.633,-1.604,0.659
-3.811,5.89,-7.894,1.585,-1.683,0.47
