-1.131,-10.31,-9.861,0.0,0.0,0.0
-1.145,-10.261,-9.905,0.0,-0.122,0.0
-1.679,-10.369,-9.935,0.0,-0.268,0.0
-3.062,-10.364,-9.419,-0.154,-0.739,-0.185
-7.387,-11.299,-6.772,0.0,-0.595,0.0
-10.317,-13.016,-8.297,1.256,-1.088,1.456
-8.316,-13.965,-8.722,1.347,-1.399,2.28
-5.882,-13.715,-9.678,1.238,-1.563,2.621
-4.117,-12.135,-8.682,1.256,-1.469,2.652
-0.354,-10.149,-6.417,1.102,-1.753,1.771
-0.865,-6.936,-4.275,0.598,-1.235,1.323
-2.245,-5.837,-1.488,1.543,0.231,0.903
-5.54,-5.473,1.622,1.587,0.0,1.017
-6.764,-4.114,1.174,2.116,0.176,0.991
-7.765,-2.837,-0.422,2.419,0.0,1.183
-7.418,-1.544,-1.886,2.665,-0.409,1.214
-5.564,1.173,-5.131,2.551,-0.717,1.177
-4.891,3.148,-6.77,2.246,-0.809,1.005
-5.75,4.164,-8.474,2.139,-0.995,0.992
-4.199,4.663,-9.965,2.002,-1.3,0.776
-3.801,5.366,-12.434,2.102,-1.529,0.795
-2.519,7.26,-16.301,2.064,-1.836,0.79
0.612,10.062,-21.157,1.017,-1.915,0.602
1.891,10.712,-22.797,-0.175,-1.355,0.0
1.565,8.905,-17.484,-1.254,0.325,-0.156
