-1.176,-10.404,-9.743,0.0,0.207,0.0
-1.259,-10.333,-9.606,0.0,0.165,0.0
-1.225,-10.45,-9.947,-0.101,0.0,0.0
-1.595,-10.099,-9.145,0.0,-0.412,0.0
0.125,-10.099,-10.079,0.134,-0.159,0.0
-0.912,-10.693,-10.166,0.0,0.565,0.0
-2.134,-10.232,-9.441,0.0,0.342,0.148
-1.805,-10.231,-9.759,-0.103,0.0,0.0
-3.764,-10.419,-8.691,-0.324,-0.241,-0.482
-12.835,-12.334,-6.097,0.0,0.0,0.492
-13.212,-15.814,-9.664,1.188,-1.026,2.359
-11.362,-18.787,-12.232,1.538,-1.097,3.925
-6.392,-17.43,-11.869,1.021,-1.362,4.393
0.642,-12.047,-9.316,0.775,-1.449,4.265
3.104,-5.424,-8.711,0.395,-1.947,1.789
-1.493,-3.757,-3.234,0.0,-1.081,0.586
-6.579,-2.047,-2.09,0.564,-0.234,0.527
-8.258,-2.523,2.752,1.202,0.538,0.723
-9.283,-1.507,0.448,1.647,0.185,0.972
-9.889,-0.62,-1.81,1.991,-0.434,1.414
-9.573,0.872,-4.072,2.305,-0.671,1.509
-7.744,2.05,-5.847,2.684,-0.911,1.362
-7.435,2.974,-8.88,2.925,-1.785,1.36
-7.854,4.237,-12.394,2.665,-1.963,1.307
-5.698,5.719,-14.911,1.945,-2.546,1.566
