-1.381,-10.181,-10.162,0.0,0.102,-0.116
-1.055,-10.382,-10.209,0.0,0.157,-0.161
-1.444,-10.484,-9.742,-0.167,0.197,0.0
-4.366,-11.38,-7.714,0.0,0.447,-0.141
-9.421,-12.212,-5.755,0.805,0.313,0.604
-11.905,-13.702,-9.789,1.476,-1.083,2.214
-10.168,-15.134,-12.828,1.474,-1.166,3.219
-7.466,-14.58,-12.785,0.679,-1.153,3.611
-3.959,-12.337,-11.884,0.0,-1.532,3.741
1.477,-8.177,-7.312,-0.532,-1.417,2.643
0.915,-5.999,1.31,0.957,-0.852,0.887
-7.803,-5.652,1.153,0.375,-1.077,0.808
-8.33,-5.425,3.771,2.074,0.67,1.646
-12.581,-6.197,2.059,2.933,-0.217,2.149
-12.156,-4.206,-4.354,3.228,-1.18,2.429
-9.348,0.0,-9.733,2.853,-1.756,2.265
-4.983,2.353,-11.04,2.148,-2.023,1.767
-1.678,4.163,-13.495,2.152,-2.625,1.444
-0.452,5.28,-15.494,1.867,-2.79,0.387
-0.915,7.456,-18.339,1.389,-2.058,-0.728
-0.538,10.984,-21.634,0.625,-1.186,-0.245
-0.355,11.415,-19.293,-0.93,-0.122,-0.114
-0.89,8.169,-14.4,-1.846,0.26,-0.284
-0.739,5.542,-13.636,-1.986,1.157,-0.356
-1.54,3.849,-13.411,-2.663,1.337,-1.105
