-1.343,-10.314,-9.67,0.0,0.0,0.0
-1.66,-10.284,-9.747,0.0,0.169,0.0
-2.366,-10.275,-9.786,-0.201,0.215,0.0
-6.148,-10.827,-8.014,-0.273,0.299,-0.264
-11.736,-12.441,-7.498,1.003,-0.843,1.077
-11.519,-13.691,-10.929,1.23,-1.042,2.385
-10.11,-14.787,-12.855,0.919,-1.884,2.985
-8.131,-14.984,-12.315,0.66,-1.481,3.564
-3.661,-12.581,-9.673,0.252,-1.824,3.856
0.0,-7.23,-6.983,0.327,-1.422,2.609
-0.283,-5.061,-2.217,0.0,-1.1,1.192
-2.89,-2.111,-4.048,0.713,1.207,1.124
-5.82,-1.796,-1.194,0.419,-0.892,0.735
-7.394,-1.03,1.353,1.282,-0.252,0.829
-8.898,-0.25,0.43,1.877,-0.212,1.274
-7.46,1.228,-2.44,2.0,-0.491,1.427
-5.717,3.33,-4.947,1.951,-1.335,1.168
-5.938,4.472,-5.591,1.832,-1.568,0.871
-5.459,5.48,-7.053,1.671,-1.56,0.651
-3.745,6.363,-8.488,1.785,-1.607,0.379
-3.467,6.433,-10.357,1.791,-2.184,0.234
-4.289,6.523,-12.097,1.931,-2.139,0.154
-4.262,7.304,-14.483,1.465,-1.559,0.185
-2.837,8.206,-17.566,0.913,-1.81,0.161
-0.254,10.089,-20.125,0.0,-1.322,0.152
