-1.607,-10.171,-9.397,0.0,0.0,0.0
-2.243,-10.204,-9.187,-0.103,0.0,0.0
-4.149,-10.23,-8.96,-0.578,0.0,-0.355
-8.997,-11.344,-7.428,0.181,-0.356,0.381
-10.936,-12.55,-10.621,0.936,-0.821,1.666
-10.668,-14.759,-13.158,0.962,-0.975,3.041
-7.471,-15.251,-14.34,0.247,-0.873,3.832
-4.107,-13.017,-12.689,-0.748,-1.292,3.678
-1.454,-9.125,-8.372,-0.963,-1.708,2.763
-1.535,-7.764,2.404,-0.832,-0.383,1.402
-5.961,-3.383,-3.923,0.368,-0.594,0.707
-9.109,-3.114,-2.815,-0.156,-1.322,0.303
-11.487,-3.711,0.0,0.915,-1.272,0.842
-11.684,-4.034,0.783,1.608,-0.828,1.517
-8.967,-2.625,-2.052,2.245,-1.361,1.722
-6.367,0.652,-4.354,2.149,-1.815,1.481
-4.881,3.066,-6.344,2.151,-2.098,1.146
-4.292,5.134,-7.462,1.79,-2.231,0.644
-2.886,6.58,-8.002,1.399,-2.148,0.393
-1.653,7.083,-8.7,0.926,-2.269,0.252
-1.481,7.155,-8.632,1.228,-2.411,0.135
0.609,8.362,-11.324,1.167,-2.13,0.0
1.198,9.417,-13.323,1.166,-1.639,0.115
3.096,9.682,-15.511,0.614,-0.719,0.0
2.736,9.176,-14.24,0.0,0.252,-0.254
