-2.001,-10.436,-9.886,0.0,0.0,-0.129
-1.952,-10.105,-9.624,0.0,0.0,0.0
-2.025,-10.127,-9.705,0.0,0.0,-0.108
-2.348,-10.485,-9.864,0.0,0.17,0.0
-2.043,-10.305,-9.76,0.0,0.0,0.0
-1.618,-10.241,-9.803,0.0,0.0,0.0
-1.642,-10.298,-9.879,0.0,0.215,0.0
-2.507,-10.728,-8.034,0.0,0.755,-0.153
-12.367,-11.286,-8.151,0.72,0.243,0.424
-15.623,-12.728,-13.281,1.378,-0.81,2.383
-11.094,-15.462,-16.576,0.649,-1.702,3.957
-5.914,-15.899,-13.677,-0.605,-2.237,4.126
-1.565,-12.689,-7.099,-0.668,-2.357,3.632
0.0,-7.782,-4.289,-0.573,-1.498,2.071
-7.034,-5.68,0.142,0.721,-0.53,0.697
-8.38,-7.12,4.624,0.906,-1.551,1.524
-10.382,-6.069,3.533,2.49,-0.456,2.242
-7.858,-4.705,1.2,2.945,-0.394,2.233
-8.046,-3.351,-7.356,3.458,-1.048,2.24
-6.226,-1.051,-14.312,3.34,-2.685,1.809
-5.165,1.426,-16.427,2.521,-3.057,1.345
-0.27,6.868,-20.627,2.034,-2.852,0.573
1.594,10.529,-23.087,1.151,-1.071,0.221
4.232,10.758,-23.183,-0.648,-0.644,0.0
2.407,7.905,-16.447,-1.83,0.454,-0.607
