-0.988,-10.393,-9.67,0.0,0.0,0.0
-0.987,-10.38,-9.663,0.0,0.0,0.0
-0.934,-10.329,-9.786,0.0,0.0,0.0
-0.951,-10.311,-10.016,0.0,0.0,0.0
-1.041,-10.363,-9.892,0.0,0.0,0.0
-1.153,-10.42,-9.94,0.0,0.0,0.0
-1.112,-10.433,-9.694,0.0,0.0,0.0
-4.18,-11.153,-7.715,-0.639,1.039,0.19
-10.055,-11.902,-7.982,1.161,-0.207,0.72
-13.255,-12.667,-12.797,1.429,-1.034,2.176
-9.944,-14.902,-16.208,0.895,-1.963,3.419
-5.285,-15.412,-13.623,-0.325,-2.29,3.863
-1.247,-12.895,-6.176,-0.48,-1.879,3.375
-1.55,-9.112,-1.91,0.338,-1.28,2.076
-3.885,-7.56,-0.741,2.047,1.184,1.809
-8.649,-7.727,0.958,2.3,-1.111,2.451
-7.676,-4.891,-0.39,2.65,-0.736,2.391
-7.536,-1.672,-4.142,2.854,-1.494,2.064
-7.048,1.165,-7.828,2.745,-2.103,1.642
-6.129,2.821,-10.192,2.402,-2.624,0.953
-3.706,4.129,-12.446,2.086,-2.957,0.461
-3.488,4.571,-14.879,2.145,-3.603,0.0
-3.195,7.716,-22.053,1.97,-2.846,-0.474
-1.131,12.209,-24.943,0.295,-0.611,0.0
-1.095,10.175,-18.583,-0.854,0.856,0.0
