-1.167,-10.267,-9.839,0.0,0.111,0.0
-1.303,-10.39,-9.906,0.0,0.0,0.0
-1.351,-10.409,-9.704,0.0,0.0,0.0
-1.023,-10.274,-9.82,0.0,0.0,0.0
-1.126,-10.32,-9.833,0.0,0.116,0.0
-1.209,-10.332,-9.816,0.0,0.0,0.0
-1.158,-10.401,-9.5,-0.137,0.0,0.0
-2.639,-10.103,-9.303,-0.104,-0.5,-0.25
-5.705,-11.135,-6.891,-0.289,-0.964,-0.512
-11.872,-13.518,-6.222,1.488,-0.766,0.968
-11.754,-15.676,-9.685,1.863,-1.464,2.454
-7.943,-16.503,-12.217,1.65,-1.965,3.458
-1.607,-14.859,-10.464,1.393,-1.78,3.778
2.144,-9.732,-6.64,0.643,-1.538,2.263
-0.131,-6.351,-4.501,0.333,-0.479,1.038
-4.625,-5.431,-2.003,1.096,0.318,1.026
-6.63,-6.095,2.659,1.424,0.114,1.34
-6.065,-4.657,1.893,2.17,0.254,1.412
-7.249,-2.759,-1.522,2.745,-0.517,1.501
-7.936,-1.15,-3.635,2.851,-0.828,1.668
-6.842,1.69,-6.846,2.759,-1.285,1.604
-5.385,3.776,-8.629,2.438,-1.254,1.251
-2.574,5.194,-10.592,2.276,-1.837,0.901
-2.971,5.834,-13.644,2.493,-2.399,0.542
-3.13,6.976,-18.841,2.052,-2.629,0.518
