-1.893,-10.31,-10.153,0.0,0.0,0.0
-1.962,-10.271,-10.184,0.0,0.0,0.0
-1.639,-10.226,-10.331,0.0,0.0,0.0
-1.61,-10.275,-10.0,0.0,0.0,0.0
-1.386,-10.289,-10.282,0.0,0.187,0.0
-1.51,-10.389,-10.049,0.0,0.0,-0.142
-1.751,-10.378,-10.17,0.0,0.125,-0.154
-1.593,-10.199,-10.458,0.0,0.41,-0.115
-4.677,-10.655,-9.385,0.155,0.0,-0.472
-14.512,-12.248,-7.559,0.27,-0.889,0.334
-15.132,-15.94,-10.606,1.819,-1.481,2.815
-10.636,-19.426,-13.79,1.718,-1.866,4.393
-3.728,-16.898,-11.248,0.611,-1.879,4.393
2.809,-10.178,-6.995,0.447,-1.589,3.115
-2.498,-7.553,3.181,0.0,-2.083,0.986
-5.085,-5.108,0.939,0.422,0.445,0.966
-6.578,-6.57,5.605,2.247,0.246,1.724
-8.798,-6.484,4.064,2.955,0.0,2.072
-9.476,-3.948,-3.608,3.596,-1.0,2.174
-8.821,-1.083,-12.217,3.716,-2.447,1.953
-7.927,1.302,-16.063,3.003,-3.558,1.775
-4.214,4.219,-17.886,1.788,-3.246,1.16
0.318,7.49,-21.31,1.041,-3.121,0.371
3.186,10.345,-22.435,0.259,-1.704,-0.227
0.938,11.027,-19.409,-0.848,-0.19,-0.545
