-1.048,-10.394,-9.801,0.0,0.0,0.0
-1.025,-10.271,-9.747,0.0,0.0,0.0
-0.937,-10.263,-9.448,0.0,0.0,0.0
-2.237,-10.655,-8.271,0.0,0.447,-0.187
-7.544,-11.512,-7.346,0.574,-0.119,0.143
-9.319,-12.282,-9.504,1.039,-0.878,1.322
-9.364,-13.207,-10.933,1.151,-1.575,2.398
-6.89,-13.083,-11.733,0.651,-1.312,3.052
-4.858,-12.194,-9.43,0.321,-1.566,3.097
-1.763,-9.521,-6.77,0.162,-1.434,2.233
-3.367,-8.986,3.201,1.04,-2.79,0.766
-4.732,-7.025,-0.63,0.735,-0.699,0.719
-6.776,-7.633,1.422,1.974,-0.154,1.591
-5.684,-5.619,0.57,2.336,0.104,1.977
-5.402,-3.42,-1.143,2.803,-0.439,1.825
-5.451,-1.371,-4.052,2.981,-0.818,1.474
-5.106,1.41,-6.998,2.679,-1.462,1.158
-4.308,3.896,-8.144,2.188,-1.839,0.7
-4.101,5.601,-9.625,1.939,-2.113,0.638
-3.114,6.785,-9.73,1.688,-1.9,0.338
-1.836,6.702,-11.625,1.489,-1.105,0.0
-2.244,7.211,-16.509,1.577,-1.954,-0.106
-2.352,10.137,-19.828,0.957,-1.636,0.236
2.266,12.036,-20.728,-0.387,-0.828,0.167
2.007,9.868,-16.312,-0.95,0.0,0.0
