-0.775,-10.341,-9.321,0.0,0.0,0.0
-0.67,-10.33,-9.351,0.0,0.0,0.0
-0.525,-10.393,-9.502,0.0,0.0,0.0
-2.415,-10.508,-9.727,-0.113,-0.438,-0.391
-2.699,-10.656,-9.047,0.229,-2.21,-0.374
-5.5,-12.398,-8.002,0.0,-0.461,0.414
-6.095,-13.305,-8.747,0.712,-1.028,1.722
-5.388,-14.202,-7.158,1.043,-0.514,2.761
-3.813,-14.22,-6.296,1.349,0.168,3.296
-1.418,-13.77,2.164,1.492,-1.071,2.826
-3.252,-8.663,-3.866,1.75,-0.761,1.8
-5.514,-7.529,-2.715,1.425,-1.617,1.36
-6.283,-5.503,-1.137,2.03,-0.207,1.393
-6.811,-3.949,-1.163,2.288,0.0,1.426
-6.756,-2.226,-2.177,2.716,-0.181,1.354
-6.305,0.21,-3.388,2.577,-1.043,1.296
-6.106,1.981,-5.609,2.434,-1.385,0.997
-5.204,3.478,-8.83,2.325,-1.369,0.797
-3.5,5.124,-10.366,2.302,-1.731,0.671
-3.489,5.822,-10.464,2.076,-1.683,0.404
-1.85,6.596,-12.391,1.798,-1.441,0.375
-0.845,7.418,-15.011,1.61,-1.173,0.274
-0.276,8.226,-16.549,1.252,-1.022,0.169
1.009,9.141,-18.707,0.765,0.0,0.0
1.764,9.721,-20.496,0.195,0.0,0.0
