-1.645,-10.092,-9.68,0.0,0.0,0.0
-1.924,-10.077,-9.524,0.0,0.0,0.0
-1.898,-10.297,-9.639,0.0,0.0,0.0
-1.402,-10.257,-9.614,0.0,0.0,0.0
-1.514,-10.232,-9.824,0.0,0.132,0.0
-1.996,-10.111,-9.685,-0.355,0.142,0.0
-2.875,-10.431,-9.559,-0.366,-0.102,-0.164
-5.287,-9.963,-9.236,-0.273,-0.254,-0.328
-12.24,-11.554,-9.163,0.289,-0.33,0.686
-13.332,-14.939,-11.205,0.78,-1.366,2.53
-10.377,-17.482,-12.819,0.865,-0.963,4.047
-5.11,-16.09,-12.565,0.431,-1.189,4.393
-1.884,-10.884,-9.417,0.42,-1.626,3.602
-1.387,-5.922,-7.267,0.0,-1.251,2.24
-3.675,-3.384,-2.246,0.272,-0.912,1.149
-7.787,-2.822,2.691,1.085,-0.241,0.963
-11.107,-1.521,1.317,2.28,-0.532,1.402
-9.666,-0.409,-2.611,2.69,-1.426,1.741
-7.873,1.148,-5.734,2.626,-1.889,1.479
-6.012,2.542,-7.812,2.349,-2.023,1.041
-5.713,3.842,-9.771,2.23,-2.095,0.682
-4.953,4.375,-12.006,1.985,-1.944,0.667
-3.842,5.58,-14.471,1.777,-2.036,0.59
-2.603,7.155,-17.011,1.252,-2.444,0.333
-0.991,10.461,-18.376,0.332,-1.598,0.0
