-1.162,-10.509,-9.931,0.0,0.193,0.0
-1.261,-10.387,-9.846,0.0,0.163,0.0
-0.835,-10.436,-9.842,0.0,0.0,0.0
-1.018,-10.377,-9.767,0.0,0.1,0.0
-0.81,-10.408,-9.906,0.0,0.0,-0.115
-0.944,-10.21,-10.314,0.0,0.0,-0.122
-1.183,-10.521,-10.05,0.0,0.0,0.0
-0.946,-10.372,-9.605,0.0,0.159,0.0
-1.056,-10.675,-9.292,-0.155,0.374,-0.101
-11.92,-12.334,-5.661,1.637,-2.431,-0.839
-11.938,-12.889,-6.819,1.726,-0.222,1.94
-10.949,-15.734,-10.416,1.464,-0.78,3.773
-5.182,-16.531,-9.769,0.549,-0.917,4.16
-0.746,-12.634,-7.495,0.309,-1.089,3.25
-1.206,-8.817,-5.305,0.171,-0.585,1.924
-5.072,-7.91,0.356,1.302,-2.279,1.565
-8.767,-9.009,4.758,1.25,1.18,1.903
-8.359,-7.264,0.182,2.771,-0.496,2.829
-5.659,-3.046,-2.567,2.976,-0.828,2.568
-8.225,-1.04,-7.737,3.483,-2.167,2.044
-9.172,1.583,-13.42,3.229,-3.077,2.005
-3.678,3.976,-16.05,2.441,-3.346,1.928
0.806,6.257,-17.739,1.487,-3.193,1.104
2.462,6.943,-19.082,0.834,-2.121,0.331
1.314,8.661,-18.914,-0.235,-0.778,-0.605
