-1.672,-10.263,-10.056,0.0,0.0,0.0
-1.717,-10.281,-10.182,0.0,0.0,0.0
-1.759,-10.183,-10.215,0.0,0.0,0.0
-1.628,-10.281,-10.227,0.0,0.0,0.0
-1.335,-10.289,-9.886,0.0,0.0,0.0
-1.361,-10.273,-10.094,0.0,0.0,-0.144
-3.936,-10.935,-8.424,0.316,0.223,0.0
-11.611,-11.574,-7.591,0.801,-0.274,0.717
-13.795,-12.684,-10.547,1.132,-0.885,2.317
-11.747,-15.097,-13.726,0.723,-1.499,3.652
-6.989,-15.741,-11.765,-0.113,-2.211,4.089
0.158,-11.498,-7.431,0.125,-1.953,2.933
-1.094,-8.524,-2.607,0.811,-2.164,0.952
-4.041,-6.23,-0.516,0.53,-1.296,0.517
-6.103,-6.526,2.467,0.935,-0.573,1.341
-5.07,-6.217,4.961,2.195,0.348,1.57
-7.48,-5.681,1.385,3.356,-0.459,1.814
-8.3,-3.02,-3.528,3.704,-1.064,1.636
-8.121,-0.512,-9.523,3.144,-1.292,1.433
-6.267,1.751,-13.841,3.008,-2.171,1.375
-5.825,5.313,-18.331,2.277,-2.37,1.411
0.48,8.282,-18.02,1.122,-2.111,1.302
6.019,9.455,-18.726,0.766,-1.862,0.0
1.525,9.273,-20.001,0.538,-1.044,-0.56
-0.398,9.874,-19.214,-0.614,0.259,-0.514
