-2.05,-10.126,-10.081,0.0,0.0,0.0
-1.948,-10.171,-10.189,0.0,0.0,0.0
-2.051,-10.139,-10.073,0.0,0.0,0.0
-2.322,-10.24,-10.047,0.0,0.108,-0.125
-2.57,-10.309,-9.991,0.0,0.0,0.0
-2.293,-10.226,-10.15,0.0,0.0,0.0
-2.079,-10.144,-10.399,0.0,0.0,0.0
-1.677,-10.107,-10.324,0.0,0.0,-0.123
-3.943,-10.873,-7.759,0.255,0.254,-0.275
-13.251,-11.232,-8.052,0.817,0.116,0.476
-15.681,-12.944,-12.189,1.308,-1.033,2.45
-11.255,-15.852,-15.512,0.751,-2.05,3.812
-6.522,-15.752,-13.24,-0.117,-2.244,4.214
-0.515,-11.745,-7.1,-0.345,-1.691,3.213
-0.341,-10.023,1.628,-0.102,-1.057,1.338
-7.322,-6.114,-3.673,0.826,-0.108,0.536
-7.776,-8.237,3.64,1.67,-1.286,2.105
-7.801,-6.222,1.657,2.736,-0.33,2.472
-5.31,-2.891,-3.25,3.08,-0.749,1.907
-6.891,-0.554,-6.518,3.325,-1.089,1.712
-6.171,1.832,-10.391,2.698,-2.155,1.035
-6.765,3.034,-14.31,2.12,-2.564,0.864
-3.301,5.78,-14.23,1.856,-3.242,0.689
-3.439,9.538,-20.879,2.207,-2.188,0.0
3.044,11.69,-27.835,0.655,-0.917,0.592
