-0.486,-9.99,-11.385,0.0,0.0,0.0
-0.434,-9.984,-11.428,0.0,0.0,0.0
-0.568,-10.009,-11.433,0.0,0.0,0.0
-0.605,-10.007,-11.279,0.0,0.0,0.0
-0.474,-10.042,-11.353,0.0,0.0,0.0
-0.484,-10.056,-11.234,0.0,0.0,0.0
-0.496,-10.016,-11.312,0.0,0.0,0.0
-0.389,-9.902,-11.277,0.0,-0.193,0.0
-5.512,-10.447,-9.447,-0.209,-2.66,-0.686
-12.937,-13.556,-7.129,3.063,-4.354,-0.993
-7.106,-15.566,-12.161,4.44,-3.569,3.08
-11.572,-12.791,-9.125,2.494,0.349,4.029
-1.94,-10.816,-7.487,1.32,-1.272,4.357
0.357,-7.758,-4.048,0.633,-0.556,2.443
-6.08,-3.27,-0.523,0.12,0.181,-0.496
0.894,-8.366,8.173,0.508,-3.539,1.026
-0.636,-8.276,8.213,2.833,-2.091,-0.788
1.951,-7.137,3.859,3.372,-3.644,-1.582
-1.025,-6.067,2.67,2.508,-4.354,-2.641
0.922,-3.822,2.761,1.153,-4.354,-3.027
1.685,-3.302,1.787,-1.398,-4.354,-3.986
-0.922,-7.521,0.245,0.0,0.0,0.0
-12.818,-10.494,-6.211,0.931,-2.575,-4.373
-20.771,-1.872,-23.991,4.381,0.78,-0.848
-12.225,3.038,-15.89,-1.25,-0.255,1.734
