-1.104,-10.114,-11.392,0.0,0.0,0.0
-0.583,-9.883,-11.425,0.0,0.0,0.0
-0.697,-9.981,-11.59,0.0,0.173,0.0
-1.011,-9.949,-11.422,0.0,0.0,0.0
-0.607,-10.05,-11.641,0.0,-0.18,0.0
-0.308,-9.819,-11.643,0.0,-0.112,0.0
-0.369,-10.137,-11.446,0.0,0.159,0.0
-1.193,-10.278,-10.445,0.0,-0.18,0.0
-3.872,-11.005,-10.399,0.35,-1.974,-0.349
-7.908,-12.903,-6.91,0.619,-4.244,-0.758
-9.155,-15.324,-13.6,4.258,-1.742,3.185
-8.988,-12.417,-10.951,2.437,0.0,4.357
-2.555,-9.835,-10.704,1.048,-2.047,4.357
-2.848,-9.015,-4.604,0.194,-1.764,3.098
3.641,-6.4,2.152,0.654,-2.943,1.125
-7.318,-6.041,4.681,-0.212,-1.553,0.387
0.383,-5.713,6.357,1.698,-2.364,0.23
-0.629,-5.198,5.534,2.776,-2.147,-0.997
-0.211,-4.655,4.493,2.893,-2.925,-1.888
-2.395,-3.695,3.398,2.32,-2.588,-3.079
-5.25,-4.053,3.101,1.566,-1.847,-3.791
-8.915,-3.868,-3.209,4.307,-1.356,-2.744
-8.878,-1.639,-11.889,4.44,-0.797,-1.95
-10.377,2.84,-25.779,3.025,-1.376,-0.709
-8.649,5.051,-21.537,-1.16,-0.769,-0.234
