-0.416,-9.969,-11.196,0.0,0.0,0.0
-0.508,-10.032,-11.075,0.0,0.0,0.0
-0.368,-10.034,-11.204,0.0,0.0,0.0
-0.427,-10.038,-11.172,0.0,0.0,0.0
-0.515,-10.023,-11.136,0.0,0.0,0.0
-0.33,-9.996,-11.268,0.0,0.0,0.0
-0.464,-10.065,-11.201,0.0,0.0,0.0
-0.512,-10.009,-11.257,0.0,0.0,0.0
-2.635,-10.759,-9.864,0.246,-1.137,-0.162
-9.291,-12.918,-6.288,1.087,-4.354,-0.545
-11.193,-13.861,-11.036,2.984,-4.354,2.249
-8.24,-14.129,-9.563,3.502,-1.099,3.296
-4.287,-10.91,-9.182,2.936,-2.473,3.577
-3.747,-7.92,-5.683,2.001,-2.096,3.203
6.165,-5.436,1.066,0.88,-0.888,1.675
-8.87,-5.152,1.379,0.661,-1.687,0.497
1.198,-5.507,6.955,0.483,-2.51,0.541
4.119,-2.892,3.545,1.681,-2.503,-0.128
5.94,-2.271,3.535,2.009,-2.439,-1.447
4.171,-2.714,1.764,1.92,-2.372,-2.867
1.878,-2.768,3.53,1.187,-3.079,-2.935
3.905,-1.529,-2.236,0.466,-2.523,-3.905
-1.984,-1.088,-1.309,0.123,-1.96,-4.299
-6.224,0.0,-5.383,2.105,-1.471,-3.597
-7.153,2.264,-8.294,1.445,-1.441,-2.937
