-0.695,-9.932,-11.496,0.0,0.135,0.0
-0.807,-9.984,-11.494,0.0,0.112,0.0
-0.971,-9.943,-11.468,0.0,0.163,0.0
-0.711,-10.127,-11.362,0.0,0.0,0.0
-0.907,-10.023,-11.261,0.0,0.0,0.0
-0.879,-10.021,-11.136,0.0,0.0,0.0
-1.071,-9.979,-11.016,0.0,-0.275,0.0
-1.768,-10.548,-10.457,0.251,-1.453,0.0
-4.685,-10.935,-10.405,0.385,-1.877,-0.779
-14.117,-15.134,-8.908,4.039,-3.312,1.676
-8.962,-13.496,-9.684,2.904,0.393,4.104
-6.042,-11.803,-11.422,2.725,-2.161,4.357
-4.6,-9.042,-7.704,0.557,-1.336,4.357
5.989,-9.028,1.9,0.349,-1.272,2.346
-7.177,-2.369,1.064,0.152,-0.27,0.194
-5.028,-3.255,6.77,0.0,-2.884,1.549
-0.421,-3.005,8.213,2.041,-3.188,0.832
6.18,-2.792,7.467,2.479,-4.354,0.18
2.507,-5.298,5.251,2.333,-4.204,-3.02
-1.731,-5.975,3.049,1.742,-3.954,-3.98
-3.667,-2.252,1.053,1.52,-4.072,-3.737
-2.742,-1.177,-4.047,-0.28,-3.392,-4.373
-8.262,-3.541,-1.438,1.314,-1.29,-4.373
-20.003,-4.311,-14.641,3.554,-1.258,-4.373
-20.771,0.934,-17.353,1.027,-1.759,0.711
