-0.461,-10.095,-10.913,0.0,0.0,0.0
-0.587,-9.926,-10.997,0.0,0.0,0.0
-0.534,-10.083,-11.081,0.0,0.0,0.0
-0.355,-10.059,-11.076,0.0,0.0,0.0
-0.228,-9.939,-11.212,0.0,0.0,0.0
-0.533,-10.058,-11.134,0.0,0.0,0.0
-0.388,-10.01,-11.136,0.0,0.0,0.0
-0.74,-10.216,-11.267,0.0,-0.227,0.0
-5.726,-10.724,-9.138,-0.131,-2.199,-0.34
-11.358,-12.504,-11.164,2.875,-3.974,1.053
-5.985,-12.573,-11.953,1.976,-2.178,3.163
-6.939,-12.034,-9.543,1.936,-3.638,3.595
-2.638,-9.795,-5.625,1.801,-3.465,3.161
0.728,-8.964,1.528,2.385,-1.661,1.643
0.868,-7.422,0.768,1.894,0.0,-1.024
-0.929,-8.396,5.902,2.682,-2.701,0.553
1.241,-4.872,4.885,3.127,-2.717,0.0
5.601,-2.679,2.855,2.342,-4.352,-0.655
6.179,-2.386,0.393,-0.169,-4.354,-2.858
5.103,-6.754,4.51,-2.689,-4.075,-4.373
2.681,-6.692,1.856,0.585,-1.574,-4.373
-4.086,-6.026,-6.168,1.866,-0.948,-4.373
-14.896,-2.964,-7.532,0.749,-1.449,-4.373
-20.352,1.959,-10.336,0.623,-2.365,-2.665
-19.651,4.981,-7.067,1.011,-0.98,1.148
