-1.572,-10.056,-11.073,0.0,0.127,0.0
-1.491,-10.009,-11.221,0.0,0.134,0.0
-1.783,-9.954,-11.164,0.0,0.0,0.0
-1.583,-10.052,-11.137,0.0,0.0,0.0
-1.407,-9.967,-11.299,0.0,0.0,0.0
-1.278,-9.996,-11.226,0.0,0.0,0.0
-1.269,-10.056,-11.142,0.0,0.0,0.0
-1.47,-9.968,-11.196,0.0,-0.205,0.0
-6.672,-10.29,-9.686,-0.37,-1.946,-0.627
-15.502,-13.125,-8.475,3.108,-4.354,0.143
-6.984,-13.843,-12.052,3.613,-2.182,3.282
-6.515,-13.129,-8.101,2.646,-1.264,4.291
-1.826,-9.471,-7.722,2.043,-1.077,3.177
-3.045,-6.682,-1.576,0.473,-1.191,1.852
-0.169,-2.265,2.143,0.184,-1.031,0.0
-2.262,-5.817,8.185,1.149,-3.005,1.246
-0.203,-5.991,8.213,2.918,-2.906,0.186
1.831,-5.709,4.514,3.359,-2.955,-1.452
1.117,-7.251,1.999,3.134,-3.025,-2.813
-1.009,-6.533,-2.561,1.783,-2.597,-4.285
-4.833,-5.994,1.134,1.928,-1.32,-4.373
-12.277,-4.283,-11.508,4.44,-0.544,-4.225
-20.771,1.208,-28.246,3.114,-0.542,-0.203
-9.372,3.788,-16.261,-2.336,0.0,0.36
-6.541,7.694,-12.852,-0.355,0.305,1.317
