-0.413,-10.011,-11.34,0.0,0.0,0.0
-0.642,-10.011,-11.329,0.0,0.0,0.0
-0.492,-10.02,-11.326,0.0,0.0,0.0
-0.65,-10.045,-11.226,0.0,0.0,0.0
-0.583,-9.996,-11.285,0.0,0.0,0.0
-0.552,-9.974,-11.348,0.0,0.0,0.0
-0.69,-9.92,-11.421,0.0,0.0,0.0
-0.823,-9.731,-11.449,-0.142,-0.235,0.0
-6.05,-12.206,-9.048,0.0,-2.964,-1.271
-17.239,-15.757,-10.404,3.596,-4.354,1.186
-7.236,-15.52,-13.88,3.891,0.217,3.634
-5.806,-14.842,-11.103,2.14,-2.592,4.357
-0.229,-11.213,-0.563,1.322,-0.326,3.405
17.209,-7.189,3.876,2.985,-3.001,0.986
-3.291,-9.092,8.213,0.888,-4.354,1.904
-1.185,-5.334,7.114,3.032,-3.602,0.39
3.81,-5.206,2.68,2.952,-4.26,-1.285
0.304,-5.509,-0.403,2.204,-3.732,-3.192
-1.984,-2.686,-0.426,1.395,-4.354,-3.12
-1.592,0.541,-2.834,0.914,-3.429,-4.373
-8.476,-9.526,-2.953,-1.488,0.481,-4.373
-20.771,0.73,-13.385,1.731,-0.78,-1.392
-10.263,4.329,-14.563,1.098,-0.849,0.43
-12.749,5.811,-9.525,-0.543,-0.294,0.348
-6.888,6.657,-5.225,-0.496,-0.458,0.913
