-0.192,-9.997,-11.388,0.0,0.282,0.0
-0.334,-10.012,-11.365,0.0,0.0,0.0
-0.399,-9.965,-11.238,0.0,0.134,0.0
-0.274,-10.082,-11.349,0.0,0.0,0.0
-0.183,-9.968,-11.23,0.0,0.0,0.0
0.0,-9.972,-11.32,0.0,0.0,0.0
0.0,-9.913,-11.287,0.0,0.0,0.0
0.0,-10.008,-11.178,0.0,0.0,0.0
-0.771,-10.062,-11.076,0.0,-0.125,0.0
-9.241,-13.016,-6.761,0.823,-2.999,-0.465
-11.29,-13.801,-12.539,3.233,-3.333,2.531
-7.951,-13.793,-11.865,1.798,-0.622,3.907
-4.736,-12.438,-12.672,1.878,-2.22,4.192
-3.217,-10.253,-6.086,0.388,-1.625,3.903
7.671,-7.409,3.001,0.774,-4.08,2.289
-6.083,-6.518,8.213,-0.198,-2.418,0.446
2.254,-6.799,8.097,2.469,-2.863,0.22
1.053,-5.341,4.55,2.917,-3.086,-0.946
2.371,-4.33,2.761,2.656,-3.577,-1.941
0.614,-3.09,1.244,2.159,-2.896,-3.076
1.044,-2.069,-2.463,0.873,-2.17,-4.27
-3.687,-2.884,-2.377,0.0,0.199,-4.373
-6.939,-2.047,-4.153,2.48,-1.357,-3.539
-13.13,-3.236,-13.001,4.114,0.127,-4.373
-17.89,2.169,-17.963,1.505,0.432,-0.485
