-0.879,-10.245,-10.232,0.0,0.0,0.0
-0.777,-10.047,-10.481,0.0,0.0,0.0
-0.817,-10.038,-10.265,0.0,0.0,0.0
-0.78,-10.203,-10.153,0.0,0.0,0.0
-0.678,-10.009,-10.362,0.0,0.0,0.0
-0.756,-10.04,-10.202,0.0,0.17,0.0
-0.925,-10.097,-10.208,0.0,0.118,0.0
-1.359,-10.378,-10.084,0.0,-0.172,0.0
-8.305,-10.818,-7.589,0.0,-1.933,-0.268
-11.453,-12.83,-11.687,3.679,-2.747,2.809
-11.986,-12.909,-8.878,1.865,-0.957,4.059
-6.93,-12.621,-6.534,1.218,-2.429,4.357
-4.126,-9.396,-2.541,1.215,-2.057,3.905
1.87,-6.298,0.788,1.677,-3.38,2.109
-3.441,-5.06,7.107,1.698,-2.635,0.881
5.31,-4.993,6.221,2.972,-3.746,0.524
7.035,-3.233,0.961,0.79,-4.354,-1.677
4.998,-6.457,6.433,-0.343,-4.354,-4.196
0.503,-4.122,2.249,1.347,-4.001,-4.336
0.261,-1.508,-1.107,1.167,-2.542,-4.081
-3.989,-0.27,-3.602,0.412,-2.65,-3.854
-4.062,-0.978,-3.979,0.351,-2.641,-3.605
-17.51,-2.915,-3.394,0.0,0.279,-4.373
-20.771,3.375,-12.873,0.438,-1.735,-0.34
-13.653,5.028,-4.689,0.105,-0.51,0.693
