-0.3,-9.888,-11.583,0.0,0.0,0.0
0.0,-10.027,-11.592,0.0,-0.146,0.0
0.0,-9.981,-11.609,0.0,0.0,0.0
-0.409,-9.945,-11.463,0.0,0.0,0.0
-0.132,-9.975,-11.561,0.112,0.0,0.0
-0.38,-9.968,-11.409,0.0,0.106,0.0
-0.291,-10.011,-11.352,0.0,0.0,0.0
-0.358,-9.923,-11.359,0.0,0.0,0.0
-2.082,-10.265,-10.856,0.193,-0.627,-0.126
-9.946,-12.86,-8.014,1.493,-2.474,-0.354
-9.705,-13.303,-14.312,2.555,-2.319,3.327
-8.354,-13.393,-11.153,1.183,-1.251,4.357
-5.758,-10.943,-10.217,0.594,-1.474,4.357
-3.788,-9.758,-6.241,-0.195,-1.446,4.156
1.167,-3.638,0.0,2.201,-2.489,0.299
-8.609,-2.871,3.598,-0.5,-2.366,0.886
-3.15,-5.12,8.213,0.782,-4.171,1.477
-0.283,-4.84,6.218,2.708,-2.829,-0.26
0.23,-5.305,3.506,2.776,-3.408,-1.122
-0.77,-1.976,4.031,2.686,-3.518,-1.811
-1.182,1.208,3.256,2.327,-4.354,-1.584
-2.234,1.624,0.636,2.388,-3.99,-2.612
-1.985,0.0,-8.807,1.559,-3.448,-3.333
-5.609,-1.893,-10.933,1.501,-2.176,-4.223
-20.771,1.27,-12.989,0.837,1.514,-3.593
