-0.62,-9.983,-11.62,0.0,0.0,0.0
-0.294,-9.892,-11.579,0.0,0.0,0.0
-0.529,-10.048,-11.724,0.0,0.0,0.0
-0.434,-9.928,-11.56,0.0,0.0,0.0
-0.497,-10.05,-11.569,0.0,0.0,0.0
-0.47,-10.022,-11.41,0.0,0.0,0.0
-0.628,-10.095,-11.311,0.0,0.0,0.0
-0.962,-10.168,-11.051,0.0,-0.221,0.0
-6.155,-11.544,-8.431,0.518,-2.637,-0.53
-10.681,-12.969,-13.419,3.678,-3.389,1.543
-9.046,-13.182,-14.956,1.78,-1.543,4.084
-7.128,-12.573,-13.567,0.0,-2.427,4.357
-4.375,-10.92,-7.27,0.0,-2.75,4.357
6.038,-10.909,3.234,1.01,-2.715,2.104
-6.152,-4.575,1.529,0.247,-1.588,0.833
-0.642,-6.009,8.213,0.694,-2.786,1.351
-2.014,-5.563,5.413,2.711,-1.681,-0.458
-3.249,-5.375,4.077,2.806,-2.812,-0.598
-2.943,-3.747,2.026,2.819,-1.927,-1.887
-1.693,-1.057,-0.335,1.993,-2.708,-2.12
-3.818,-2.249,1.696,1.038,-0.675,-3.655
-8.692,-2.72,-2.189,4.44,-0.483,-1.328
-5.659,-1.48,-17.911,4.44,-0.185,-0.998
-4.85,2.663,-27.132,1.806,-0.815,-0.292
-7.446,5.763,-20.035,-1.04,-0.94,0.0
