-1.675,-9.979,-11.263,0.0,0.0,0.0
-1.759,-9.984,-11.203,0.0,0.0,0.0
-1.815,-9.983,-11.198,0.0,0.0,0.0
-1.754,-9.951,-11.213,0.0,0.0,0.0
-1.748,-10.014,-11.086,0.0,0.0,0.0
-1.695,-9.968,-11.152,0.0,0.0,0.0
-1.832,-9.943,-11.325,0.0,0.0,0.0
-2.617,-10.062,-11.142,0.0,-0.617,-0.108
-8.215,-11.682,-8.505,0.189,-2.928,-1.237
-16.167,-12.878,-10.977,3.243,-4.179,2.005
-10.626,-14.291,-9.196,2.326,0.1,4.357
-6.113,-11.958,-7.769,2.508,-2.122,4.357
2.529,-12.19,3.336,2.911,-2.965,3.163
-5.189,-5.821,0.223,0.894,-1.427,1.244
-3.12,-4.946,6.423,1.99,-3.04,1.309
0.34,-3.287,5.109,3.243,-3.217,0.547
1.813,-1.922,3.21,3.018,-4.354,0.0
-1.552,-0.873,1.145,2.247,-4.354,-2.09
-1.851,0.223,0.468,1.953,-4.354,-2.259
-1.567,0.65,-5.439,1.398,-4.354,-3.583
-7.05,-7.368,-5.78,-2.042,-3.296,-4.373
-20.771,-1.08,-19.389,4.39,1.455,-0.892
-5.982,5.378,-18.369,-1.168,-1.543,2.644
-7.255,7.359,-10.31,0.105,0.192,0.0
-5.962,7.348,-11.086,-0.257,0.0,0.358
