-1.256,-10.093,-11.702,0.0,0.0,0.0
-1.494,-9.919,-11.569,0.0,0.0,0.0
-1.292,-10.001,-11.638,0.0,0.0,0.0
-1.695,-9.961,-11.405,0.0,0.0,0.0
-1.566,-10.032,-11.438,0.0,0.0,0.0
-1.662,-9.956,-11.246,0.0,0.0,0.0
-1.68,-9.998,-11.365,0.0,0.0,0.0
-1.976,-10.047,-11.38,0.0,-0.346,0.0
-7.567,-10.645,-7.236,0.0,-4.105,-1.1
-13.818,-12.832,-9.831,2.562,-4.354,-0.495
-6.22,-14.017,-10.964,3.036,-0.906,2.951
-5.933,-13.403,-10.925,2.76,-1.08,3.916
-1.765,-9.735,-8.827,0.653,-1.005,3.699
3.437,-9.385,-2.941,0.876,-1.332,1.009
-6.82,-5.49,-1.962,-0.691,-1.029,0.0
-3.021,-8.405,8.213,-0.275,-3.535,1.334
0.0,-10.149,8.213,2.716,-2.041,0.207
2.374,-8.955,4.8,3.342,-3.246,-1.211
-0.298,-9.955,4.12,3.421,-2.749,-2.886
-1.739,-7.758,-0.533,1.526,-3.25,-4.155
-6.811,-8.291,2.713,2.774,-1.381,-4.097
-7.005,-4.446,-4.326,4.44,-2.023,-2.888
-9.147,-1.344,-9.888,4.44,-2.0,-3.303
-19.263,-1.515,-25.984,4.44,-2.175,-1.896
-13.156,4.274,-19.985,-0.595,-0.421,0.498
