-0.965,-9.989,-11.358,0.0,0.0,0.0
-0.987,-10.029,-11.286,0.0,0.0,0.0
-1.044,-10.005,-11.246,0.0,0.0,0.0
-1.12,-9.983,-11.219,0.0,0.0,0.0
-3.848,-10.457,-10.219,-0.109,-1.107,-0.263
-9.046,-11.697,-9.806,1.351,-2.476,0.0
-9.502,-11.223,-13.664,1.799,-3.164,2.665
-9.437,-12.718,-8.447,2.206,-1.351,3.581
-5.603,-10.021,-7.307,1.728,-1.526,3.749
-3.72,-8.357,-2.505,1.853,-1.34,2.571
-0.826,-5.033,1.808,2.004,-1.827,0.189
-3.583,-9.839,8.213,1.608,-3.35,1.277
-1.513,-8.143,8.213,3.534,-3.46,-0.121
0.0,-7.817,6.032,3.296,-4.354,-1.8
-2.993,-7.412,5.008,2.677,-4.354,-3.307
-4.832,-5.152,3.987,0.427,-4.354,-4.373
-7.402,-6.657,-1.25,3.485,-2.956,-4.373
-15.88,-11.376,-16.427,1.98,-2.076,-4.373
-20.771,-0.239,-25.866,3.344,-1.05,2.245
-6.786,4.44,-12.144,-2.123,0.524,0.0
-6.772,7.076,-15.136,-0.244,-0.217,0.766
-6.778,7.218,-10.755,-0.535,0.239,0.41
-7.638,7.207,-13.014,-0.394,0.751,0.443
-8.596,6.967,-18.191,-0.793,0.0,0.951
-9.359,3.546,-15.688,-2.503,0.434,1.422
