-1.141,-10.058,-11.056,0.0,0.0,0.0
-1.183,-10.058,-11.018,0.0,0.0,0.0
-1.296,-10.058,-10.963,0.0,0.0,0.0
-1.681,-10.095,-10.834,0.0,-0.121,0.0
-4.449,-10.118,-9.932,-0.203,-1.419,-0.239
-10.647,-12.265,-9.549,1.274,-2.583,0.497
-7.983,-12.954,-13.091,1.681,-2.352,3.395
-8.157,-13.066,-9.344,2.353,-1.212,4.309
-5.353,-9.112,-6.314,1.181,-0.974,3.762
0.919,-8.669,4.552,2.569,-2.893,1.995
-10.643,-3.231,-0.469,0.0,0.156,0.832
-6.832,-3.167,1.989,1.325,-1.641,1.773
-5.345,-2.577,3.681,2.796,-1.712,1.169
-6.04,-3.055,4.231,3.415,-2.846,1.0
-3.784,-1.468,0.978,3.884,-3.08,0.0
-5.526,0.838,-5.355,3.381,-2.438,-1.438
-6.001,-0.502,-6.337,1.701,-2.279,-1.95
-7.942,3.343,-18.772,4.44,-1.759,-0.611
-4.728,8.194,-24.076,0.667,-1.524,-0.925
-8.41,8.852,-16.549,-0.557,-0.421,0.214
-3.377,8.768,-9.925,-0.749,-0.171,0.612
-1.633,9.099,-8.531,0.272,0.187,0.0
-2.371,9.407,-11.664,0.283,0.156,-0.218
-3.801,8.891,-11.683,0.148,0.11,-0.104
-3.838,8.843,-12.357,0.0,0.0,0.17
