-1.846,-9.344,-10.863,-0.257,-0.364,0.182
-3.309,-9.543,-12.338,-0.525,0.423,0.132
-3.823,-8.906,-10.677,-0.9,-1.663,0.462
-4.059,-11.193,-6.076,-0.459,-0.819,0.303
-4.813,-13.072,-6.118,1.268,1.287,1.664
-7.627,-14.961,-4.444,1.681,-0.295,1.474
-7.75,-19.126,-3.606,4.214,-0.38,1.82
-7.799,-18.994,-6.585,4.431,0.965,3.13
-5.942,-14.129,-9.635,4.431,0.386,3.57
-3.44,-7.826,-9.946,4.077,0.284,3.527
-2.11,-0.647,-11.277,3.297,-0.785,2.946
-1.586,1.777,-10.972,2.801,-1.325,1.343
-2.941,2.346,-11.871,3.207,0.0,0.549
-1.174,2.677,-15.186,3.679,0.916,0.152
-2.811,4.442,-18.81,3.221,-1.289,-0.162
-5.929,4.722,-23.107,2.621,-0.549,-0.819
-3.853,5.902,-29.026,0.888,0.0,-0.207
-2.975,3.101,-27.274,-1.455,0.495,-0.275
-3.136,2.462,-20.666,-2.964,0.641,-0.88
-3.741,2.002,-18.342,-3.366,0.559,-1.02
-5.51,1.382,-15.429,-3.748,0.608,-1.474
-5.984,0.433,-13.038,-3.424,0.627,-1.49
-5.982,-2.017,-11.953,-3.379,0.826,-1.969
-6.402,-3.805,-11.061,-3.792,0.147,-2.734
-8.167,-7.036,-9.551,-4.299,-1.926,-2.802
