-4.116,-8.819,-13.473,0.724,1.054,0.226
-3.442,-8.282,-13.21,0.168,0.618,0.393
-3.026,-8.485,-12.684,-0.178,0.217,0.108
-3.638,-8.735,-12.142,-0.451,-0.355,-0.144
-4.203,-8.509,-11.712,-0.981,-1.028,0.0
-3.773,-8.528,-10.293,-0.919,-1.457,-0.232
-4.475,-9.774,-9.915,0.0,-1.667,-0.742
-5.106,-7.646,-11.977,0.727,1.418,0.463
-7.824,-11.537,-8.566,0.733,0.253,0.654
-10.672,-11.193,-6.316,0.935,2.389,1.964
-10.67,-15.93,-6.922,2.397,0.368,3.425
-10.492,-16.048,-5.953,2.894,-1.086,3.772
-8.241,-11.134,-8.829,2.601,1.197,4.06
-6.743,-7.603,-9.523,2.765,0.464,3.89
-5.264,-5.201,-11.424,3.206,-0.956,3.064
-5.085,-3.139,-11.761,3.149,-1.113,2.446
-3.996,-1.3,-13.645,3.063,-1.821,1.323
-5.504,-0.361,-14.42,3.277,-0.593,1.218
-1.248,-0.59,-18.243,4.08,-0.385,1.513
-0.747,0.61,-22.243,3.867,-0.152,0.241
-4.647,2.492,-27.375,2.582,-0.684,0.0
-2.776,4.782,-28.191,0.791,-0.3,0.163
-1.487,4.324,-25.292,-0.48,0.0,-0.111
-2.125,2.806,-24.047,-1.721,0.0,-0.624
-3.464,1.165,-22.51,-2.826,0.0,-0.94
