-2.387,-9.58,-10.222,-0.347,-0.834,0.147
-1.998,-9.538,-9.239,-0.502,-0.608,0.475
-2.57,-10.909,-6.525,0.163,0.293,1.098
-5.203,-12.962,-3.641,0.974,1.027,1.018
-4.955,-16.367,-2.97,2.576,0.609,1.625
-4.501,-17.813,-3.249,3.969,1.953,2.651
-6.96,-15.26,-6.093,4.155,1.504,3.286
-7.275,-10.066,-9.138,3.488,0.929,3.451
-6.234,-7.027,-8.361,2.986,0.312,3.487
-1.738,-3.281,-10.978,3.383,0.514,3.175
0.0,0.0,-11.692,2.793,0.153,2.13
0.0,2.493,-11.846,2.39,-0.761,0.666
-2.376,2.644,-11.938,3.109,0.218,-0.319
-3.853,0.921,-19.354,4.431,1.071,-0.338
-5.086,0.978,-27.064,2.706,-0.996,-0.479
-7.131,3.089,-27.147,0.689,0.0,-0.151
-3.873,2.682,-26.75,-0.521,0.244,-0.102
-4.41,1.815,-23.851,-1.879,0.225,-0.369
-4.743,1.117,-20.104,-2.991,0.0,-0.544
-3.621,1.318,-16.377,-3.456,0.0,-0.821
-3.583,1.099,-13.678,-3.553,0.104,-1.553
-3.147,-0.185,-10.888,-2.838,-0.378,-2.25
-5.27,-1.188,-10.957,-1.959,0.0,-2.442
-7.924,-3.033,-11.153,-1.895,-0.897,-2.621
-7.915,-5.359,-9.535,-2.722,-2.009,-2.793
