-2.116,-9.052,-11.364,0.0,0.0,0.0
-3.616,-9.504,-9.533,-0.656,-1.376,-0.385
-5.146,-11.78,-5.275,0.324,-1.151,0.0
-5.782,-13.31,-5.264,1.567,-0.902,0.85
-4.286,-14.626,-4.59,2.413,-0.613,1.096
-4.544,-15.179,-4.969,3.296,-0.21,1.467
-4.362,-13.942,-4.503,3.608,-0.378,1.719
-3.913,-11.184,-3.261,3.868,-0.844,1.515
-3.376,-7.028,-5.268,4.033,-1.027,1.285
-1.756,-1.908,-8.335,3.646,-0.397,0.906
-1.408,0.598,-3.884,2.05,-0.584,0.491
-1.646,3.826,-5.922,2.759,-0.652,0.103
-2.729,5.852,-5.879,2.219,-1.358,-0.409
-3.853,6.745,-6.835,1.793,-1.266,-0.655
-4.611,6.795,-7.808,1.913,-0.875,-0.587
-4.519,8.252,-9.432,2.04,-0.845,-0.273
-3.877,8.422,-12.922,2.374,-0.908,-0.105
-2.595,6.644,-15.361,1.987,-1.05,-0.324
-1.593,8.703,-17.51,0.435,-1.115,-0.558
-4.424,10.382,-17.767,0.598,0.0,-1.011
-6.309,9.868,-19.673,0.0,0.68,-0.555
-5.768,8.883,-16.929,-1.184,0.857,0.0
-5.857,7.843,-14.722,-1.218,1.362,0.247
-5.339,7.522,-14.225,-1.446,1.89,0.287
-6.127,7.266,-12.667,-1.847,1.981,0.418
