-2.355,-9.122,-10.005,-0.186,-0.334,0.233
-4.009,-9.713,-8.033,-0.713,-1.746,1.088
-3.078,-11.409,-4.101,0.682,-2.157,-0.255
-3.883,-12.135,-5.638,1.768,1.198,0.53
-4.769,-12.511,-5.085,2.543,1.875,1.329
-6.973,-13.981,-2.631,2.715,1.282,1.711
-7.811,-13.734,-3.105,3.501,0.86,2.455
-7.169,-11.078,-4.441,3.956,0.651,2.994
-6.135,-7.928,-5.829,3.869,0.0,2.746
-4.663,-4.524,-8.546,3.835,0.595,2.638
-2.334,-1.384,-11.157,3.409,0.754,2.274
-0.85,1.502,-11.839,2.596,0.454,1.79
-0.43,3.315,-12.323,3.091,-0.211,0.844
-0.135,2.675,-18.163,4.431,0.0,0.3
-2.923,2.562,-23.651,2.8,-1.254,-0.419
-6.904,3.667,-24.106,0.922,-1.329,-0.846
-6.489,4.994,-28.658,0.52,-0.186,-0.102
-5.473,3.685,-27.078,-1.895,0.0,0.15
-4.191,2.39,-21.986,-3.25,0.112,0.0
-4.01,1.538,-16.73,-3.55,0.487,0.0
-3.954,1.073,-13.158,-3.637,0.7,-0.342
-3.673,0.826,-10.659,-3.113,1.164,-0.824
-4.313,0.8,-9.728,-2.952,0.45,-1.731
-6.657,-1.424,-9.485,-2.697,0.967,-2.446
-10.068,-4.199,-7.122,-3.066,-0.504,-2.712
