-4.131,-10.434,-11.779,-0.615,0.115,-1.21
-7.306,-10.764,-6.614,1.093,2.715,0.882
-2.741,-8.668,-12.078,0.189,-2.141,0.107
-2.681,-9.612,-11.306,-0.35,-1.369,-0.102
-2.438,-9.284,-11.204,0.156,-0.298,0.324
-1.906,-8.924,-11.45,-0.12,-0.315,0.259
-2.765,-8.875,-10.094,-0.508,-1.004,0.0
-4.387,-10.175,-7.424,-0.555,-1.649,0.26
-5.369,-11.7,-4.758,0.713,-0.775,1.207
-7.938,-13.76,-3.525,1.99,0.797,1.64
-8.571,-15.894,-3.514,2.762,0.446,2.739
-8.353,-16.066,-4.447,3.885,0.0,3.48
-5.975,-11.979,-6.412,4.431,-0.453,3.561
-5.44,-6.89,-6.293,4.153,-0.242,2.707
-3.33,-3.216,-9.072,4.062,0.0,2.055
-1.262,-0.452,-11.974,3.941,0.683,1.396
-1.584,0.835,-13.284,3.452,-0.244,0.737
-0.709,0.0,-15.569,3.924,-0.531,0.0
-4.451,0.0,-21.133,3.545,-1.173,-0.398
-6.362,2.602,-21.933,1.899,-0.528,-1.226
-8.128,3.088,-23.112,1.994,0.154,-0.7
-8.557,2.136,-24.221,0.651,0.275,-0.492
-6.793,1.235,-23.198,-0.968,-0.278,0.0
-6.556,0.0,-22.382,-1.892,-0.16,0.0
-5.214,-1.548,-21.21,-3.434,-0.234,0.158
