-2.363,-9.213,-10.448,0.0,0.117,0.0
-3.398,-9.397,-9.734,0.139,-0.423,0.0
-5.192,-10.309,-5.816,0.0,-1.03,0.305
-5.229,-11.559,-4.599,1.23,-0.834,0.415
-5.293,-13.009,-3.029,2.17,-0.784,0.506
-3.545,-14.243,-2.994,2.989,-0.404,0.76
-4.472,-13.886,-3.223,3.609,0.588,1.012
-5.15,-11.486,-3.446,3.715,0.432,1.461
-4.165,-7.75,-4.301,4.062,-0.25,1.561
-2.179,-2.613,-4.031,3.466,-1.109,0.994
-3.548,-0.509,-3.838,3.232,-0.694,0.286
-3.187,1.536,-6.418,3.278,-0.346,0.262
-4.202,2.912,-8.206,3.005,0.608,0.33
-4.264,4.126,-10.0,3.249,-1.199,0.393
-2.476,6.783,-14.052,2.53,-1.747,0.625
-2.314,6.527,-14.201,1.853,-1.447,-0.274
-3.17,7.207,-15.686,1.492,-1.007,-0.506
-4.282,8.454,-18.284,1.0,-0.121,-1.035
-6.596,8.232,-19.881,0.642,-0.48,-0.603
-5.945,7.752,-21.425,-0.243,0.0,0.0
-5.143,7.061,-19.837,-1.016,0.966,0.0
-5.564,6.254,-17.704,-1.932,1.485,0.0
-5.754,5.994,-15.4,-2.532,1.856,0.0
-5.923,5.96,-13.049,-2.508,2.089,0.0
-5.832,5.566,-11.116,-2.39,2.217,-0.193
