-1.957,-9.289,-10.912,0.0,0.0,0.0
-2.124,-9.311,-10.796,-0.184,0.0,-0.1
-2.35,-9.636,-9.766,-0.358,0.0,-0.141
-2.434,-9.444,-10.25,0.258,0.0,0.0
-1.857,-9.187,-10.993,0.0,-0.143,0.0
-2.124,-9.627,-10.182,0.105,-0.158,0.0
-2.037,-9.44,-10.851,0.19,0.0,0.0
-2.252,-9.167,-10.728,0.0,0.0,0.0
-5.65,-9.374,-8.707,-0.261,0.548,0.779
-8.418,-13.398,-0.563,1.242,-0.925,0.866
-9.084,-16.327,-2.838,2.704,0.0,1.858
-6.597,-19.435,-2.522,4.188,-0.177,2.714
-6.635,-17.939,-5.342,4.43,-1.307,3.158
-3.801,-11.11,-6.853,4.431,-1.708,2.513
-2.45,-6.729,-4.839,4.084,-2.177,1.088
-2.173,-4.391,-5.743,4.293,-1.312,0.148
-5.213,-1.994,-8.006,4.431,-0.584,0.0
-6.087,0.301,-12.849,4.376,-1.13,-0.163
-7.06,-0.506,-17.427,4.431,-0.944,-0.195
-2.96,3.86,-28.221,2.803,-1.877,0.134
-3.875,7.165,-27.149,0.559,-1.018,-0.43
-5.436,7.001,-25.345,-0.668,0.415,-0.328
-5.313,6.109,-23.304,-2.113,1.315,-0.11
-6.816,4.013,-20.939,-3.198,2.162,0.0
-4.427,1.199,-17.611,-4.097,2.571,0.0
