-2.462,-9.627,-10.542,-0.629,-0.818,-0.913
-3.262,-10.039,-10.723,-0.931,0.16,-0.611
-3.712,-9.78,-9.236,1.236,1.552,0.709
-1.809,-9.089,-11.179,0.254,-1.008,0.0
-2.132,-9.425,-10.926,0.0,-0.75,-0.2
-2.27,-9.425,-11.281,0.267,0.0,0.0
-2.48,-9.312,-11.499,0.0,-0.18,0.0
-2.539,-9.05,-11.501,-0.348,-0.38,0.398
-2.878,-9.401,-11.273,-0.653,-0.184,0.499
-8.472,-11.87,-2.705,-1.54,-0.334,0.837
-13.406,-19.343,0.0,2.413,1.038,2.097
-9.76,-19.435,-6.381,3.886,0.236,4.299
-7.016,-19.435,-7.296,4.207,-0.611,4.393
-5.387,-17.409,-7.628,4.431,-1.122,4.172
-1.379,-10.407,-11.331,4.431,-0.465,3.389
0.416,-4.621,-14.21,4.431,0.893,2.642
0.836,-2.038,-13.996,3.343,-0.481,1.329
0.107,-2.141,-14.439,4.289,1.036,0.59
1.847,-1.813,-24.042,4.355,-1.447,-0.313
-4.93,-2.143,-23.628,3.189,-0.797,-0.734
-4.618,-0.252,-27.43,2.702,0.0,-0.799
-6.608,0.252,-29.293,0.941,-0.124,-0.482
-5.721,-0.456,-26.46,-1.001,-0.189,-0.171
-4.441,-1.962,-24.15,-1.985,0.0,0.0
-3.847,-2.463,-23.0,-3.13,-0.208,0.0
