-2.104,-9.445,-10.325,0.0,0.0,-0.138
-2.705,-9.501,-10.053,0.0,0.182,0.0
-2.149,-9.444,-10.896,0.109,-0.184,0.0
-3.155,-9.846,-8.208,0.0,0.279,0.2
-5.52,-12.683,-4.604,0.977,0.334,0.841
-5.247,-14.075,-5.493,2.164,1.399,1.91
-6.413,-16.007,-5.642,2.953,1.187,2.476
-8.491,-16.147,-6.702,3.363,0.856,3.231
-7.239,-12.726,-5.92,3.504,-0.598,3.628
-3.223,-6.414,-6.544,3.699,-0.565,2.942
-2.801,-5.526,-6.865,4.431,-0.685,2.442
-2.587,-2.429,-10.845,4.431,2.548,2.072
-3.707,0.643,-12.775,3.462,1.327,1.616
-1.845,2.404,-18.318,3.404,-0.573,1.066
-1.29,3.879,-23.052,2.122,-0.964,0.304
-0.73,5.756,-24.14,1.352,-0.446,0.0
-1.58,6.794,-24.389,0.199,0.0,-0.492
-3.097,5.717,-23.864,-0.938,0.359,-0.566
-3.325,4.156,-21.54,-1.762,0.661,-0.591
-4.142,3.295,-17.895,-2.582,0.71,-0.837
-5.114,3.618,-14.793,-2.71,0.793,-0.958
-3.844,2.301,-13.489,-2.405,0.554,-1.183
-4.068,0.746,-12.805,-2.42,0.408,-1.634
-6.397,-0.904,-10.697,-2.719,0.329,-2.276
-6.094,-2.384,-9.167,-3.365,-0.66,-2.887
