-2.07,-9.448,-10.18,-0.341,-0.546,-0.295
-2.228,-9.413,-10.011,-0.279,-0.315,-0.253
-2.256,-9.584,-10.079,-0.152,-0.163,-0.198
-3.203,-9.453,-9.849,0.0,0.137,0.0
-2.414,-9.316,-10.398,0.0,-0.165,0.0
-2.298,-9.372,-10.593,0.0,-0.277,0.0
-2.495,-9.372,-10.818,0.103,-0.226,0.0
-3.045,-9.329,-9.896,0.0,-0.31,0.141
-5.722,-10.215,-7.359,-0.227,-0.193,0.844
-7.503,-13.212,-1.977,1.483,-1.011,0.995
-8.538,-14.585,-3.016,2.865,0.182,1.816
-7.197,-15.924,-3.993,3.88,0.257,2.462
-6.735,-13.686,-4.969,4.095,0.242,2.878
-5.892,-9.081,-4.476,3.379,-0.84,2.579
-2.517,-6.013,-3.809,4.213,-1.358,1.774
-2.904,-3.034,-8.402,3.969,1.235,1.229
-2.283,0.211,-11.477,3.184,1.018,1.275
-1.252,3.528,-11.74,2.455,-0.113,0.678
-2.159,5.98,-11.7,2.047,-0.311,0.0
-4.458,5.769,-14.485,2.916,-0.569,-0.502
-5.808,5.195,-18.805,3.033,0.0,-0.875
-7.32,5.944,-21.636,1.205,-0.311,-0.463
-6.108,5.565,-21.863,0.313,-0.164,0.0
-4.39,4.965,-22.649,-0.47,0.116,0.0
-4.988,5.001,-20.457,-1.701,0.0,-0.269
