-5.162,5.45,-17.851,-1.747,0.649,-0.363
-5.942,5.375,-16.524,-2.157,0.835,-0.334
-6.172,5.237,-14.385,-2.512,0.903,-0.307
-6.805,4.871,-11.979,-2.664,0.838,-0.475
-7.696,3.576,-10.211,-2.401,0.901,-0.595
-6.476,2.72,-9.916,-2.308,0.865,-0.931
-5.152,1.083,-9.412,-2.34,0.82,-1.552
-5.644,-1.253,-8.493,-2.721,-0.158,-2.326
-6.86,-4.233,-7.6,-3.013,0.0,-2.954
-8.285,-8.154,-5.185,-3.627,-1.105,-3.425
-7.709,-11.436,-4.716,-3.264,-0.863,-3.224
-5.86,-13.83,-4.385,-2.969,-1.228,-3.047
-5.272,-14.491,-4.498,-1.596,1.184,-2.668
-7.534,-11.858,-7.498,-0.336,0.769,-1.429
-6.469,-10.5,-4.673,0.311,2.554,0.879
-2.436,-9.082,-9.967,0.426,-1.098,0.318
-2.284,-9.01,-11.084,0.427,-0.461,0.0
-2.412,-9.416,-11.105,0.37,0.18,0.324
-2.035,-8.891,-11.61,0.2,0.492,0.387
-1.87,-8.694,-11.334,-0.284,0.208,0.146
-2.058,-8.936,-10.677,-0.582,-0.518,-0.242
-2.204,-9.407,-10.074,-0.691,-0.618,-0.444
-2.429,-9.926,-9.948,-0.866,-0.452,-0.493
-3.23,-10.16,-8.603,0.425,-0.101,0.282
-1.501,-9.332,-11.008,0.617,-0.3,0.236
