-2.49,-9.202,-10.28,0.0,0.0,0.0
-1.851,-9.278,-10.54,0.0,-0.302,0.0
-2.064,-9.343,-10.595,0.0,-0.18,0.0
-1.855,-9.469,-10.424,0.0,-0.256,0.0
-1.772,-9.487,-10.238,0.0,-0.173,0.0
-1.616,-9.525,-10.17,0.0,0.0,0.113
-1.919,-9.276,-10.219,0.0,0.0,0.194
-2.142,-9.448,-9.252,0.0,0.317,0.576
-5.109,-10.494,-6.661,0.171,1.114,0.786
-9.184,-13.417,-2.193,1.519,1.327,1.679
-9.206,-15.139,-3.946,2.872,0.711,2.622
-8.213,-14.545,-5.133,3.687,-0.417,3.095
-7.552,-10.799,-5.777,3.405,-0.719,2.968
-6.179,-7.128,-5.286,3.18,-1.088,2.59
-3.831,-4.003,-5.801,3.137,-1.128,1.792
-3.743,-0.972,-6.414,3.352,-0.125,1.269
-3.009,1.176,-7.99,3.333,-0.282,1.005
-4.141,2.677,-9.877,3.251,0.0,0.462
-4.002,3.727,-13.909,3.327,-0.355,0.0
-5.138,4.954,-16.072,2.142,-1.697,-0.336
-7.609,6.867,-18.89,2.085,-0.933,-0.298
-5.824,6.96,-20.088,0.999,-0.546,-0.142
-4.494,7.093,-21.962,0.459,0.0,-0.143
-5.365,6.626,-20.705,-0.768,0.429,-0.284
-6.396,6.191,-19.492,-1.486,0.955,-0.158
