-2.063,-9.53,-10.192,0.0,0.535,-0.305
-2.54,-9.52,-10.164,0.0,0.318,-0.377
-2.442,-9.592,-10.539,0.231,0.69,0.0
-2.303,-9.317,-10.744,0.157,0.75,0.151
-2.222,-9.357,-10.808,0.0,0.407,0.0
-2.11,-9.192,-10.808,0.0,0.159,0.0
-2.162,-9.435,-10.548,-0.111,-0.336,0.0
-2.533,-9.423,-10.338,0.0,-0.539,0.0
-5.253,-10.025,-8.361,-0.848,-0.282,0.866
-8.608,-15.049,-2.525,0.694,0.0,1.448
-7.467,-16.477,-5.97,2.723,0.746,2.878
-7.329,-17.674,-5.733,3.227,-0.494,3.155
-6.427,-16.847,-5.071,4.397,-1.241,2.859
-5.723,-12.402,-6.441,4.431,-0.186,2.628
-3.744,-7.041,-9.483,4.431,0.659,2.555
-2.233,-3.21,-10.752,4.309,0.0,2.346
-0.403,-0.294,-12.159,3.494,0.249,1.158
-2.334,0.662,-13.947,3.749,-2.081,0.254
-3.594,0.434,-16.396,3.688,-0.557,-0.965
-7.554,1.541,-21.178,3.781,-0.806,-0.835
-9.704,3.586,-25.042,2.46,-0.618,-0.832
-10.583,4.081,-27.231,0.695,-0.304,0.0
-7.232,2.486,-24.234,-1.256,0.103,0.432
-5.211,0.624,-20.732,-2.104,0.743,0.199
-5.322,0.404,-19.936,-2.836,1.14,-0.21
