-3.37,-10.156,-9.622,0.517,-0.312,0.412
-3.369,-9.402,-9.421,0.405,0.0,0.68
-4.79,-10.291,-6.683,0.401,-0.757,0.767
-8.231,-12.071,-4.102,1.34,0.428,1.252
-7.106,-12.568,-5.646,2.524,-0.331,1.964
-6.595,-11.555,-4.918,2.54,-0.419,1.965
-6.286,-10.193,-2.431,2.231,-0.534,1.79
-7.71,-9.975,-2.942,4.144,0.0,1.978
-5.612,-4.909,-6.417,4.03,-1.15,1.765
-3.188,-0.939,-6.945,2.94,-1.464,0.962
-2.576,0.549,-4.44,2.165,-1.805,0.361
-2.89,3.416,-7.337,2.629,-1.351,0.0
-3.224,5.126,-8.534,2.021,-1.596,-0.451
-4.865,6.52,-7.923,2.197,-2.154,-0.213
-4.546,8.146,-8.106,1.938,-1.327,-0.291
-4.39,8.735,-10.095,1.854,-0.977,-0.208
-4.997,8.033,-12.299,1.664,-0.946,-0.295
-4.13,6.501,-14.593,1.617,-0.911,0.0
-4.004,8.974,-14.854,0.829,-0.843,-0.214
-3.959,10.795,-16.874,0.765,-0.536,-0.369
-6.1,9.863,-18.058,0.0,0.0,-0.497
-7.027,9.095,-16.313,-0.434,0.531,0.143
-5.331,8.423,-15.625,-0.733,1.168,0.487
-4.914,7.603,-15.166,-0.846,1.822,0.454
-6.273,7.324,-14.836,-1.48,2.357,0.0
