-1.857,-9.6,-10.147,0.0,-0.127,0.0
-1.881,-9.399,-10.206,0.0,-0.143,0.0
-2.238,-9.391,-9.436,-0.101,-0.149,0.0
-3.485,-10.502,-6.436,-0.225,0.483,0.968
-6.151,-12.943,-5.723,2.27,2.567,1.505
-7.709,-13.024,-6.04,2.31,1.397,2.366
-9.24,-14.517,-4.787,2.304,0.214,2.452
-9.212,-16.283,-4.455,3.759,-0.43,3.381
-6.395,-11.096,-6.337,3.562,-0.253,3.496
-4.97,-5.788,-6.682,3.18,-0.65,2.761
-3.053,-3.392,-9.025,4.43,-0.53,2.093
-2.634,0.798,-11.054,3.495,1.33,1.688
-2.195,2.484,-12.125,2.852,0.383,1.09
-2.523,3.47,-14.718,2.855,0.0,0.234
-3.869,4.014,-17.122,2.699,-0.722,-0.108
-4.306,4.703,-20.081,2.23,-0.751,-0.204
-5.007,5.375,-22.426,1.428,-0.846,-0.36
-3.804,4.676,-23.792,0.215,-0.523,-0.327
-3.612,5.132,-21.255,-0.569,0.113,-0.65
-6.294,4.499,-21.515,-1.113,0.538,-0.748
-7.224,2.574,-20.233,-2.103,0.557,-0.637
-7.779,3.278,-17.991,-2.586,0.914,-0.371
-6.519,1.963,-16.922,-2.948,0.744,-0.222
-3.479,-0.781,-16.043,-3.938,0.361,-1.216
-4.339,-3.264,-12.637,-4.299,-2.515,-1.446
