-1.689,-9.32,-10.163,0.0,0.0,0.0
-1.793,-9.536,-10.335,0.0,0.0,0.0
-1.867,-9.335,-10.46,0.0,0.0,0.0
-1.91,-9.386,-10.477,0.0,0.0,0.0
-1.822,-9.433,-10.413,0.0,0.0,0.0
-1.764,-9.392,-10.35,0.0,0.0,0.0
-2.074,-9.888,-10.311,0.0,-0.175,0.0
-2.99,-9.379,-10.851,0.0,-0.272,0.165
-6.995,-6.96,-9.137,-1.021,-1.428,1.069
-10.739,-16.663,0.939,-0.609,-0.627,0.649
-7.214,-19.435,-4.416,4.228,-0.188,2.939
-9.032,-18.214,-7.677,4.105,-0.518,3.208
-8.316,-14.759,-4.874,2.969,-1.368,2.769
-6.595,-10.556,-6.93,4.431,-1.604,2.309
-4.325,-5.171,-8.257,4.167,-1.65,1.449
-2.801,-1.303,-8.44,2.658,-2.43,0.856
-2.588,2.232,-9.752,2.374,-2.467,0.336
-2.449,3.889,-9.865,2.32,-1.371,-0.211
-6.621,5.668,-9.573,2.697,-1.635,0.446
-0.536,8.507,-12.528,2.486,-2.326,1.361
1.427,9.879,-14.762,1.627,-2.231,0.254
0.0,8.671,-14.406,1.273,-1.183,-0.62
-2.91,9.006,-19.942,2.551,-2.324,0.578
-0.525,10.1,-20.605,-0.528,-0.68,-0.476
-2.059,9.847,-15.917,-0.658,-0.126,-0.168
