-1.758,-9.462,-10.243,0.0,0.0,0.0
-1.985,-9.444,-9.241,-0.297,0.508,0.324
-2.713,-10.521,-7.181,0.543,0.188,0.382
-3.959,-11.855,-6.239,0.282,-0.172,0.584
-5.243,-14.124,-3.577,1.712,0.546,1.216
-6.983,-17.153,-3.76,2.855,0.756,1.955
-9.214,-17.786,-5.273,4.076,0.185,3.086
-7.068,-16.212,-6.559,4.376,-0.757,3.814
-3.272,-9.543,-7.486,3.887,-0.861,3.721
0.635,-4.583,-8.607,4.431,-1.902,1.903
0.0,-0.414,-10.981,4.065,0.173,0.883
-1.729,2.018,-11.789,3.79,0.404,0.282
-2.732,2.553,-14.832,4.077,-0.249,-0.246
-4.023,4.279,-21.14,3.167,-1.149,-0.322
-5.368,6.699,-23.757,1.665,-1.137,-0.81
-6.804,7.724,-23.105,0.603,-0.538,-0.41
-5.711,6.579,-23.356,-0.188,0.397,0.0
-3.634,6.084,-21.411,-1.404,0.532,-0.12
-4.242,5.492,-19.298,-1.997,0.676,-0.299
-4.217,4.372,-17.535,-2.119,1.033,-0.453
-5.692,3.089,-16.323,-2.641,1.155,-0.722
-6.932,1.606,-14.063,-3.191,1.278,-0.961
-6.383,0.43,-10.617,-3.766,0.644,-1.245
-5.809,0.228,-9.884,-3.336,0.978,-1.815
-6.96,-1.592,-8.792,-3.973,-0.243,-2.689
