-2.507,-9.091,-11.25,-0.443,0.172,-0.35
-2.71,-9.617,-10.835,-0.618,-0.303,-0.42
-4.122,-10.942,-3.507,0.247,1.687,0.237
-2.449,-8.94,-11.74,0.178,0.457,0.153
-2.479,-9.475,-11.006,-0.107,-0.593,0.0
-3.178,-9.269,-11.602,0.0,-0.11,0.256
-4.1,-8.915,-11.89,0.0,-0.71,0.508
-3.562,-8.693,-11.785,-0.509,-0.803,0.694
-5.232,-8.991,-10.243,-0.843,-1.718,0.744
-7.672,-12.594,-2.381,-0.827,-2.423,0.748
-8.05,-15.819,-2.472,2.82,0.0,1.835
-7.423,-16.51,-5.322,3.641,0.179,2.613
-7.823,-15.439,-7.838,3.974,0.155,2.938
-8.481,-13.175,-8.025,3.915,-0.643,2.934
-5.157,-6.686,-7.59,3.966,-0.366,3.104
-4.193,-1.193,-10.466,4.01,-0.538,2.262
-2.598,1.469,-14.117,4.431,-0.16,1.824
-2.927,4.525,-14.634,1.875,-0.651,0.38
-5.223,4.606,-16.186,2.268,-1.194,0.301
-4.943,5.334,-16.818,1.86,-0.829,0.664
-1.733,6.47,-18.443,1.715,-0.671,0.502
-0.596,8.289,-21.136,1.246,-0.582,0.0
-2.133,9.455,-20.833,0.0,-0.284,0.0
-1.524,8.757,-20.644,-0.424,0.384,-0.242
-2.183,6.43,-19.581,-1.253,0.577,-0.464
