-1.216,-8.996,-10.803,0.0,0.336,1.12
-0.814,-8.408,-10.989,-0.288,-0.353,0.176
-1.466,-8.67,-10.437,-0.469,-0.671,-0.505
-1.79,-9.373,-10.134,-0.473,-0.778,-0.886
-2.535,-9.867,-10.112,-0.401,-0.505,-0.921
-5.302,-10.683,-7.942,0.0,0.782,0.0
-2.441,-9.237,-10.66,0.321,0.0,0.218
-2.629,-8.826,-11.009,0.0,-0.21,0.0
-4.099,-9.332,-10.241,-0.446,0.935,0.784
-10.235,-11.91,-4.183,0.0,-0.136,0.689
-11.686,-15.309,-5.369,2.381,-0.572,2.403
-8.241,-16.774,-6.214,3.053,-1.763,3.161
-6.792,-15.082,-4.019,3.634,-1.558,3.115
-5.041,-10.709,-4.972,4.108,-1.765,2.407
-4.258,-3.956,-7.942,3.767,-1.43,1.713
-2.303,1.339,-9.807,2.221,-1.139,1.115
-2.686,2.064,-5.879,1.999,-1.657,0.269
-2.576,3.364,-6.314,2.189,-0.553,0.0
-2.679,5.718,-6.624,2.214,-0.678,0.0
-2.884,7.691,-7.867,2.356,-0.994,-0.194
-4.623,7.007,-9.515,2.391,-0.543,-0.245
-4.05,7.175,-13.577,3.008,-0.556,0.214
-2.899,7.844,-17.669,2.254,-0.904,0.255
-2.553,8.265,-19.157,0.919,-1.122,-0.117
-2.695,8.204,-18.993,0.146,-0.577,0.0
