-4.023,-8.745,-10.138,0.283,-0.274,0.331
-4.828,-8.946,-8.27,0.254,-0.488,0.0
-6.935,-9.893,-6.732,0.573,-0.156,0.218
-8.028,-10.869,-5.13,1.115,0.11,0.985
-9.146,-12.733,-3.498,2.16,0.0,1.879
-9.742,-13.082,-3.134,2.886,-0.387,2.365
-10.102,-11.886,-4.951,3.237,-0.714,2.678
-7.801,-10.067,-4.109,3.22,-1.301,2.781
-4.776,-6.599,-5.315,3.447,-1.003,2.442
-3.464,-3.158,-6.549,3.389,-1.026,1.888
-2.033,-0.311,-8.445,3.342,-0.402,1.289
-2.308,2.33,-10.499,3.195,-0.864,0.608
-3.851,2.988,-11.926,3.155,-1.219,-0.205
-4.076,3.818,-17.854,3.506,-1.618,-0.661
-4.761,6.173,-22.425,2.426,-1.352,-0.693
-5.114,8.47,-23.984,1.101,-0.556,-0.602
-5.454,8.587,-24.31,0.0,0.0,-0.331
-5.237,6.719,-21.5,-1.54,0.442,-0.257
-5.522,5.465,-18.717,-2.344,0.768,-0.159
-5.292,4.12,-15.913,-2.658,1.135,0.0
-5.405,2.621,-13.459,-3.192,1.139,-0.337
-4.581,1.345,-10.746,-2.943,0.957,-0.597
-4.677,0.364,-9.154,-3.043,0.602,-0.988
-6.777,-1.048,-7.757,-3.167,0.389,-1.437
-8.113,-3.377,-6.642,-3.441,0.898,-2.075
