-1.051,-10.153,-10.872,0.0,0.0,0.0
-1.041,-10.144,-10.944,0.0,0.0,0.0
-1.12,-10.152,-10.914,0.0,0.0,0.0
-1.069,-10.066,-11.205,0.0,0.0,0.0
-1.145,-10.021,-11.465,0.0,0.0,0.0
-1.749,-12.028,-8.261,0.0,-0.12,0.138
-2.179,-13.69,-4.686,-0.656,-0.973,0.719
1.553,-14.233,-3.886,1.393,-0.291,0.798
-3.162,-12.309,-7.603,1.789,-0.939,-0.26
-4.036,-5.173,-10.762,1.371,0.704,0.0
-21.013,26.961,-6.581,10.435,4.486,0.197
-9.305,3.159,-16.456,0.547,0.655,0.268
-1.087,-7.653,-30.973,-4.291,-0.56,1.687
-5.69,-20.015,-7.016,-4.291,-3.825,0.0
13.544,-20.015,8.252,2.827,2.263,0.477
-11.441,-26.236,14.469,22.064,4.486,0.197
-7.693,2.38,-30.973,-4.291,0.15,1.066
-2.271,-20.015,8.252,-4.291,-1.778,2.192
-6.897,-26.236,14.469,30.738,4.486,0.197
-6.897,-26.236,14.469,-4.291,0.571,0.0
-11.891,-10.223,-17.891,3.758,1.087,-2.749
-3.264,-1.535,-15.641,-0.579,0.849,-1.066
-5.89,-5.195,-7.13,-2.005,0.336,-1.5
-3.15,-7.241,-6.976,-1.548,1.095,0.372
-0.483,-8.742,-4.224,-1.704,0.624,0.701
