-1.902,-9.95,-8.866,0.0,0.0,0.0
-2.178,-10.103,-8.725,0.0,0.0,0.0
-1.845,-10.056,-9.172,0.0,0.0,0.0
-1.868,-9.763,-9.253,0.0,0.301,0.0
-0.678,-11.22,-6.484,-0.145,0.602,0.205
-1.005,-9.815,-7.662,0.368,0.0,-0.508
-4.145,-9.464,-11.484,-0.198,-0.756,-0.404
-2.716,-10.363,-9.191,-0.485,0.616,0.171
-1.711,-11.506,-5.032,-0.463,-0.441,0.374
-3.85,-17.732,-2.928,-1.206,-0.631,0.0
4.119,-20.015,-0.954,-0.956,-0.735,2.47
2.122,-4.255,-4.874,1.328,0.885,-1.05
-21.224,9.931,-20.62,4.193,0.671,-0.805
0.0,6.37,-30.973,-4.291,-0.517,2.124
1.948,-20.015,-12.857,-4.291,-4.354,0.424
16.167,-20.015,8.252,2.496,2.545,1.245
-20.627,2.75,-30.973,4.44,4.376,-1.58
-9.019,-17.058,-30.973,-4.291,-2.891,-0.735
7.281,-20.015,8.252,-1.164,0.477,2.183
-4.242,-20.015,-30.973,4.44,1.098,-2.634
-14.297,-9.879,-30.973,3.978,-0.349,-2.793
-4.328,-2.609,-15.675,1.591,-1.818,-0.69
-2.307,-4.052,-10.861,-0.805,0.0,-1.72
-3.43,-9.287,-2.654,-0.617,1.401,-0.256
-1.525,-8.111,-3.31,-0.353,1.002,-0.163
