-0.669,-10.138,-10.712,0.0,0.0,0.0
-0.76,-10.161,-10.749,0.0,0.0,0.0
-0.611,-10.11,-10.76,0.0,0.0,0.0
-0.695,-10.153,-10.889,0.0,0.0,0.0
-0.704,-10.115,-10.821,0.0,0.0,0.0
-0.724,-10.07,-10.998,0.0,0.0,0.0
-0.628,-9.989,-11.11,0.0,0.0,0.0
-1.219,-10.893,-10.341,0.0,-0.151,0.0
-3.241,-13.477,-4.502,0.0,-2.154,0.437
4.59,-17.013,-0.927,1.286,-0.32,1.998
0.747,-12.077,-6.066,1.491,-0.54,0.303
-4.705,-5.979,-10.444,1.663,1.316,-0.594
-9.441,8.425,-18.864,0.688,1.857,0.549
-10.057,8.959,-19.524,0.743,1.793,0.582
-3.047,-20.015,-12.637,-4.291,-4.354,0.613
18.001,-20.015,8.252,4.44,2.018,0.468
24.218,-26.236,14.469,-30.591,4.486,0.197
-21.224,5.136,-30.973,-30.591,23.382,-13.691
-10.864,-20.015,-30.973,-4.291,-4.01,-1.327
-7.335,-20.015,-30.973,4.44,0.512,-2.546
-17.937,-0.189,28.342,0.0,0.0,0.0
-7.068,-3.399,-15.165,2.054,-1.778,-1.353
-4.164,-4.267,-11.44,-1.986,1.376,-1.369
-2.766,-8.2,-6.231,-1.45,1.899,-0.522
-2.116,-8.135,-4.714,-2.221,1.133,-0.1
