-0.977,-10.149,-10.815,0.0,0.0,0.0
-1.096,-10.049,-10.797,0.0,0.0,0.0
-1.048,-10.192,-10.824,0.0,0.0,0.0
-0.981,-10.161,-10.732,0.0,0.0,0.0
-1.05,-10.17,-10.754,0.0,0.0,0.0
-1.196,-10.023,-10.847,0.0,0.0,0.0
-1.194,-10.718,-10.281,0.0,0.0,0.156
-1.533,-12.211,-7.647,0.376,-0.696,0.308
-0.456,-14.152,-5.118,-2.235,-1.14,1.257
1.842,-17.068,-2.181,4.031,0.54,0.242
-2.212,-10.544,-11.189,3.183,0.0,-0.819
-8.054,-3.823,-13.424,1.672,0.301,0.0
-8.393,5.176,-18.13,-0.16,-0.536,0.687
-11.028,6.476,-30.973,-2.482,0.608,3.407
-6.885,-20.015,-30.973,-4.291,-0.138,2.679
1.791,-20.015,8.252,-4.291,-1.294,1.83
7.71,-20.015,-29.179,4.44,0.349,-3.361
-21.224,19.21,-30.973,0.55,2.262,1.533
-15.8,-20.015,0.308,-4.291,-4.354,1.7
18.001,-20.015,8.252,4.44,0.301,0.0
-13.275,-20.015,-30.973,4.44,-1.368,-4.373
-13.465,-3.074,-30.973,4.44,-1.555,-1.387
-1.067,-1.914,-14.673,0.467,-1.282,-1.557
-5.215,-5.867,-5.978,-3.709,1.704,-1.857
-4.361,-7.981,-6.168,-2.147,1.964,-0.707
