-1.385,-10.149,-10.514,0.0,0.0,0.0
-1.297,-10.191,-10.553,0.0,0.0,0.0
-1.372,-10.143,-10.384,0.0,0.0,0.0
-1.446,-10.226,-10.511,0.0,0.0,0.0
-1.37,-10.163,-10.55,0.0,0.0,0.0
-1.415,-10.115,-10.42,0.0,0.0,0.0
-1.177,-10.446,-10.074,0.0,0.2,0.171
-1.345,-11.432,-8.399,0.377,0.113,0.472
-3.806,-12.021,-6.51,-0.371,-2.07,0.284
4.214,-14.141,-2.139,-0.347,-3.33,0.332
0.643,-12.652,-4.835,1.165,1.707,-0.378
-2.763,-7.849,-11.229,1.568,1.693,-0.937
-11.178,2.45,-15.919,0.709,1.458,0.48
-8.004,11.738,-30.973,-1.606,0.278,2.413
2.027,-17.899,-30.973,-4.291,-2.033,1.249
9.197,-20.015,8.252,-4.291,-3.93,0.0
10.941,-20.015,-8.582,4.44,2.319,-1.438
-21.224,19.21,-30.973,4.44,2.6,0.0
-13.793,-20.015,-30.973,-4.291,-4.354,0.29
18.001,-20.015,8.252,2.407,1.812,2.966
-11.102,-20.015,-30.973,4.44,0.828,-3.646
-12.009,-26.236,28.342,-30.591,4.486,0.197
0.0,-2.995,-13.912,1.909,-1.345,0.228
1.262,-3.946,-7.15,-0.812,0.338,-0.659
-0.699,-6.808,-3.959,0.0,1.8,-1.5
