-0.678,-10.157,-10.683,0.0,0.0,0.0
-0.681,-10.197,-10.742,0.0,0.0,0.0
-0.72,-10.185,-10.696,0.0,0.0,0.0
-0.709,-10.141,-10.714,0.0,0.0,0.0
-0.452,-10.05,-10.821,0.0,0.0,0.0
-0.754,-10.009,-10.718,0.0,0.0,0.0
-0.526,-10.218,-10.788,0.0,0.0,0.0
-1.608,-12.06,-8.07,0.0,-0.443,0.334
-1.954,-14.408,-6.833,-0.512,-1.479,0.954
7.624,-20.015,5.513,2.938,1.429,2.215
1.523,-11.687,-12.055,4.384,0.178,-0.737
-12.089,-2.525,-22.605,2.517,0.0,-0.64
-11.502,9.629,-28.837,-1.386,0.833,2.052
-2.394,-3.852,-30.973,-4.291,0.668,2.868
-2.766,-20.015,-10.986,-4.291,-4.354,0.0
14.214,-20.015,8.252,4.44,1.58,-0.68
-27.445,5.715,28.342,4.44,3.032,-1.084
-11.061,-20.015,-30.973,-4.291,-3.086,-0.743
11.562,-20.015,8.252,-0.398,0.0,2.903
-7.048,-20.015,-30.973,4.44,-0.295,-3.337
-1.707,-0.407,-11.364,0.0,0.0,0.0
-7.031,-3.3,-18.08,1.964,0.663,-0.496
-3.11,-3.098,-10.717,-1.497,-0.307,-1.464
-2.35,-8.121,-3.35,-1.204,0.423,-0.816
-2.722,-8.884,-4.383,-1.764,1.21,-0.273
