-0.422,-10.155,-10.773,0.0,0.0,0.0
-0.517,-10.122,-10.636,0.0,0.0,0.0
-0.49,-10.135,-10.75,0.0,0.0,0.0
-0.432,-10.068,-10.78,0.0,0.0,0.0
-0.509,-10.153,-10.721,0.0,0.0,0.0
-0.383,-10.12,-10.827,0.0,0.0,0.0
-0.358,-10.085,-10.924,0.0,0.0,0.0
-0.229,-10.273,-10.391,0.0,0.0,0.0
-1.615,-11.945,-8.277,0.0,-0.117,0.257
-1.487,-15.071,-0.72,-0.397,-2.001,1.309
0.463,-13.989,-8.333,1.561,0.128,0.633
-2.965,-8.103,-9.591,1.411,0.0,0.0
-7.64,-0.706,-14.811,0.77,0.0,0.588
15.687,-2.834,26.567,5.63,4.486,0.197
-5.332,-4.045,-30.973,-4.291,-0.313,2.698
-3.062,-20.015,2.173,-4.291,-4.354,0.639
12.447,-20.015,3.261,4.44,1.222,-0.732
-20.213,-26.236,-25.461,4.44,0.571,0.0
-20.213,-26.236,-25.461,-30.591,4.387,29.688
-6.372,-20.015,8.252,-4.291,-1.083,2.67
5.346,-20.015,-12.311,4.44,-1.086,-1.312
-11.011,-16.74,-29.596,4.44,-3.207,-4.373
-13.306,-8.622,-19.968,4.117,-2.248,-3.611
-6.718,-4.743,-13.202,-2.034,1.913,-1.908
-3.718,-6.993,-6.822,-1.655,1.683,-0.7
