-0.63,-10.152,-10.747,0.0,0.0,0.0
-0.52,-10.14,-10.78,0.0,0.0,0.0
-0.752,-10.216,-10.717,0.0,0.0,0.0
-0.574,-10.131,-10.605,0.0,0.0,0.0
-0.707,-10.146,-10.604,0.0,0.0,0.0
-0.634,-10.115,-10.632,0.0,0.0,0.0
-0.781,-10.114,-10.797,0.0,0.0,0.0
-1.996,-11.401,-7.542,0.0,-0.548,0.201
-1.811,-13.079,-6.863,-0.238,-1.444,0.551
1.462,-16.153,-2.376,0.943,-1.079,1.258
-0.248,-12.514,-6.189,1.026,-0.747,1.011
-3.307,-7.75,-6.244,1.911,0.906,0.0
-6.995,-0.879,-14.544,1.923,1.037,-0.107
-7.22,14.44,-28.279,0.459,0.457,2.0
-3.509,-10.103,-30.973,-4.291,-0.359,1.128
6.001,-20.015,8.252,-4.291,-3.866,1.5
12.036,-20.015,0.0,4.44,1.641,-1.954
-21.224,11.956,-30.973,4.44,2.241,-1.021
-17.777,-20.015,-30.973,-4.291,-4.206,-0.18
15.354,-20.015,8.252,2.4,0.958,2.737
-13.041,-20.015,-30.973,4.44,-0.837,-3.753
-14.484,-15.698,-30.973,4.44,0.0,-3.37
-7.356,-3.882,-21.573,1.637,-0.627,-1.997
-4.128,-5.129,-9.051,-2.86,0.951,-0.68
-3.112,-8.009,-5.593,-1.609,0.871,-0.25
