-1.377,-9.886,-7.492,0.0,0.0,0.0
-1.476,-9.873,-7.525,0.0,0.0,0.0
-1.481,-9.846,-7.607,0.0,0.0,0.0
-1.558,-9.866,-7.513,0.0,0.0,0.0
-1.524,-9.873,-7.512,0.0,0.0,0.0
-1.463,-9.888,-7.499,0.0,0.0,0.0
-1.219,-9.901,-7.574,0.0,0.0,0.0
-1.194,-9.988,-7.276,-0.248,0.182,-0.153
-1.898,-11.526,-4.352,-0.402,0.589,0.416
5.892,-15.615,2.17,-0.982,1.555,1.703
3.138,-12.311,-2.473,1.199,0.45,0.3
-6.387,-4.298,-11.268,1.678,1.813,-0.913
-17.734,14.377,-26.921,0.997,1.24,1.443
-0.714,-3.876,-30.973,-4.291,0.542,2.587
1.136,-20.015,8.252,-4.291,-2.513,2.168
12.514,-20.015,4.871,4.44,1.685,-0.825
-21.224,19.21,-30.973,4.44,2.276,0.421
-4.392,-20.015,-21.303,-4.291,-4.354,-0.419
13.574,-20.015,8.252,4.44,1.909,0.723
-8.831,-20.015,-30.973,4.44,1.599,-3.877
-10.231,-1.661,-28.411,2.684,0.0,-1.314
-3.135,-3.29,-16.732,0.406,-1.734,-2.106
-3.158,-8.73,-1.37,-2.999,0.645,-0.599
-3.234,-8.907,-4.086,-0.602,1.367,0.433
-2.543,-9.5,-5.544,-0.13,1.254,0.466
