-0.298,-9.574,-9.582,0.0,0.0,0.0
-0.189,-9.634,-9.58,0.0,0.0,0.0
-0.266,-9.64,-9.479,0.0,0.0,0.0
-0.257,-9.554,-9.509,0.0,0.0,0.0
-0.183,-9.575,-9.378,0.0,-0.126,0.0
-0.36,-9.713,-9.483,0.0,0.0,0.0
-1.927,-10.3,-7.655,0.0,0.0,0.226
-3.796,-13.778,-2.663,1.702,-2.521,1.494
0.918,-11.628,-0.457,2.197,-0.277,1.984
3.331,-5.334,-4.115,1.126,2.506,1.01
-1.369,-10.423,-5.191,-0.478,4.377,-0.115
-5.295,-4.506,-14.753,-1.224,2.36,0.442
2.083,6.713,-28.849,-0.922,-0.403,0.439
6.165,6.239,-20.101,-3.631,0.119,-1.14
9.323,-0.231,-30.049,-3.823,1.185,-2.796
10.783,-19.435,-30.049,-4.299,1.121,-4.337
-2.211,-19.435,-26.901,-4.299,-4.354,-4.337
6.046,-19.435,-10.454,-2.372,-2.053,0.894
6.656,-19.435,-5.904,3.631,1.905,2.641
4.366,-15.124,-30.049,4.431,2.784,2.771
1.911,-2.862,-30.049,4.431,1.465,4.393
15.201,15.289,-30.049,-1.866,0.964,4.393
19.37,6.952,-18.528,-3.711,1.72,-0.652
19.37,-7.891,-21.436,-0.894,4.377,-4.337
-17.874,-19.435,-30.049,4.431,-4.354,-4.337
