0.16,-9.632,-7.549,0.0,0.63,-0.135
-0.188,-9.381,-8.345,0.0,0.0,0.0
-0.383,-9.512,-8.104,0.0,0.0,0.0
0.0,-9.295,-8.559,0.0,-0.119,0.0
0.0,-9.262,-8.193,0.0,0.0,0.0
0.0,-9.378,-8.043,0.0,-0.221,0.0
0.0,-9.488,-8.021,0.0,-0.232,0.0
0.211,-9.612,-8.064,0.0,-0.303,0.0
0.0,-10.004,-7.314,-0.179,-0.484,0.0
-2.657,-13.225,1.134,0.801,-2.206,0.861
3.979,-11.142,-2.958,2.978,-2.693,1.442
4.272,-4.889,-6.209,1.386,3.627,0.0
-3.879,-5.148,-13.712,-2.935,4.377,-0.303
-2.205,-3.621,-14.421,-3.089,2.193,0.878
1.746,9.007,-18.271,-0.464,-1.666,-0.678
10.987,6.124,-30.049,-4.299,0.297,-1.361
9.339,-19.435,-30.049,-4.299,-0.463,-4.337
-4.622,-19.435,-24.628,-4.299,-4.048,-4.139
1.717,-19.435,-10.631,-1.528,-0.937,2.159
4.013,-17.627,-11.413,3.276,1.364,3.142
2.453,-8.206,-27.633,4.431,2.102,3.392
2.468,10.074,-30.049,3.719,-0.467,2.711
13.842,19.79,-30.049,-2.969,0.212,2.435
13.415,7.668,-19.608,-3.681,2.225,-1.913
19.37,-19.435,-30.049,0.402,4.377,-4.337
