-0.176,-9.493,-9.45,0.0,-0.141,0.0
0.0,-9.499,-9.156,0.0,0.0,0.0
0.0,-9.603,-9.362,0.0,0.0,0.0
-0.1,-9.559,-9.495,0.0,0.0,0.0
-0.345,-9.59,-9.212,0.0,0.0,0.0
-0.272,-9.579,-9.465,0.0,0.0,0.0
-0.136,-9.917,-9.356,0.0,0.0,0.127
0.0,-10.085,-9.128,0.0,0.0,0.0
-3.718,-12.063,-4.601,0.0,-1.298,0.747
2.989,-17.353,-4.567,0.426,-4.354,1.85
5.155,-5.663,-6.864,-0.659,4.377,2.171
-1.814,-8.71,-5.683,-1.514,4.377,0.829
1.145,-2.411,-16.643,1.865,3.677,2.664
4.392,14.256,-26.333,0.0,0.834,0.585
13.291,9.047,-30.049,-4.131,-0.454,-2.745
19.37,-11.594,-30.049,-4.299,1.22,-4.337
-1.677,-19.435,-30.049,-3.494,-4.354,-4.337
5.576,-19.435,-16.796,-1.489,-1.923,2.569
6.952,-19.435,-4.316,1.808,2.067,3.914
8.13,-14.772,-29.821,4.431,3.311,4.393
19.37,19.79,-30.049,0.0,2.399,4.393
19.37,4.698,-23.7,-4.299,1.146,-3.346
1.1,-19.435,-21.014,1.952,-1.407,-4.337
-15.66,-19.435,-12.449,1.392,-2.619,-2.219
4.603,-14.108,-11.814,4.431,0.924,4.393
