-0.53,-9.524,-9.136,0.0,-0.48,0.0
-0.401,-9.636,-9.077,0.0,-0.401,0.0
-0.212,-9.565,-9.379,0.0,-0.368,0.0
-0.312,-9.483,-9.238,0.0,-0.156,0.0
-0.337,-9.577,-9.271,0.0,0.0,0.0
-0.49,-9.696,-9.095,0.0,0.0,0.0
-3.801,-10.805,-6.175,0.436,-0.881,0.219
-2.73,-11.237,-6.96,2.051,-3.671,1.672
0.139,-11.284,-4.156,1.544,-3.389,2.11
5.93,-8.729,-2.171,0.564,0.809,1.593
6.225,-9.36,0.0,-1.366,4.333,-0.855
-2.654,-9.816,-10.293,-0.561,4.377,-1.529
-5.308,-3.468,-20.172,-0.59,4.377,1.868
6.935,8.513,-29.007,-2.069,2.285,3.452
16.864,3.44,-21.978,-4.299,2.17,-1.564
18.079,-14.467,-30.049,-2.475,2.627,-4.337
-6.758,-19.435,-30.049,-2.895,-4.354,-4.337
1.689,-19.435,-18.515,-1.92,-3.698,2.374
6.042,-19.435,2.435,0.354,1.215,2.79
7.434,-15.872,-22.16,4.431,3.048,2.047
1.613,-4.634,-30.049,4.431,2.672,4.393
19.37,17.356,-30.049,-4.266,2.879,4.393
19.37,5.727,-21.689,-3.798,2.237,-3.721
4.129,-19.435,-29.888,2.14,-1.403,-4.337
-14.237,-17.801,-19.862,-0.607,-1.68,-1.786
