0.174,-9.423,-8.613,0.0,0.246,0.0
-0.118,-9.292,-8.397,0.0,0.291,0.0
0.24,-9.575,-8.511,0.0,0.306,0.0
-0.129,-9.549,-8.4,-0.107,0.312,0.0
-0.796,-9.614,-8.313,0.0,0.0,0.0
-0.349,-9.662,-8.474,0.0,-0.241,0.0
0.127,-10.958,-7.799,0.0,0.0,0.0
-1.891,-10.549,-5.953,-0.106,-0.477,0.654
0.1,-10.751,-3.439,0.88,-2.371,1.249
5.082,-8.595,-0.487,1.586,-0.805,0.331
2.132,-7.525,-3.599,0.422,4.377,-1.224
-3.839,-6.963,-16.006,-1.772,4.377,0.282
-1.38,2.522,-17.648,-2.675,2.121,0.688
13.232,12.055,-30.049,-2.999,-1.153,-1.238
19.37,-8.162,-30.049,-4.299,-0.299,-3.244
11.915,-19.435,-30.049,-4.299,-1.61,-4.337
-5.825,-19.435,-13.459,-3.4,-2.417,-1.543
-0.625,-19.435,-4.757,2.545,0.806,3.633
2.612,-19.435,-23.476,4.431,3.045,4.393
16.784,-12.319,-30.049,1.148,1.122,4.393
19.37,7.49,-30.049,-1.82,-0.319,2.536
19.37,-0.258,-15.64,-2.741,1.442,-4.337
16.87,-19.278,-24.109,-0.515,3.798,-4.337
-15.0,-19.435,-27.289,1.777,-4.354,-4.337
-2.265,-15.715,-13.626,1.789,-2.984,1.331
