-0.838,-9.42,-8.931,0.0,0.0,0.0
-0.786,-9.596,-9.01,0.0,0.0,0.0
-0.791,-9.469,-9.025,0.0,0.0,0.0
-0.68,-9.499,-8.896,0.0,0.0,0.0
-0.669,-9.569,-8.911,0.0,0.0,0.0
-0.806,-10.037,-8.87,0.0,0.0,0.105
-1.325,-10.971,-7.376,0.187,-0.119,0.388
-1.471,-10.796,-6.667,0.456,-0.377,0.8
-2.643,-10.008,0.651,1.387,-3.264,1.094
8.657,-6.865,-5.99,-1.552,1.7,0.0
-5.77,-8.719,-6.64,-1.701,4.377,-0.411
-2.274,-2.077,-23.786,-2.556,3.211,1.711
-0.164,17.496,-22.569,-2.033,-1.029,1.394
12.172,7.348,-30.049,-4.299,-1.162,-0.735
14.969,-9.606,-30.049,-4.299,2.545,-3.505
-9.163,-19.435,-30.049,-3.694,-4.064,-4.337
1.572,-19.435,-13.11,-0.489,-1.187,1.85
3.746,-14.011,-14.064,3.685,1.603,3.864
0.959,-1.125,-30.049,4.426,1.364,3.769
2.123,19.79,-30.049,3.251,-1.343,3.476
17.319,14.202,-27.298,-3.765,0.0,2.287
17.152,-0.385,-21.008,-3.399,3.021,-4.337
4.218,-19.435,-30.049,-0.461,1.223,-4.337
-16.666,-14.535,-17.65,0.408,-1.04,-0.571
5.728,-16.431,-12.579,4.431,1.015,4.393
