0.492,-9.472,-9.799,-0.122,0.492,0.0
0.0,-10.017,-9.292,-0.241,0.959,-0.141
-0.761,-9.632,-9.214,0.0,0.63,-0.11
-0.767,-9.757,-9.338,0.0,0.26,0.0
-0.576,-9.611,-9.679,0.0,0.0,0.0
-1.034,-9.615,-9.169,0.0,-0.452,-0.106
-0.438,-9.512,-9.74,0.125,-1.011,0.0
-0.756,-10.558,-9.077,0.0,-1.052,0.0
-4.309,-13.678,-3.374,0.278,-3.355,1.228
4.511,-12.033,-2.543,0.376,-1.742,1.738
4.597,-4.922,-4.763,0.18,3.942,1.328
-1.342,-5.6,-11.837,0.0,4.377,0.359
-2.137,-2.17,-20.754,-2.059,2.433,0.397
3.009,4.666,-24.643,-2.635,0.863,0.796
14.377,2.164,-30.049,-3.982,0.0,-1.933
15.224,-13.618,-30.049,-4.299,0.206,-4.337
4.333,-19.435,-26.307,-3.859,-4.054,-4.337
-0.434,-19.435,-14.321,-2.653,-2.173,0.612
4.591,-16.765,-5.669,1.162,1.347,2.655
5.968,-10.665,-25.408,4.431,2.446,2.248
1.868,8.714,-30.049,4.431,1.873,3.055
2.196,19.79,-30.049,-0.763,-0.558,0.81
7.637,11.657,-23.962,-2.991,0.0,-0.985
11.712,0.0,-25.815,-3.054,2.338,-2.457
-3.195,-19.435,-23.155,2.0,-1.707,-4.337
