-1.134,-9.614,-9.349,0.0,0.0,0.0
-0.625,-9.55,-9.01,0.163,-0.512,0.149
-0.401,-9.423,-8.788,0.105,-0.459,0.109
-0.372,-9.411,-8.497,0.0,-0.193,0.0
-0.59,-9.513,-8.784,0.0,0.0,0.0
-0.704,-9.705,-8.634,0.0,-0.178,0.0
-0.479,-9.93,-8.572,0.0,-0.384,0.0
-4.845,-12.598,-2.171,0.62,-3.574,0.67
2.108,-9.465,-6.111,2.914,-4.354,0.733
12.609,-5.93,-10.408,-1.218,4.377,1.803
-1.163,-10.14,-3.87,-2.215,4.377,-0.811
-4.551,-5.156,-15.946,-0.197,4.377,0.889
-2.119,6.429,-22.783,-2.815,1.048,1.015
4.748,11.52,-24.495,-4.219,-0.532,-0.77
8.842,6.531,-29.742,-4.299,0.818,-1.799
5.874,-2.114,-30.049,-3.614,2.03,-2.946
-2.368,-19.435,-30.049,-1.806,-3.341,-4.337
2.781,-19.435,-15.029,-1.788,-2.036,0.973
4.51,-15.757,-9.268,2.466,0.664,2.433
2.61,-8.32,-29.883,4.431,1.34,1.883
1.439,5.835,-30.049,3.313,1.381,2.56
2.971,17.079,-27.797,0.501,-0.281,1.758
8.157,14.373,-20.708,-2.56,0.334,0.14
7.813,5.669,-21.673,-3.158,2.272,-1.721
8.241,-16.717,-29.165,2.284,3.815,-3.105
