-0.455,-9.49,-8.755,0.0,0.0,0.0
-0.339,-9.429,-8.497,0.0,-0.19,0.0
-0.178,-9.488,-8.553,0.0,-0.149,0.0
-0.229,-9.586,-8.463,0.0,0.0,0.0
0.0,-9.5,-8.523,0.0,-0.14,0.0
-0.154,-9.58,-8.191,0.0,-0.127,0.0
-0.215,-11.754,-6.655,0.0,0.0,0.171
-1.939,-11.753,-2.698,0.612,-1.571,0.234
1.256,-9.235,-4.254,1.116,-4.354,0.59
8.227,-7.793,-6.45,0.0,2.706,0.649
-3.155,-7.281,-7.103,-1.418,4.377,-0.285
-1.837,-2.675,-14.207,-1.067,3.816,1.102
-4.217,3.455,-18.7,-3.881,1.866,0.688
6.111,7.603,-21.974,-3.701,1.065,1.24
14.599,8.411,-30.049,-4.099,0.779,-1.973
16.732,-7.401,-30.049,-4.153,2.55,-4.337
-1.287,-19.435,-30.049,-2.836,-2.221,-4.337
-0.865,-19.435,-16.922,-0.821,-2.121,0.808
6.79,-14.79,-12.722,2.652,0.749,3.377
5.878,-3.328,-30.049,4.431,1.097,3.047
4.619,15.161,-30.049,2.397,0.0,2.693
8.301,18.322,-22.704,-2.944,0.429,2.084
8.672,11.519,-18.875,-3.332,1.55,-1.058
15.715,0.0,-29.649,-1.784,4.377,-2.683
-6.68,-19.435,-30.049,1.233,-2.839,-4.337
