0.0,-9.532,-8.81,0.0,0.0,0.0
-0.243,-9.518,-8.928,0.0,0.0,0.0
-0.214,-9.521,-8.938,0.0,0.0,0.0
-0.168,-9.483,-8.912,0.0,0.0,0.0
-0.272,-9.527,-8.876,0.0,0.0,0.0
-0.146,-9.565,-8.888,0.0,0.0,0.0
-0.211,-9.521,-8.868,0.0,0.0,0.0
-0.252,-9.841,-8.697,0.0,0.0,0.0
-1.058,-11.369,-7.697,-0.262,0.2,0.165
-3.287,-12.447,0.591,0.899,-1.635,1.162
6.767,-6.785,-8.079,1.009,-4.354,0.0
6.694,-8.345,-6.275,0.0,3.395,-0.395
-3.57,-6.585,-8.535,-0.216,3.606,-0.693
-4.675,-3.585,-17.884,-2.598,3.49,0.644
-3.712,4.637,-20.437,-3.496,0.331,1.849
11.514,6.397,-30.049,-4.299,-0.255,0.48
10.494,-5.187,-30.049,-4.299,0.951,-2.826
6.036,-19.435,-30.049,-3.702,0.516,-4.337
-3.669,-19.435,-21.079,-2.978,-3.344,-3.126
2.14,-19.435,-8.169,1.023,0.891,2.97
8.26,-14.481,-26.052,4.431,1.507,4.393
7.593,14.59,-30.049,2.611,0.779,4.177
15.329,19.79,-24.192,-3.845,0.331,2.247
12.7,12.912,-18.536,-3.507,1.838,-1.929
12.578,-0.234,-30.049,-1.444,4.377,-3.062
