-0.223,-9.476,-8.536,0.0,0.0,0.0
-0.339,-9.405,-8.388,0.0,0.0,0.0
0.0,-9.426,-8.41,0.0,-0.149,0.0
0.114,-9.498,-8.331,0.0,-0.131,0.0
-0.142,-9.568,-8.299,0.0,-0.17,-0.113
0.0,-10.113,-8.201,0.0,0.0,0.0
-2.067,-10.587,-5.273,0.317,-1.417,0.551
1.936,-12.174,-1.1,1.022,-1.831,1.033
2.415,-8.101,-2.729,1.798,0.426,0.34
3.687,-3.614,-8.085,0.0,2.703,-0.581
-3.803,-5.836,-15.831,-3.577,4.377,-1.163
-1.196,9.27,-18.74,-1.634,0.845,0.452
1.681,9.425,-30.049,-4.235,-2.701,-2.185
10.639,-11.824,-30.049,-4.299,-0.871,-1.051
10.4,-19.435,-30.049,-4.299,-1.157,-3.867
1.464,-19.435,-20.808,-3.275,-2.719,-1.306
4.93,-19.435,-10.272,1.596,0.85,2.09
8.129,-15.84,-26.305,4.431,3.19,3.369
-1.529,9.93,-30.049,3.648,1.544,4.393
13.081,19.79,-30.049,-2.368,-1.387,3.218
16.668,11.483,-14.467,-3.441,0.519,-0.601
16.966,2.706,-18.539,-2.142,4.377,-1.882
2.324,-19.435,-30.049,3.761,1.74,-4.337
-10.654,-11.876,-20.905,0.743,-3.316,-1.766
4.96,-10.752,-16.83,3.023,-2.448,2.667
