-0.261,-9.73,-8.53,0.0,0.0,-0.123
-0.251,-9.706,-8.63,0.0,-0.246,0.0
0.821,-9.583,-8.687,0.0,-0.25,0.0
0.152,-9.653,-8.269,0.0,-0.126,0.0
0.0,-10.154,-7.944,0.0,-0.139,0.162
-2.517,-11.468,-3.514,0.113,-1.641,0.839
3.411,-11.743,-2.01,0.337,-0.258,0.738
1.272,-8.235,-6.049,0.334,4.183,1.007
-2.868,-6.271,-10.406,-1.026,4.377,1.364
-2.192,-1.892,-17.875,-3.663,2.179,0.693
-1.48,4.493,-17.105,-2.982,0.0,0.831
6.507,8.268,-22.814,-2.743,-0.453,0.193
16.975,4.547,-30.049,-4.027,1.197,-0.968
14.285,-19.435,-30.049,-3.75,3.209,-4.337
-18.8,-19.435,-19.442,-2.159,-2.158,-3.495
-1.092,-19.435,-10.265,1.967,-0.476,2.795
2.459,-7.055,-25.436,4.431,0.993,4.19
3.454,12.686,-30.049,4.431,-1.597,3.508
19.37,16.105,-29.979,-4.097,0.585,2.963
14.325,1.544,-17.718,-2.647,2.438,-4.337
4.525,-19.435,-30.049,0.816,0.501,-4.337
-14.755,-17.554,-14.929,1.843,-2.707,-2.145
3.505,-15.338,-12.864,4.431,-2.212,2.057
0.696,-9.644,-11.753,4.431,-1.744,-0.62
-3.3,-7.495,-12.922,3.659,-3.524,-2.359
