0.0,-9.487,-8.657,0.0,0.0,0.0
-0.323,-9.545,-8.427,0.0,0.0,0.0
0.0,-9.495,-8.352,0.0,0.0,0.0
0.0,-9.472,-8.138,0.0,0.0,0.0
0.0,-9.462,-8.414,0.0,0.0,0.0
-0.391,-8.858,-8.467,0.0,0.0,0.0
0.0,-9.981,-8.221,0.0,0.198,0.0
-0.961,-10.83,-5.845,-0.285,-0.345,0.323
-1.076,-10.975,0.493,0.18,-3.158,1.001
12.988,-7.168,-8.737,-0.308,-1.373,-0.817
-4.086,-9.842,-7.412,-1.758,4.377,0.319
-3.079,-6.771,-11.698,1.8,4.309,3.152
0.264,1.589,-23.916,-2.409,3.235,3.119
12.061,3.338,-27.738,-4.299,2.465,1.823
19.37,-6.155,-30.049,-4.008,2.412,-3.669
14.679,-19.435,-30.049,-2.08,2.0,-4.337
-12.334,-19.435,-26.922,-3.686,-4.354,-4.337
2.032,-19.435,-15.613,-1.039,-1.673,2.757
3.033,-16.961,-6.755,3.065,1.104,3.846
7.276,-16.371,-30.036,4.431,1.087,3.565
6.523,2.026,-30.049,4.431,0.491,3.508
7.462,19.79,-30.049,-0.915,-0.231,2.47
13.233,9.496,-17.312,-4.204,1.269,-1.252
13.229,-5.418,-25.577,-2.245,3.856,-4.337
-11.654,-19.435,-30.049,0.342,-4.354,-4.337
