-0.114,-9.456,-8.881,0.0,-0.277,0.0
0.0,-9.46,-8.498,0.0,-0.203,0.0
0.197,-9.505,-9.007,0.0,-0.358,0.0
0.319,-9.599,-8.881,0.0,-0.117,0.0
0.203,-10.192,-8.48,0.0,0.0,0.0
0.525,-9.664,-7.753,0.0,-0.223,0.141
0.322,-10.221,-7.136,0.124,-0.936,0.0
1.166,-13.537,-2.972,0.914,-1.866,0.0
2.896,-9.72,-1.143,1.216,-4.354,-0.428
8.246,-6.038,-8.146,-0.427,2.155,0.487
-2.994,-4.392,-9.551,-1.113,4.377,-0.143
-3.323,-2.614,-14.765,-1.809,4.377,1.802
3.474,-2.319,-19.423,-0.465,0.956,0.937
1.211,-7.229,-25.36,-2.86,-0.891,-0.502
5.422,-4.285,-29.35,-4.299,0.0,-0.523
17.677,-18.473,-30.049,-4.299,0.497,-4.337
-8.965,-19.435,-15.862,-4.299,-3.938,-4.337
4.883,-19.435,-9.92,0.639,-0.174,2.865
8.483,-14.296,-19.891,4.431,1.685,3.812
8.188,3.661,-30.049,4.431,0.739,4.393
15.745,19.79,-30.049,-1.87,0.14,2.66
19.37,12.927,-24.6,-4.299,2.166,-1.385
19.29,-19.435,-30.049,-0.408,4.377,-4.337
-19.855,-19.435,-26.445,-0.1,-2.406,-2.823
6.868,-12.739,-13.949,2.291,-1.136,3.844
