-0.636,-9.492,-8.63,-0.174,0.215,0.0
-0.473,-9.416,-8.292,0.0,0.165,0.0
-1.038,-9.397,-8.768,-0.144,0.0,0.0
-0.504,-9.562,-8.589,0.0,-0.326,0.0
-0.29,-9.463,-8.734,0.0,0.0,0.0
-0.396,-9.51,-8.427,0.0,-0.203,0.0
-0.148,-9.535,-8.499,0.0,-0.19,0.0
-0.27,-9.483,-8.537,0.0,-0.194,0.0
-1.723,-10.652,-7.446,0.0,-0.234,0.0
-3.89,-13.995,1.088,0.451,-3.219,1.466
6.51,-9.234,-6.135,0.987,-2.72,0.747
0.902,-4.024,-10.643,-1.001,4.377,1.206
-4.591,-3.708,-13.271,-3.422,4.377,1.15
0.52,3.264,-17.622,-2.043,0.754,1.092
8.524,12.663,-30.049,-2.821,-0.121,-0.16
12.321,0.287,-30.049,-4.299,0.399,-3.871
8.445,-19.435,-30.049,-4.299,0.0,-4.337
-4.688,-19.435,-19.7,-2.881,-3.102,-0.805
3.996,-19.435,-11.388,2.203,-0.152,3.277
3.454,-7.907,-30.049,4.431,1.146,3.808
1.736,12.001,-30.049,4.431,-1.146,2.092
7.883,19.79,-29.461,-1.065,-0.42,1.81
9.53,10.978,-20.176,-3.243,1.361,-1.414
13.258,-0.668,-30.049,-2.878,4.377,-2.756
-12.364,-19.435,-30.049,0.926,-3.075,-4.337
