-0.241,-9.8,-9.776,0.0,0.115,-0.153
-0.555,-9.691,-9.491,0.0,-0.234,-0.107
-0.332,-9.658,-9.798,0.123,-0.443,0.0
0.104,-9.633,-9.825,0.131,-0.469,0.0
0.12,-9.542,-10.007,0.0,-0.359,0.0
0.0,-9.486,-9.834,0.0,-0.246,0.0
0.0,-9.602,-9.785,0.0,-0.248,0.0
0.203,-9.589,-9.473,0.0,-0.208,0.0
-0.409,-10.752,-8.634,0.0,0.0,0.0
-2.838,-14.228,0.606,-0.228,-1.577,0.793
1.541,-11.519,3.74,2.599,-0.785,1.91
8.883,-4.623,-12.059,-0.271,4.377,-0.592
-3.687,-7.202,-15.599,-0.856,3.695,0.671
1.901,8.799,-30.049,-1.797,0.817,1.365
13.7,6.063,-30.049,-4.299,-0.778,-1.989
18.862,-19.435,-30.049,-4.299,-0.418,-4.337
-4.41,-19.435,-25.367,-4.299,-3.97,-3.563
5.38,-19.435,-8.512,-0.81,-0.774,2.34
5.66,-18.017,-13.201,4.431,1.809,2.97
1.437,-5.102,-30.049,4.431,2.069,4.235
14.389,19.79,-30.049,0.653,0.237,3.399
15.954,16.11,-26.813,-3.725,-0.11,-2.436
19.37,-1.414,-27.072,-4.299,3.561,-4.337
-4.738,-19.435,-30.049,-0.386,-1.315,-4.337
-4.258,-17.65,-17.099,-0.522,-0.893,2.476
