-1.238,-9.185,-8.397,0.129,-0.486,0.0
-1.25,-9.432,-8.971,-0.144,-0.188,-0.219
-1.863,-9.568,-8.294,0.0,-0.52,-0.156
-0.988,-8.826,-9.406,0.0,-0.886,-0.129
-0.724,-9.521,-9.239,-0.394,-0.214,-0.157
-0.991,-9.654,-8.507,0.0,-0.33,0.0
-0.357,-10.036,-8.96,-0.115,-0.273,0.136
-0.912,-11.311,-7.721,-0.607,-0.576,0.208
1.348,-12.197,-4.75,-0.709,-2.524,0.767
10.382,-7.954,0.0,2.117,1.097,0.476
0.209,-8.678,-7.422,1.169,4.377,-1.205
-0.433,-9.142,-12.1,3.145,4.377,0.929
4.309,-7.397,-20.319,4.431,4.377,2.308
13.976,-11.33,-29.022,-0.746,-1.044,-1.29
13.365,-19.435,-25.673,-4.299,-4.093,-4.337
8.312,-19.435,-22.032,-4.299,-4.228,-4.337
2.834,-19.435,-8.59,-4.299,-4.354,-2.216
2.254,-19.435,1.119,-0.832,0.879,1.556
5.299,-18.072,-15.652,4.431,1.677,2.362
4.878,-9.488,-30.049,4.431,2.505,3.326
14.559,13.06,-30.049,2.119,1.501,3.107
17.163,7.913,-29.399,-3.051,0.224,-2.256
12.11,-6.671,-29.433,-3.192,1.25,-3.856
-3.451,-19.435,-24.152,-2.345,-4.354,-4.337
0.515,-16.796,-16.48,0.404,-3.656,0.189
