0.339,-9.478,-9.136,0.0,-0.339,0.0
0.6,-9.492,-8.833,0.0,-0.367,0.0
0.763,-9.46,-8.881,0.0,-0.133,0.0
0.583,-9.561,-8.73,0.0,0.0,0.0
0.404,-9.626,-8.567,0.0,0.0,0.0
0.444,-9.433,-8.579,0.0,0.0,0.0
0.893,-9.911,-8.031,0.0,0.0,0.0
-0.188,-10.059,-6.805,-0.19,-0.785,0.18
0.0,-11.293,-2.634,1.144,-1.463,1.082
6.326,-8.231,-2.456,0.308,-0.416,0.694
1.518,-11.446,-3.7,0.412,4.377,-1.146
-4.351,-7.784,-12.311,1.952,4.377,0.793
-2.982,-1.957,-17.783,-0.941,4.377,2.204
9.818,4.192,-28.683,-4.24,0.208,-0.541
16.11,-7.722,-30.049,-4.299,-2.195,-2.917
16.243,-19.435,-30.049,-4.299,0.435,-4.337
-4.008,-19.435,-23.45,-4.299,-4.354,-4.337
-0.345,-19.435,-7.248,-2.121,-1.913,1.083
3.43,-16.566,-5.056,2.599,1.765,2.829
1.615,-14.135,-30.049,4.431,2.825,3.58
13.999,16.002,-30.049,2.907,0.0,3.813
12.899,11.222,-25.576,-3.928,-0.666,-1.751
13.712,2.622,-24.374,-3.983,2.583,-3.114
-4.308,-19.435,-26.587,1.884,-2.067,-4.337
-12.377,-16.794,-15.57,1.353,-3.187,-1.065
