-0.433,-9.55,-9.292,0.0,0.0,0.0
-0.276,-9.571,-9.329,0.0,0.0,0.0
-0.263,-9.519,-9.467,0.0,0.0,0.0
-0.323,-9.596,-9.311,0.0,0.0,0.0
-0.249,-9.538,-9.325,0.0,0.0,0.0
-0.225,-9.596,-9.336,0.0,0.0,0.0
-0.255,-9.78,-9.045,0.0,-0.11,0.0
-0.144,-10.261,-8.448,0.0,-0.299,0.0
-1.363,-10.777,-6.441,0.274,-1.04,0.246
-4.002,-13.877,-0.844,1.456,-4.354,0.378
10.908,-8.559,-7.686,1.997,-4.009,1.447
2.746,-6.325,-8.814,-0.85,4.377,-1.755
-0.794,-7.46,-11.985,1.363,4.377,0.479
-0.845,-4.023,-17.374,2.16,2.241,1.784
7.93,-2.89,-30.049,-3.138,0.115,-0.141
14.163,-19.435,-30.049,-4.299,-0.204,-2.219
1.511,-19.435,-20.055,-4.299,-4.354,-4.337
4.61,-19.435,-6.563,-3.891,-0.949,2.276
5.641,-18.132,-3.79,0.699,1.953,2.475
7.049,-13.72,-23.679,4.431,1.748,2.532
11.228,16.163,-30.049,4.431,0.98,4.032
15.579,14.147,-30.049,-4.299,0.439,-0.743
17.637,-17.298,-27.748,-4.299,2.87,-4.337
-9.791,-19.435,-14.124,-0.215,-4.354,-4.337
0.693,-17.128,-10.856,4.431,-0.667,2.564
