-0.553,-9.495,-8.497,0.0,-0.226,0.0
-0.413,-9.354,-8.39,0.0,-0.136,0.0
-0.582,-9.399,-8.437,0.0,0.0,0.0
-0.424,-9.431,-8.584,0.0,0.0,0.0
-0.534,-9.521,-8.451,0.0,0.0,0.0
-0.651,-9.383,-8.564,0.0,0.0,0.0
-0.675,-9.708,-8.324,0.0,0.0,0.0
-0.71,-10.441,-7.57,0.0,0.0,0.115
-2.711,-12.295,-3.61,0.132,-1.378,0.404
3.905,-13.566,-2.231,0.701,-4.111,1.403
14.198,-5.694,-5.97,-0.196,4.377,1.111
-5.309,-9.724,-3.198,0.0,4.377,-0.411
-0.634,-3.505,-29.726,0.328,4.171,1.975
10.209,13.494,-30.049,-3.329,-0.76,0.0
13.909,0.904,-30.049,-4.299,-0.979,-2.501
13.449,-19.435,-30.049,-4.299,-0.207,-4.337
-2.734,-19.435,-28.783,-4.299,-4.354,-4.337
8.701,-19.435,-10.35,-1.824,-1.797,1.995
8.309,-19.435,-10.229,3.977,1.785,2.011
0.966,-15.572,-30.049,4.431,2.993,2.54
6.26,12.056,-30.049,4.431,0.489,4.393
14.568,19.399,-26.131,-3.15,-0.3,0.505
16.208,12.08,-26.756,-4.299,3.183,-1.05
19.37,-19.435,-30.049,-0.55,4.377,-4.337
-18.553,-19.435,-22.633,-0.726,-3.451,-4.302
