-0.782,-10.715,-8.457,0.487,0.0,0.479
0.472,-10.863,-8.282,0.586,0.303,0.52
-0.451,-9.239,-7.82,0.705,1.139,0.403
-0.99,-8.652,-7.916,0.911,0.878,-0.188
-2.454,-8.622,-8.257,0.667,0.673,-0.536
-3.091,-8.014,-7.383,0.485,0.417,-0.307
-3.449,-6.759,-6.372,0.17,0.636,0.109
-4.793,-6.203,-4.969,-0.412,0.873,0.671
-7.214,-10.345,-2.224,-1.187,0.75,1.162
-4.479,-17.042,-2.49,0.669,0.41,1.531
-2.976,-3.948,-20.505,1.077,0.0,-0.259
4.087,19.79,-30.049,-3.024,0.852,0.222
11.594,3.804,-30.049,-4.299,-0.371,-2.25
7.305,-19.435,-30.049,-4.299,2.555,-2.141
-12.951,-19.435,-27.447,-4.299,-0.304,0.0
-4.293,-19.435,-6.513,4.098,-0.291,0.391
-2.557,-15.159,-30.049,4.431,-1.118,-0.904
-3.404,8.548,-30.049,3.806,0.467,-0.913
-2.417,19.79,-27.637,-0.191,-0.35,1.648
5.742,4.305,-28.558,-4.299,0.695,0.617
0.453,-14.491,-30.049,-4.299,1.969,-1.532
-15.079,-19.435,-28.061,-3.159,-2.258,-2.262
-3.675,-18.708,-9.277,-1.052,-0.62,0.778
2.092,-13.114,-15.303,4.431,-1.628,-0.476
2.29,-11.801,-28.151,4.431,-0.115,-2.287
