-1.143,-9.906,-8.752,0.208,0.192,0.321
-0.961,-11.408,-8.67,0.0,0.467,0.717
-2.213,-11.146,-8.068,0.0,0.824,0.774
-1.949,-8.801,-7.752,0.322,0.806,0.967
-2.701,-8.593,-8.669,0.553,1.12,0.423
-4.593,-8.5,-8.663,0.0,0.579,0.201
-5.283,-9.827,-8.098,0.0,0.555,0.542
-4.059,-9.763,-6.126,-0.877,-0.167,1.382
-1.298,-5.614,-4.148,0.376,0.797,0.926
0.0,4.488,-14.452,0.904,0.485,-0.123
-5.212,15.536,-30.049,-1.185,0.253,-0.55
6.967,-2.253,-30.049,-4.299,0.878,-1.003
0.0,-19.435,-30.049,-4.299,0.57,-4.337
-10.77,-19.435,-7.325,-2.228,0.151,0.374
-3.989,-19.309,-21.777,4.431,0.176,0.899
3.446,16.817,-30.049,4.141,0.903,2.119
19.044,19.79,-30.049,-3.51,1.29,1.154
1.843,-12.784,-30.049,-4.299,0.627,-4.174
-14.67,-19.435,-23.6,-2.584,-1.277,-0.921
-2.368,-16.88,-8.483,2.784,0.189,0.851
-1.527,-19.435,-28.264,4.431,-1.116,-0.623
-1.882,-6.761,-29.53,4.431,-0.968,-1.008
-5.635,-3.358,-13.891,0.599,2.793,-1.203
-3.653,-4.555,-12.056,0.416,-0.49,-0.519
-2.663,-5.057,-9.926,-1.79,-1.201,0.133
