-1.089,-9.477,-9.979,0.0,-0.142,-0.184
-1.154,-9.948,-9.827,0.0,0.0,-0.11
-2.046,-10.031,-8.329,0.109,0.0,0.488
-0.82,-11.824,-8.188,0.161,0.195,0.632
-1.201,-9.669,-8.152,0.245,-0.612,0.311
-1.532,-8.219,-8.078,0.231,-0.252,0.234
-1.472,-7.36,-7.991,0.0,-0.287,0.189
-1.97,-8.901,-6.598,-0.465,0.0,0.433
0.569,-13.32,-2.545,-2.03,-0.588,1.573
2.599,-14.489,-0.282,0.914,2.183,0.223
-4.721,-4.083,-20.273,2.789,1.911,-0.329
-5.237,14.73,-30.049,-1.548,2.126,2.828
7.73,0.521,-30.049,-4.299,1.784,-0.311
-6.017,-19.435,-28.953,-4.299,1.12,-4.337
-9.36,-19.435,-16.662,-4.299,0.64,1.812
-3.736,-19.435,-11.058,4.431,-0.214,0.567
-2.496,7.09,-30.049,4.431,0.138,1.195
9.4,19.79,-30.049,-1.433,0.484,2.408
4.205,-9.769,-24.157,-3.996,0.683,-3.837
-14.648,-19.435,-17.129,-2.119,-1.47,-2.529
0.473,-17.444,-10.581,3.898,0.779,0.414
-0.244,-19.435,-23.818,4.431,-1.14,-2.884
-3.916,-7.546,-22.862,4.431,-1.183,-3.199
-1.825,-5.719,-18.236,0.23,3.735,-1.75
-5.417,-6.964,-10.648,-1.598,0.969,0.0
