-0.6,-10.957,-7.221,0.41,0.342,0.324
-1.246,-10.14,-6.889,0.616,0.922,0.188
-1.013,-9.447,-7.546,1.078,0.664,0.0
-1.069,-8.722,-8.428,0.915,0.539,-0.412
-1.539,-7.946,-7.476,0.894,0.556,-0.641
-2.028,-7.885,-6.688,0.748,0.721,-0.718
-3.37,-6.615,-7.102,0.291,0.691,-0.572
-4.975,-5.885,-5.673,-0.206,0.436,0.0
-6.492,-5.338,-3.198,-0.592,0.382,0.915
-6.957,-11.324,1.109,-1.63,-0.147,2.142
-3.852,-9.936,-8.598,0.34,0.0,1.214
-3.468,4.06,-26.359,-0.976,0.338,0.117
12.514,2.192,-30.049,-4.299,0.0,0.146
2.708,-19.435,-30.049,-4.299,0.996,-3.189
-13.561,-19.435,-19.602,-4.299,0.0,-0.391
-6.143,-19.435,-6.655,3.68,-0.428,1.272
0.965,-13.924,-30.049,4.431,0.0,1.008
1.967,9.476,-30.049,2.418,0.372,1.019
5.072,19.79,-30.049,-0.775,-0.372,0.304
9.425,1.93,-28.0,-4.299,2.245,-0.407
2.435,-19.435,-27.957,-3.214,1.943,-4.337
-13.756,-19.435,-22.824,-3.654,-0.557,-0.221
-3.199,-17.335,-9.089,2.266,-1.089,1.26
-1.803,-14.974,-26.961,4.431,-0.788,-0.426
-0.16,-8.107,-27.705,4.431,-0.841,0.0
