-1.039,-10.243,-9.555,0.0,-0.119,0.202
-0.796,-11.011,-8.422,0.16,-0.394,0.43
-0.683,-11.484,-8.281,0.309,0.379,0.793
-1.332,-9.715,-7.648,0.29,0.428,0.762
-0.535,-9.136,-6.384,0.254,-0.138,0.138
-1.937,-9.841,-7.232,1.37,0.66,-0.465
-3.336,-10.066,-7.614,1.06,0.994,-0.145
-3.626,-9.277,-6.633,0.0,0.443,0.4
-2.137,-6.14,-4.725,-0.218,1.421,0.495
-2.64,0.0,-10.315,1.362,0.589,0.402
-2.824,4.008,-22.174,-1.225,1.821,0.435
0.359,3.458,-30.049,-4.299,0.0,0.41
5.246,-9.129,-30.049,-4.299,0.984,-0.567
-7.749,-19.435,-30.049,-4.299,0.0,-3.178
-8.127,-19.435,1.748,-2.476,-0.987,-0.765
0.859,-12.676,-21.619,4.431,0.0,0.643
-2.1,19.79,-30.049,4.431,0.0,1.763
11.312,-4.351,-30.049,-4.299,0.44,-2.428
-10.542,-19.435,-12.214,-3.348,0.0,-2.71
-1.35,-19.435,-11.542,2.381,0.287,1.017
2.138,-14.858,-19.141,4.431,0.669,0.317
0.401,-4.779,-22.639,3.984,-2.258,-1.591
-3.318,-5.601,-14.318,1.346,0.9,-1.636
-1.679,-5.952,-11.245,0.226,0.0,0.299
-1.005,-6.635,-9.828,-0.703,0.841,0.698
