-1.744,-10.058,-9.894,0.0,-0.121,0.108
-2.164,-10.557,-9.276,0.0,-0.115,0.474
-2.285,-11.413,-8.212,-0.19,0.104,0.894
-2.104,-10.449,-7.227,-0.23,0.593,1.164
-2.85,-10.511,-5.893,0.412,0.694,0.819
-3.698,-9.81,-7.237,1.23,0.528,0.432
-3.641,-8.515,-9.813,1.083,0.506,0.0
-4.076,-4.615,-11.562,-0.925,1.379,0.577
-2.71,-0.257,-9.421,-1.035,0.587,0.222
-0.322,4.973,-18.72,-0.645,0.894,-0.527
3.219,11.661,-30.049,-3.413,-0.46,-0.912
13.198,-16.801,-30.049,-4.299,0.616,-2.522
-4.962,-19.435,-30.049,-4.299,-0.46,-1.587
-7.908,-19.435,1.022,3.637,0.497,1.728
1.592,-6.664,-30.049,4.431,-0.274,1.142
7.204,19.79,-30.049,2.314,0.127,1.366
9.418,5.753,-30.049,-4.299,0.641,-1.539
-4.767,-17.971,-26.594,-3.013,0.0,-2.938
-7.742,-19.435,-12.607,-1.45,-1.347,-0.753
-1.029,-17.509,-9.992,4.431,0.948,1.622
2.557,-19.435,-21.95,4.431,-0.508,0.0
-1.099,-8.245,-22.926,4.431,-0.526,-0.63
-0.667,-5.092,-16.705,-0.576,2.726,-0.4
-2.85,-7.111,-10.115,-1.414,-0.158,-0.289
-1.675,-8.486,-9.993,-0.831,-2.683,-0.673
