-2.096,-10.661,-8.993,0.0,0.217,0.691
-1.916,-11.389,-8.44,0.0,0.323,1.036
-1.481,-9.587,-8.673,0.0,0.344,0.691
-2.052,-8.699,-8.969,0.12,0.305,0.377
-3.31,-9.392,-8.94,0.128,0.412,0.341
-4.264,-10.75,-6.871,-0.295,0.72,0.598
-4.023,-10.482,-5.767,0.0,0.636,0.772
-3.534,-6.771,-6.962,1.901,0.463,0.714
-3.61,-3.35,-11.063,1.526,0.0,0.513
0.875,2.22,-14.724,-1.303,0.84,0.477
0.204,13.03,-26.608,-2.436,1.004,-0.425
5.816,1.101,-30.049,-4.299,1.421,-1.336
-1.638,-19.435,-30.049,-4.299,1.206,-4.337
-12.282,-19.435,-12.475,-4.075,0.0,0.505
-3.811,-16.536,-18.4,4.431,-0.502,0.669
-0.868,14.636,-30.049,3.23,0.0,2.228
19.37,19.79,-30.049,-3.6,1.663,2.424
1.64,-8.334,-30.049,-3.202,1.391,-4.337
-19.855,-19.435,-29.685,-2.038,-1.41,-0.686
-2.436,-18.275,-8.2,3.825,0.0,2.406
0.854,-19.435,-26.287,4.431,-2.554,-0.253
1.895,-7.769,-25.025,4.431,-0.923,-2.294
-3.043,-3.975,-17.499,2.001,2.174,-2.008
-3.336,-5.554,-12.138,-1.74,0.349,-0.282
-3.507,-7.652,-7.642,-0.861,-1.362,0.0
