-1.97,-9.407,-10.021,0.172,0.0,0.738
-1.663,-7.835,-9.983,-0.173,-0.168,0.566
-1.531,-8.248,-9.147,-0.219,-0.51,0.167
-1.569,-8.901,-9.045,-0.353,-0.483,-0.139
-1.701,-9.015,-8.656,-0.438,-0.324,-0.191
-1.465,-7.969,-8.457,-0.437,-0.184,0.0
-2.015,-6.258,-8.112,-0.643,0.22,0.146
-1.835,-4.501,-8.566,-0.883,1.071,0.49
-2.493,-9.369,-8.73,-1.404,1.884,0.751
-8.521,-19.435,-8.48,0.975,0.425,0.293
-4.709,-19.435,-17.901,0.212,0.768,1.573
-2.17,-11.774,-21.112,1.913,-0.434,0.0
-2.502,14.326,-27.078,3.189,0.0,0.277
8.06,19.79,-30.049,-4.233,1.252,2.115
8.191,-0.367,-30.049,-4.299,1.508,-1.944
-5.932,-19.435,-30.049,-4.299,2.19,-4.08
-12.33,-19.435,-21.562,-4.299,-1.381,0.437
-4.8,-19.435,-9.846,4.431,-1.822,1.97
-0.579,-13.645,-30.049,4.431,-1.779,-0.444
-4.057,-0.391,-30.049,4.431,-0.638,-0.834
-0.244,14.651,-26.357,0.786,0.0,0.667
4.656,13.44,-26.922,-1.656,0.246,0.558
5.725,-5.625,-30.049,-4.299,3.316,-1.011
-16.863,-19.435,-27.035,-4.299,-3.145,-4.337
-7.205,-19.435,-10.531,-3.107,1.263,3.314
