-1.66,-9.833,-10.235,-0.222,0.361,0.213
-2.335,-10.207,-9.781,-0.21,0.146,0.407
-2.641,-10.361,-10.082,-0.159,0.0,0.906
-1.306,-9.92,-9.864,-0.305,0.165,1.021
-2.313,-9.482,-9.044,-0.454,0.0,0.232
-4.584,-10.658,-8.056,-0.703,-0.149,0.33
-4.49,-13.277,-6.077,-0.639,0.272,1.0
-2.836,-12.518,-6.148,1.102,0.361,1.255
-0.427,-7.84,-10.905,2.27,0.699,0.422
0.0,1.271,-13.833,0.854,0.479,-0.596
-1.064,15.394,-22.199,-1.348,2.235,0.2
8.162,6.175,-30.049,-4.299,0.731,-1.29
5.782,-19.435,-30.049,-4.299,1.835,-2.955
-8.38,-19.435,-14.33,-4.299,-1.244,-1.305
-1.956,-19.435,-12.157,4.431,0.413,1.29
0.0,5.833,-30.049,4.324,0.608,1.336
11.367,19.79,-30.049,-2.45,1.487,2.384
3.516,-8.302,-28.64,-4.043,0.436,-3.391
-13.436,-19.435,-21.822,-1.445,-1.561,-1.263
-2.313,-18.418,-8.189,0.585,-0.327,0.893
0.946,-14.973,-16.122,4.431,-0.5,0.0
-0.317,-8.953,-22.767,4.431,-2.121,-0.917
-1.724,-4.527,-17.601,1.758,0.105,-1.62
-2.244,-6.142,-9.174,-0.815,0.241,0.0
-1.602,-6.648,-8.015,0.0,-0.599,-0.39
