-1.156,-9.51,-9.222,0.0,-0.101,0.0
-1.131,-9.759,-9.412,0.0,0.0,0.0
-0.662,-9.881,-9.28,0.0,0.0,0.172
-0.93,-10.246,-8.955,0.0,0.182,0.272
-1.636,-11.005,-7.873,0.0,0.327,0.672
-1.928,-12.173,-6.276,0.0,0.814,1.162
-1.754,-11.777,-6.299,0.0,0.933,1.209
-2.62,-13.385,-8.525,-0.989,1.091,1.247
-2.83,-8.577,-6.202,1.325,1.353,0.405
-3.006,-1.715,-15.148,3.145,1.311,0.287
-2.795,3.538,-20.599,0.0,0.812,-0.146
-1.538,0.864,-18.768,-2.814,0.0,-0.825
-1.843,-4.503,-17.672,-3.501,-0.634,-0.926
2.055,-9.384,-17.142,-3.188,0.416,-0.583
5.247,-14.788,-30.049,-4.299,-0.61,-2.07
-8.673,-19.435,-9.779,-4.299,-1.869,-1.168
0.667,-19.435,-7.582,4.113,0.44,2.372
-0.96,-2.313,-30.049,4.431,0.0,0.866
13.512,19.79,-30.049,-1.28,0.119,2.635
6.157,-9.553,-24.586,-4.299,0.0,-3.556
-17.403,-19.435,-10.559,-3.258,-0.703,-1.614
-3.537,-18.087,-10.271,3.235,0.315,1.667
-0.302,-19.435,-25.24,4.431,-2.494,-1.359
-0.427,-16.844,-28.585,4.431,-2.088,-3.326
-6.742,-6.177,-21.075,3.62,1.652,-2.907
