-1.904,-10.35,-9.708,0.0,-0.135,0.276
-1.851,-11.008,-8.803,0.0,-0.295,0.695
-0.953,-10.974,-8.084,0.0,-0.308,0.901
-1.289,-9.882,-7.502,0.158,-0.188,0.539
-0.8,-9.999,-6.882,0.242,0.448,0.369
-0.94,-9.48,-6.313,0.945,1.118,0.0
-2.424,-10.112,-6.755,1.553,1.266,-0.117
-3.001,-9.179,-6.96,1.449,1.476,0.0
-3.948,-4.724,-9.167,1.381,0.818,0.0
-3.272,1.662,-14.552,-0.439,0.814,0.0
-2.774,5.502,-17.616,-1.964,0.857,0.34
-2.23,5.899,-30.049,-3.3,-0.276,-0.624
6.69,-10.652,-30.049,-4.299,0.843,-0.139
-2.692,-19.435,-30.049,-4.299,0.0,-3.264
-9.18,-19.435,-5.415,-4.11,-0.974,-1.295
-0.281,-19.435,-21.01,4.431,0.812,1.933
-0.242,8.796,-30.049,4.431,0.392,0.732
10.033,19.79,-30.049,0.313,0.543,2.166
13.039,3.308,-30.049,-4.071,0.971,-1.922
-11.36,-19.435,-30.049,-4.283,-0.325,-3.837
-10.457,-19.435,-13.034,-2.554,-0.938,0.229
-0.668,-17.615,-14.604,4.431,0.0,0.92
-1.198,-18.233,-30.049,4.431,-0.443,0.44
0.968,-5.587,-21.376,4.431,-0.742,-0.892
-0.638,-3.429,-18.091,3.121,0.279,-0.562
