-0.231,-9.805,-8.765,0.405,0.25,0.0
0.223,-9.659,-8.438,0.481,0.308,-0.318
0.0,-9.306,-7.55,0.473,0.854,-0.326
0.0,-9.592,-7.954,0.66,1.265,-0.345
-0.863,-9.367,-7.556,0.624,1.231,-0.373
-1.555,-8.895,-7.071,0.566,0.909,-0.25
-2.289,-7.527,-6.836,0.442,0.963,0.0
-4.088,-5.348,-6.512,0.0,0.708,0.315
-5.566,-5.557,-4.963,-1.153,0.995,1.191
-3.219,-13.495,-9.232,-2.447,1.404,1.453
-3.391,-3.382,-15.856,-1.332,0.382,0.557
2.027,11.491,-30.049,-1.798,-0.957,0.0
12.858,-3.708,-30.049,-4.299,-0.881,-2.048
0.489,-19.435,-29.427,-4.299,-1.051,-3.988
-4.624,-19.435,-10.808,-3.542,-1.089,0.752
1.066,-19.435,-21.665,4.431,0.403,2.411
0.0,-0.141,-30.049,4.431,-0.518,0.714
3.484,19.79,-30.049,0.912,0.0,1.724
9.228,7.496,-25.579,-3.738,0.238,-1.495
2.221,-12.211,-30.049,-4.299,1.273,-2.693
-8.577,-19.435,-22.102,-2.86,-1.516,-3.088
-5.595,-19.435,-12.105,0.0,0.0,1.044
0.471,-13.632,-14.883,4.431,0.362,1.138
1.242,-15.149,-30.049,4.431,-0.562,-0.268
-0.887,-5.802,-24.108,1.905,1.734,-0.515
