-1.469,-9.676,-9.546,0.0,0.0,0.0
-1.428,-10.096,-9.444,0.0,-0.102,0.0
-2.165,-10.087,-8.536,0.0,-0.192,0.378
-1.55,-10.728,-7.935,0.0,-0.117,0.554
-1.688,-9.44,-7.711,0.135,-0.113,0.612
-2.99,-10.614,-7.28,-0.198,0.203,0.806
-4.573,-13.255,-5.025,-1.078,1.731,1.862
-1.584,-11.414,-4.065,0.106,0.535,1.321
-0.998,-7.975,-6.64,2.255,0.778,0.248
0.462,0.668,-13.795,0.223,1.032,-0.697
-1.914,10.736,-18.352,-1.564,1.452,-0.358
-1.402,11.948,-30.049,-3.559,-0.982,-1.158
0.297,-6.909,-30.049,-4.299,0.596,-0.622
-7.258,-19.435,-29.378,-4.299,0.0,-2.237
-7.883,-19.435,-8.063,-1.406,-0.263,0.552
-4.292,-13.696,-27.527,4.431,0.0,0.471
-4.982,19.79,-30.049,1.618,0.16,2.549
13.865,12.21,-30.049,-4.299,1.487,0.485
-6.512,-17.639,-21.805,-2.47,-0.165,-4.337
-7.247,-19.435,-15.915,1.799,-0.395,-1.196
0.577,-17.319,-12.732,4.431,0.796,-0.753
-1.742,-15.641,-21.642,4.431,-1.582,-2.961
-1.393,-5.048,-19.846,3.112,0.607,-2.164
-4.914,-6.947,-11.717,-2.089,3.176,-1.141
-2.698,-8.318,-6.6,-0.301,-0.152,0.527
