-1.338,-9.712,-9.55,0.0,0.1,0.212
-2.1,-9.903,-9.578,0.0,0.285,0.344
-2.681,-11.444,-7.783,-0.557,0.444,0.993
-2.401,-10.88,-6.93,0.0,0.769,1.024
-2.339,-8.613,-7.124,0.651,0.637,0.523
-3.049,-8.063,-9.048,1.087,0.155,0.0
-4.901,-9.677,-7.789,0.251,0.335,0.0
-4.979,-11.954,-4.808,-0.465,0.345,1.094
-2.982,-7.423,-4.436,0.715,0.722,0.706
-1.791,2.638,-17.001,1.346,-0.295,0.136
-2.869,16.621,-30.049,-2.438,1.247,0.433
7.058,0.118,-30.049,-4.299,1.475,-1.14
2.319,-19.435,-30.049,-4.299,3.058,-3.396
-12.541,-19.435,-15.685,-4.299,-0.453,0.0
-0.594,-18.324,-17.042,4.431,-0.666,1.664
3.959,19.79,-30.049,3.204,0.683,3.024
19.37,16.295,-30.049,-4.299,1.619,-0.967
-13.02,-19.435,-30.049,-4.299,-1.323,-4.337
-7.728,-19.435,-14.566,1.578,-0.754,0.918
0.991,-19.435,-14.334,4.431,0.721,0.636
-1.655,-10.862,-29.991,4.431,-3.991,-1.954
-2.807,-5.523,-20.751,1.976,0.4,-2.745
-3.649,-6.032,-11.408,-0.961,1.387,-0.775
-2.789,-6.065,-8.743,-0.334,0.178,-0.142
-1.774,-7.871,-7.721,-0.487,0.14,0.0
