-1.75,-10.036,-9.672,0.0,0.0,0.145
-1.466,-11.073,-8.972,0.0,0.102,0.715
-1.093,-10.346,-8.437,0.0,-0.126,0.563
-1.463,-9.714,-8.054,0.0,0.198,0.429
-2.061,-9.496,-7.486,0.257,0.586,0.451
-2.798,-9.857,-6.6,0.102,0.625,0.699
-2.523,-12.051,-5.173,-0.116,0.954,1.117
-1.129,-11.741,-3.79,1.275,1.551,0.917
-1.448,-7.447,-11.723,4.264,0.976,-0.331
-6.785,8.752,-30.049,-1.077,1.3,-0.761
9.421,10.728,-30.049,-4.299,1.472,0.572
9.432,-19.435,-30.049,-4.299,0.627,-4.226
-3.917,-19.435,-28.886,-4.299,-0.706,-2.219
-5.29,-19.435,-0.65,3.376,0.0,1.41
2.451,-8.327,-30.049,4.431,0.181,0.819
2.296,19.79,-30.049,2.988,0.346,1.499
9.049,7.163,-30.049,-4.299,0.146,-2.107
-6.486,-19.435,-27.262,-3.45,-1.133,-3.346
-2.583,-19.435,-8.43,-1.692,-1.089,-0.52
2.816,-17.54,-13.993,4.431,1.952,1.525
2.863,-11.067,-27.819,4.431,-1.436,-0.331
-2.183,-5.363,-19.024,2.297,0.0,-1.952
-3.1,-5.814,-14.242,1.316,0.973,-0.848
-2.783,-6.809,-11.784,-0.384,0.295,0.0
-2.963,-9.167,-8.81,-1.109,-1.434,0.445
