-1.426,-9.726,-8.997,0.0,0.11,0.336
-1.061,-10.333,-8.567,0.123,0.0,0.521
-1.398,-10.297,-8.072,0.0,-0.376,0.152
-1.78,-9.073,-8.063,0.204,-0.413,0.162
-1.344,-7.896,-8.676,0.3,-0.154,0.116
-1.831,-7.732,-8.243,0.0,-0.418,0.0
-1.749,-8.715,-7.236,-0.349,-0.33,0.457
-2.732,-9.835,-3.852,-0.556,0.481,1.405
-1.064,-10.182,-1.223,0.348,0.667,1.669
0.825,-13.399,-9.95,0.107,0.858,0.305
-8.55,-2.126,-19.248,-0.701,3.052,-0.658
-0.409,19.79,-30.049,-1.762,1.043,2.092
7.022,-8.346,-30.049,-4.299,0.0,-1.997
-11.743,-19.435,-21.199,-4.224,0.596,-2.754
-11.933,-19.435,1.94,-0.689,0.0,0.277
-2.641,-13.619,-27.161,4.431,0.0,0.863
3.958,19.79,-30.049,1.708,0.776,1.143
14.247,19.763,-30.049,-4.299,1.027,-0.269
-7.762,-19.435,-30.049,-4.299,-2.073,-4.014
-3.594,-19.435,-10.73,-1.78,-1.339,-0.813
0.44,-16.388,-12.18,4.431,0.819,-0.175
-0.596,-11.766,-24.725,4.431,-1.665,-1.423
-3.439,-6.826,-21.181,4.431,1.332,-1.563
-2.759,-4.43,-14.406,0.383,1.846,-0.677
-3.17,-6.308,-8.873,-0.662,-0.507,-0.14
