-0.467,-10.449,-8.327,0.577,0.222,0.0
-0.191,-10.667,-7.56,0.663,0.592,0.406
-0.863,-9.276,-7.001,0.906,1.319,0.447
-0.529,-8.423,-7.771,1.143,0.682,0.0
-0.925,-8.14,-7.793,0.824,0.726,-0.343
-1.93,-8.037,-6.9,0.506,0.501,-0.42
-3.264,-6.517,-6.837,0.404,0.566,0.0
-4.944,-3.884,-7.053,0.139,1.078,0.614
-6.973,-2.265,-6.198,-1.577,1.422,0.995
-7.279,-11.711,-1.247,-1.948,-1.266,0.504
-6.177,-19.435,-6.138,-0.187,-1.287,0.342
-3.448,-7.856,-17.006,0.173,0.638,0.747
2.969,18.025,-30.049,-0.553,-0.355,0.55
9.73,-2.286,-30.049,-4.299,0.981,-0.759
0.128,-19.435,-30.049,-4.299,1.756,-3.908
-10.508,-19.435,-21.223,-3.471,-0.102,0.147
-4.983,-19.435,-6.204,3.711,-0.998,0.867
-1.74,-19.435,-30.049,4.431,-1.335,-0.248
-5.122,-4.373,-30.049,4.431,-0.86,-0.17
1.254,15.424,-24.495,1.701,-0.6,0.961
5.807,17.974,-22.011,-2.198,0.112,0.197
2.123,2.373,-30.049,-4.299,1.213,-0.562
0.689,-19.435,-30.049,-4.299,1.245,-3.71
-6.792,-19.435,-21.411,-4.299,-2.118,-2.062
0.514,-19.435,-10.12,0.618,-0.192,1.609
