-0.837,-9.998,-8.646,0.69,0.22,0.485
-1.843,-9.858,-7.568,0.518,0.346,0.127
-1.665,-8.626,-7.557,0.774,0.747,0.29
-1.696,-8.23,-7.809,0.747,0.373,0.0
-2.001,-8.335,-7.479,0.612,0.434,-0.276
-2.595,-7.841,-7.186,0.363,0.351,-0.179
-3.043,-7.193,-6.446,0.0,0.112,0.0
-3.543,-5.409,-6.184,-0.221,0.646,0.632
-4.083,-7.017,-3.89,-2.388,0.642,1.341
-2.149,-19.435,1.703,-0.913,1.001,1.112
-5.355,-8.103,-18.276,1.599,0.0,-1.137
-2.199,19.324,-30.049,-1.462,-0.302,0.69
12.037,7.636,-30.049,-4.299,0.448,0.196
3.056,-16.412,-30.049,-4.299,1.509,-3.136
-11.256,-19.435,-29.494,-4.299,0.267,-0.652
-12.866,-19.435,-6.881,3.595,-1.408,0.624
0.442,-19.435,-30.049,4.431,-0.891,0.2
-4.909,0.949,-30.049,4.431,-0.771,-0.444
1.512,16.412,-22.104,1.501,-0.726,-0.367
1.187,16.598,-18.966,-1.839,-0.557,-0.618
2.458,2.695,-30.049,-4.299,0.862,0.157
-0.546,-19.337,-30.049,-4.299,1.048,-1.773
-6.093,-19.435,-25.616,-4.299,-1.286,-1.805
-2.587,-19.435,-11.862,0.55,-1.186,0.735
1.139,-14.63,-17.298,4.431,-1.018,-1.017
