-1.428,-10.075,-9.416,0.0,0.0,0.399
-1.666,-11.122,-7.57,-0.294,0.758,0.928
-2.071,-12.507,-5.54,-0.457,0.966,1.217
-2.042,-11.158,-5.388,1.177,0.666,0.527
-2.783,-8.275,-10.043,2.326,0.591,0.0
-3.193,-7.197,-11.357,1.458,0.807,0.452
-3.922,-5.764,-8.675,0.0,0.232,0.901
-2.389,-5.904,-5.936,-1.102,0.0,0.845
-0.421,-3.567,-5.864,-0.886,1.075,0.226
-1.326,6.656,-26.727,0.554,1.497,-0.376
3.628,6.338,-30.049,-4.299,1.205,-0.381
6.935,-19.025,-30.049,-4.299,2.796,-2.534
-14.33,-19.435,-23.195,-4.222,-0.642,-3.134
-9.522,-19.435,-5.054,3.038,-0.171,1.248
0.62,-4.046,-30.049,4.431,-0.669,1.098
6.309,19.79,-30.049,2.505,0.171,3.203
15.004,1.123,-30.049,-4.299,1.225,-2.393
-9.996,-19.435,-28.176,-3.512,-0.456,-3.973
-6.997,-19.435,-11.221,-0.955,-1.132,-0.705
0.757,-19.201,-14.747,4.431,0.684,1.111
0.0,-11.632,-26.672,4.431,-1.669,-0.616
-1.149,-5.092,-21.539,3.045,0.686,-1.118
-2.388,-5.04,-13.09,0.384,1.482,-0.691
-2.532,-5.772,-10.934,-0.348,-1.126,-0.258
-1.555,-8.018,-8.428,-0.761,-1.122,-0.278
