-1.263,-10.495,-8.531,0.406,0.135,0.462
-1.805,-9.634,-8.106,0.431,0.226,0.297
-1.797,-9.751,-7.338,0.591,0.102,0.202
-2.006,-9.023,-7.753,0.91,0.542,0.134
-3.337,-8.181,-8.012,0.91,0.509,0.0
-3.974,-7.235,-7.296,0.591,0.503,0.3
-4.872,-7.014,-4.95,-0.134,0.473,0.745
-4.926,-7.168,-2.419,-0.488,1.18,1.688
-5.071,-8.247,-3.112,0.0,-0.131,0.867
-1.621,-3.213,-12.015,1.229,0.229,0.398
-0.853,10.09,-27.499,-1.582,0.0,-0.9
4.145,4.361,-30.049,-4.299,0.279,-1.669
2.76,-19.435,-30.049,-4.299,2.434,-2.088
-10.695,-19.435,-27.327,-4.299,0.217,-1.269
-9.926,-19.435,-1.221,2.348,-0.638,1.329
-1.39,-19.435,-30.049,4.431,-1.438,0.0
-4.927,-5.224,-30.049,4.431,-0.798,-1.324
-3.106,12.581,-26.787,2.644,0.0,0.406
4.491,19.79,-18.294,-1.041,0.0,0.602
3.612,6.522,-29.028,-3.359,1.458,-0.106
5.64,-19.435,-30.049,-4.299,3.702,-2.945
-10.023,-19.435,-22.824,-4.299,-3.522,-1.742
-0.539,-19.435,-8.048,1.149,-0.836,1.067
1.07,-13.513,-26.113,4.431,-0.937,-1.12
1.021,-7.741,-24.136,4.198,-0.124,-1.205
