0.0,-10.653,-7.568,0.442,0.249,0.609
0.262,-10.394,-7.357,0.883,0.291,0.299
-0.339,-8.863,-7.624,0.999,1.007,0.0
-1.409,-8.803,-8.003,1.07,1.037,-0.285
-2.681,-8.941,-7.546,0.883,0.79,-0.417
-3.017,-8.007,-6.687,0.662,0.716,0.0
-3.786,-6.386,-5.82,0.42,0.807,0.348
-5.771,-6.009,-2.898,-0.193,0.929,1.062
-5.393,-8.462,-0.334,0.0,0.243,1.182
0.256,-2.351,-11.498,-0.384,0.452,0.833
-6.422,6.059,-24.115,-1.595,0.32,-0.386
5.867,5.035,-30.049,-4.299,0.0,-0.372
8.897,-10.169,-30.049,-4.299,0.843,-2.301
-5.739,-19.435,-30.049,-4.299,0.455,-3.477
-7.384,-19.435,-6.979,-3.128,-1.326,0.226
0.189,-19.435,-22.259,4.431,0.285,1.871
-0.959,-6.573,-30.049,4.431,-0.423,0.106
0.401,9.613,-28.943,2.043,-0.117,0.692
4.65,19.79,-23.475,-1.014,0.0,0.318
4.883,7.573,-30.049,-4.151,0.332,-1.225
8.309,-12.508,-30.049,-4.299,2.187,-2.479
-9.689,-19.435,-29.423,-4.299,-1.341,-2.048
-1.79,-19.435,-11.462,0.631,-0.784,0.88
-0.814,-13.462,-19.731,4.431,-0.299,0.736
2.421,-10.646,-30.049,4.431,-0.737,-0.538
