-0.982,-10.94,-8.656,0.0,0.0,0.253
-0.503,-11.855,-7.835,0.236,0.276,0.669
0.162,-11.759,-7.001,0.696,0.491,0.749
0.0,-10.047,-7.243,1.228,0.91,0.405
-1.966,-9.308,-7.875,1.235,1.002,0.0
-3.92,-9.199,-5.855,0.926,0.832,0.0
-5.791,-8.864,-5.87,1.461,0.915,0.339
-6.233,-7.719,-4.565,0.756,0.213,0.842
-4.666,-3.253,-7.514,0.964,-0.206,0.67
-1.359,5.721,-15.502,-0.88,0.109,0.243
-0.217,10.196,-26.562,-3.162,0.309,0.115
4.136,2.447,-30.049,-4.299,0.419,-0.966
12.329,-19.435,-30.049,-4.299,1.729,-4.288
-7.223,-19.435,-30.049,-4.299,-1.584,-2.661
-4.381,-19.435,-9.752,4.431,-0.642,3.252
0.889,-14.925,-30.049,4.431,-0.782,1.471
-0.554,5.997,-30.049,4.431,-0.772,0.601
10.704,19.79,-30.049,-0.367,-0.341,2.1
11.005,5.131,-29.938,-4.299,0.351,-2.007
3.698,-19.435,-30.049,-4.276,2.231,-4.337
-9.078,-19.435,-25.466,-4.299,-2.929,-1.938
-0.949,-19.435,-6.487,1.348,-1.874,0.0
2.329,-13.259,-24.976,4.431,0.141,1.132
2.296,-13.898,-28.928,4.431,-0.191,-0.978
-4.126,-3.645,-17.638,2.583,-0.381,-2.308
