-1.069,-9.871,-9.568,0.0,0.0,0.0
-1.521,-9.624,-9.104,0.0,0.289,0.318
-1.241,-10.385,-8.489,0.0,0.155,0.192
-1.324,-9.413,-7.778,0.0,-0.208,0.25
-0.972,-9.009,-7.64,0.346,0.0,0.0
-1.799,-8.478,-8.381,0.441,0.167,-0.193
-2.182,-7.472,-8.288,0.18,0.0,-0.105
-2.029,-6.872,-8.343,0.0,-0.128,0.0
-2.739,-6.068,-8.774,-0.643,0.328,0.478
-4.552,-15.138,-2.324,-2.28,0.421,0.85
-0.314,-19.435,-3.694,0.0,1.233,1.455
0.24,-7.29,-14.182,0.348,2.456,-0.328
-7.408,15.514,-30.049,2.657,0.0,-0.297
8.125,5.294,-30.049,-4.299,0.947,1.143
1.242,-19.435,-30.049,-4.299,0.95,-2.74
-8.067,-19.435,-12.142,-4.016,-0.509,-0.676
-0.622,-19.435,-12.102,4.431,1.021,1.772
-1.66,5.743,-30.049,4.431,0.235,0.351
2.041,19.79,-30.049,-1.334,0.0,2.094
12.014,-5.044,-30.049,-4.299,0.441,-2.368
-11.247,-19.435,-23.422,-4.299,-3.128,-4.27
-1.707,-19.435,-6.659,0.0,0.973,2.158
1.032,-19.095,-16.76,4.431,0.425,0.605
-0.267,-16.272,-25.685,4.431,-2.939,-2.146
-4.159,-5.503,-22.174,2.864,-1.514,-2.404
