-1.175,-10.005,-9.171,0.0,0.0,0.0
-1.338,-10.744,-8.384,0.16,0.0,0.694
-1.01,-11.613,-7.401,0.0,0.53,0.919
-1.268,-9.677,-6.586,0.0,0.6,0.693
-1.669,-9.164,-6.745,0.59,0.578,0.232
-3.138,-8.794,-7.531,0.634,0.791,0.0
-3.19,-9.651,-6.566,0.219,0.447,0.378
-2.233,-10.416,-4.727,-0.205,1.245,0.754
-2.004,-4.858,-9.7,-0.122,0.603,0.0
-2.722,4.178,-12.928,-0.758,1.356,-0.458
-4.677,15.803,-30.049,-1.964,0.19,0.549
4.919,-0.364,-30.049,-4.299,0.0,-0.725
-0.16,-19.435,-30.049,-4.299,1.017,-2.571
-8.788,-19.435,-16.508,-3.18,-0.149,-0.339
-3.124,-19.435,-17.111,4.431,-0.113,0.161
-4.576,6.002,-30.049,4.431,0.0,0.402
7.71,19.79,-30.049,-0.922,0.151,2.251
3.66,-5.255,-27.972,-4.299,-0.412,-3.249
-12.458,-19.435,-18.247,-2.284,-0.764,-2.119
0.731,-19.229,-12.947,0.32,0.329,1.328
2.169,-17.84,-18.844,4.431,0.918,0.0
-1.335,-11.754,-25.456,4.431,-2.602,-2.488
-2.736,-5.247,-20.568,3.802,1.092,-2.617
-4.563,-5.22,-13.374,-1.67,2.128,-0.131
-2.62,-7.265,-7.168,-1.568,-0.73,0.691
