-0.506,-10.356,-9.639,0.0,0.0,0.0
-0.584,-10.417,-9.694,0.0,0.102,0.0
-0.974,-10.34,-9.706,0.0,0.0,0.0
-0.857,-10.309,-9.594,0.0,0.0,0.0
-0.877,-10.644,-9.126,0.0,0.0,0.0
-1.152,-10.568,-8.541,0.0,0.298,0.304
-0.896,-11.312,-7.288,0.137,0.209,0.585
0.482,-10.499,-7.379,0.258,-0.541,0.457
1.168,-11.639,-4.367,0.378,1.077,0.586
1.541,-16.038,-0.703,0.596,2.066,0.892
-2.305,-19.833,0.523,1.845,2.2,1.21
-3.082,-12.98,-8.113,3.874,2.176,1.765
-1.747,-2.26,-21.452,3.434,0.572,1.531
4.381,9.657,-30.119,0.993,-0.941,-0.174
2.515,-0.738,-30.119,-4.3,-0.304,-1.832
0.671,-20.199,-30.119,-4.3,-1.652,-3.817
1.127,-20.199,-12.194,-4.3,-3.366,-0.944
1.971,-20.199,6.664,0.601,1.107,2.124
-1.644,-20.199,-20.527,4.431,0.921,1.437
-3.301,-8.992,-30.119,4.431,0.584,1.514
6.726,14.0,-30.119,0.815,1.162,1.918
7.635,0.0,-30.119,-4.3,0.0,-2.526
-6.106,-20.199,-23.202,-4.3,-1.826,-4.337
-3.233,-20.199,-9.469,-2.781,-0.267,-0.435
-1.073,-13.883,-8.609,1.147,1.008,0.393
