-1.241,-10.14,-10.574,-0.154,-0.304,0.0
-1.238,-10.055,-10.864,0.0,-0.264,0.0
-1.656,-10.71,-11.151,0.1,0.0,-0.14
-1.88,-10.307,-11.312,-0.129,0.0,0.166
-1.052,-9.903,-9.419,-0.274,-0.768,0.0
-0.633,-10.694,-10.148,0.0,0.164,0.0
-1.064,-11.234,-10.164,0.0,0.614,0.166
-0.724,-11.957,-9.339,0.14,0.283,0.382
-0.526,-14.347,-5.895,-0.127,0.976,0.755
-1.835,-19.11,-1.978,0.226,2.031,1.693
-4.57,-17.627,-2.318,2.605,1.991,2.339
-2.31,-4.513,-19.172,3.911,0.555,2.009
1.966,11.672,-27.48,1.075,-1.049,-0.369
-0.411,9.409,-30.119,-4.3,-1.601,-1.415
-2.506,-20.199,-30.119,-4.3,-1.372,-1.149
4.394,-20.199,-8.094,-4.3,-1.084,0.906
4.618,-20.199,0.834,3.274,2.38,2.815
-5.285,-17.112,-30.119,4.431,0.788,0.0
-5.91,3.977,-30.119,4.431,0.403,-0.531
-5.28,15.364,-30.119,-2.988,0.244,0.922
-1.483,-20.199,-30.119,-4.3,-2.092,-0.652
1.112,-20.199,-5.378,-4.3,-1.769,-0.546
0.47,-16.141,-10.574,1.186,0.818,0.462
-1.242,-11.78,-16.97,4.431,0.797,-0.558
-1.623,-11.627,-17.019,4.431,0.482,-2.184
