-1.487,-11.616,-9.666,0.248,-0.455,-0.504
-1.9,-10.699,-9.016,0.256,0.0,-0.111
-1.352,-9.965,-9.275,0.342,0.0,0.0
-1.3,-9.453,-9.352,0.146,0.0,0.17
-1.107,-8.913,-8.874,0.0,0.0,0.234
-1.149,-7.801,-8.874,-0.107,0.0,0.361
-0.848,-7.35,-8.927,-0.248,-0.303,0.354
-0.73,-11.568,-10.313,-0.22,-0.185,0.0
-2.603,-13.19,-12.231,0.286,-0.447,0.167
-4.554,-18.136,-6.172,-0.776,1.367,0.676
-4.669,-20.199,0.632,-0.736,1.253,1.948
-0.609,-12.411,-7.54,2.435,2.068,1.932
1.406,3.397,-30.119,4.431,1.493,1.55
6.294,14.644,-30.119,-4.3,0.0,-0.896
3.408,-20.199,-30.119,-4.3,-1.601,-3.714
1.953,-20.199,-7.492,-4.3,-2.386,-1.516
1.958,-20.199,4.046,3.41,1.962,2.603
-5.169,-20.199,-30.119,4.431,0.968,1.849
1.928,0.0,-30.119,4.431,0.214,2.509
17.682,19.026,-30.119,-1.688,0.635,0.748
5.336,-15.109,-30.119,-4.3,-0.275,-4.337
-8.869,-20.199,-13.013,-4.3,-1.649,-3.332
-3.124,-20.001,-8.004,0.813,-0.211,0.185
-1.291,-13.223,-14.805,3.902,1.07,0.862
-0.234,-12.509,-18.683,4.431,0.216,0.0
