-0.791,-10.439,-9.749,0.0,0.0,0.0
-0.594,-10.353,-9.73,0.0,0.0,0.0
-0.399,-10.225,-9.759,0.0,0.0,0.0
-0.563,-10.189,-9.821,0.0,0.0,0.0
-1.004,-10.382,-9.843,0.0,-0.149,0.0
-1.43,-10.821,-8.802,0.243,0.0,0.194
-0.331,-10.573,-8.793,0.349,-0.585,0.175
-0.118,-10.99,-7.481,0.0,-0.918,0.0
0.78,-12.484,-4.741,0.23,-1.527,0.761
2.276,-16.407,-1.556,-0.126,3.032,1.34
2.701,-18.151,-3.649,-0.445,1.858,1.236
-4.334,-8.96,-8.455,2.148,1.724,1.111
-2.151,2.923,-17.808,2.705,-0.106,0.0
-3.727,19.026,-30.119,0.299,0.0,0.0
-8.674,-0.824,-30.119,-4.3,0.0,0.0
-0.553,-20.199,-30.119,-4.3,-2.952,-1.33
4.861,-20.199,-0.954,-4.3,-0.291,1.863
2.929,-20.199,-4.495,4.431,2.143,1.944
-7.641,-20.199,-30.119,4.431,0.423,0.14
-4.429,7.366,-30.119,4.431,-0.128,0.893
3.142,19.026,-30.119,-2.417,0.0,0.354
-3.01,-20.199,-30.119,-4.3,0.0,-1.069
-6.339,-20.199,-8.704,-4.3,-1.424,-0.395
-0.791,-15.212,-10.527,0.298,-0.61,-0.39
-1.346,-10.852,-15.171,2.969,0.73,-0.866
