-0.883,-10.137,-8.891,0.0,0.0,0.0
-0.811,-10.217,-8.6,0.0,0.0,0.0
-0.972,-10.477,-7.508,0.0,0.203,0.0
-0.774,-10.746,-6.966,0.0,0.453,0.24
-1.304,-11.201,-6.117,0.0,0.299,0.282
0.0,-10.693,-6.283,0.255,0.583,0.227
-0.142,-13.199,-6.396,-0.342,0.999,0.439
-2.29,-16.731,-3.514,-0.275,2.079,1.438
-3.354,-13.2,-4.212,0.145,1.914,1.56
-4.193,-4.444,-13.084,2.275,0.308,1.566
1.126,8.512,-20.255,1.031,-0.306,0.182
-0.292,19.026,-30.119,-3.277,-0.313,-0.963
-4.455,-20.199,-30.119,-4.3,0.0,-1.354
0.0,-20.199,-30.119,-4.3,-2.505,-1.051
3.518,-20.199,2.983,-1.057,0.96,1.987
1.601,-20.199,-18.973,4.431,1.874,1.609
-5.999,-5.664,-30.119,4.431,0.209,-0.321
-1.997,19.026,-30.119,1.71,0.0,0.907
-2.638,3.946,-30.119,-4.3,-0.531,-0.59
-4.869,-20.199,-22.487,-4.3,-2.128,-2.583
0.228,-20.199,-12.093,-2.474,-0.722,0.0
0.217,-11.915,-13.053,1.509,0.744,0.143
0.0,-11.967,-18.377,4.431,1.363,-0.202
-1.039,-11.711,-19.485,4.431,0.664,-0.639
-0.836,-10.539,-15.841,4.431,1.412,-0.45
