-1.219,-10.283,-9.935,0.0,-0.118,0.0
-1.333,-10.599,-8.934,-0.163,0.0,0.0
-1.547,-10.7,-8.143,0.0,-0.11,0.322
-1.216,-11.003,-8.309,0.298,-0.463,0.213
-0.966,-10.18,-8.512,0.27,0.0,0.29
-1.0,-9.172,-9.039,0.21,0.0,0.135
-0.977,-8.41,-9.208,0.0,-0.175,0.107
-1.12,-9.07,-9.087,-0.354,-0.184,0.27
-0.567,-13.099,-5.891,-1.165,0.0,0.629
0.749,-19.883,-2.301,-1.38,2.116,0.498
-2.285,-14.1,-5.89,0.679,2.841,1.345
-4.639,1.146,-24.167,2.424,1.318,1.232
-1.067,19.026,-30.119,-3.318,-0.297,0.0
1.031,-5.475,-30.119,-4.3,-1.413,-1.502
2.892,-20.199,-30.119,-4.3,-1.779,-2.007
0.14,-20.199,-4.678,-2.65,0.509,0.447
-0.149,-20.199,-21.366,4.431,1.573,2.281
-3.57,-9.046,-30.119,4.431,0.439,2.252
14.097,19.026,-30.119,1.488,0.212,1.423
2.671,11.37,-30.119,-4.3,0.0,-1.565
-3.958,-20.199,-30.119,-4.3,-1.084,-3.257
-3.366,-20.199,-17.17,-3.97,-0.879,-0.829
-1.938,-11.817,-12.521,0.62,0.139,0.201
0.0,-10.515,-12.782,4.293,1.369,0.519
0.0,-15.059,-19.771,4.431,-0.755,-0.687
