-1.376,-10.384,-10.696,-0.289,0.168,0.145
-0.75,-10.584,-10.702,-0.145,-0.187,0.193
-0.718,-10.321,-9.901,0.0,-0.256,0.183
-0.581,-11.251,-9.436,0.308,-0.352,0.0
-0.59,-11.27,-8.553,0.441,-0.634,0.0
0.135,-11.56,-7.263,-0.106,-1.268,0.0
2.012,-13.229,-6.885,0.0,1.831,0.861
-1.191,-16.045,-4.346,0.107,3.131,1.009
-3.981,-12.897,-6.961,1.414,2.088,1.412
-3.882,-3.754,-12.426,2.206,0.474,1.017
-2.646,4.278,-19.947,0.669,-0.687,0.0
-4.247,8.525,-30.119,-2.675,-0.862,0.237
-2.415,-18.06,-30.119,-4.3,0.189,0.289
-0.204,-20.199,-30.119,-4.3,-1.852,-0.922
-1.472,-20.199,1.306,-4.079,1.09,1.784
1.754,-20.199,-15.219,4.431,1.035,2.804
-3.949,-5.48,-30.119,4.431,-0.177,0.958
6.299,19.026,-30.119,1.372,-0.367,1.531
5.001,0.0,-30.119,-4.3,0.0,-1.849
-4.264,-20.199,-21.689,-4.3,-1.621,-3.596
-2.682,-20.199,-9.99,-1.345,0.194,-0.569
-0.847,-11.73,-12.658,3.71,0.298,-0.461
-0.977,-15.826,-17.829,4.431,-0.209,-1.36
-1.27,-15.373,-18.266,4.431,-2.013,-2.777
0.125,-12.299,-17.316,2.709,2.404,-3.155
