-1.064,-10.438,-10.669,0.0,0.0,0.0
-1.885,-9.898,-10.785,0.0,-0.71,0.0
-0.949,-10.327,-7.994,0.397,-1.469,0.0
-0.229,-10.913,-7.302,0.3,-0.743,0.0
0.861,-11.508,-7.124,0.313,-0.248,0.344
2.238,-12.95,-5.861,0.101,0.944,0.781
0.174,-15.234,-4.282,-0.297,2.203,1.157
-0.584,-16.318,-5.089,-0.116,2.624,1.591
-4.043,-12.68,-6.248,2.107,2.067,2.427
-0.695,-2.34,-15.822,2.856,0.679,1.823
2.682,9.617,-22.964,1.181,-0.313,0.0
2.589,9.135,-30.119,-3.673,0.572,-1.735
-5.649,-20.199,-30.119,-4.3,-2.374,-4.007
0.136,-20.199,-19.291,-4.3,-2.821,-1.141
4.741,-20.199,8.617,-1.559,1.209,1.509
0.182,-20.199,-16.681,4.431,1.899,1.139
-8.835,-17.998,-30.119,4.431,0.11,1.152
1.901,6.449,-30.119,3.096,-0.476,1.717
7.775,13.692,-30.119,-3.753,1.064,0.0
-4.17,-17.448,-30.119,-4.3,1.439,-1.866
-5.426,-20.199,-17.418,-4.3,-0.754,-2.138
-3.987,-16.109,-15.0,-1.077,-0.606,-0.515
-1.554,-9.714,-11.143,1.59,0.95,0.302
0.361,-9.293,-14.667,4.306,0.425,-0.62
1.47,-15.405,-14.277,4.431,0.945,-1.297
