-1.374,-10.25,-10.031,0.0,0.0,0.0
-1.261,-10.369,-9.996,-0.238,0.0,0.139
-1.557,-10.302,-9.183,-0.202,-0.273,0.0
-1.693,-10.066,-8.968,-0.119,-0.163,0.204
-1.723,-10.347,-8.502,0.0,-0.84,0.0
-1.882,-11.441,-8.433,0.245,-0.64,0.264
-1.584,-9.943,-8.519,0.0,0.112,0.434
-1.642,-8.295,-8.559,0.0,-0.134,0.309
-2.852,-10.597,-6.591,-0.189,0.131,0.321
-6.27,-17.04,-1.789,0.0,0.718,1.314
-6.914,-18.304,-3.2,0.567,-0.223,1.857
-0.782,-5.093,-18.419,1.775,-0.43,1.207
7.367,19.026,-30.119,-0.114,-0.626,-0.202
2.579,0.488,-30.119,-4.3,0.264,-1.376
0.399,-20.199,-30.119,-4.3,-1.446,-3.418
-2.877,-20.199,-6.773,-4.3,-0.428,0.107
1.601,-20.199,-11.822,4.431,1.258,2.592
-4.035,-13.645,-30.119,4.431,0.711,2.419
2.389,4.638,-30.119,4.431,0.259,3.553
18.774,19.026,-30.119,-1.594,-0.352,-0.412
6.325,-7.416,-30.119,-4.3,0.0,-4.026
-4.89,-20.199,-24.449,-4.3,-2.257,-4.337
-2.026,-20.199,-8.345,-1.314,-0.139,-0.758
-0.629,-13.019,-13.442,4.364,1.677,0.832
0.283,-17.611,-20.126,4.431,0.0,-0.338
