0.0,-10.228,-9.98,0.0,-0.343,0.0
-0.179,-10.316,-10.073,0.0,-0.366,-0.111
-0.664,-10.055,-9.437,0.277,-0.441,0.0
-0.128,-10.147,-7.933,0.47,-0.746,0.0
0.195,-10.566,-6.42,0.544,-0.922,0.112
2.837,-12.203,-5.49,0.454,-0.789,0.791
3.627,-13.111,-2.915,0.131,2.377,0.746
4.192,-16.322,-0.758,0.908,2.342,0.204
-2.574,-18.631,-1.768,2.384,3.437,1.055
-3.511,-8.18,-14.161,3.745,1.399,1.519
-1.011,9.154,-25.094,1.958,-0.821,0.128
-3.181,13.376,-30.119,-4.142,-0.455,-0.595
-11.021,-20.199,-30.119,-4.3,-0.627,-0.473
3.491,-20.199,-14.503,-4.3,-2.535,0.825
8.003,-20.199,8.334,0.632,2.084,2.379
-4.8,-20.199,-18.108,4.431,1.203,0.459
-9.656,-3.72,-30.119,4.431,-0.191,-0.157
-1.465,19.026,-30.119,-0.7,-0.695,0.663
-3.372,-14.055,-30.119,-4.3,-0.295,0.188
-7.208,-20.199,-12.148,-4.3,-1.652,0.0
1.127,-17.848,-6.984,-0.403,-0.943,0.128
-0.559,-10.11,-13.98,2.514,0.27,-1.075
-1.418,-12.423,-14.543,4.431,0.634,-2.103
-0.485,-13.903,-14.104,4.076,0.0,-3.001
-1.556,-13.401,-12.768,2.157,1.051,-2.947
