-1.578,-10.34,-8.512,-0.122,0.378,0.249
-1.547,-11.079,-8.158,0.0,0.338,0.357
-0.107,-11.608,-7.174,0.277,0.102,0.508
-1.062,-11.508,-7.517,0.528,0.288,0.233
-1.843,-10.783,-6.977,0.343,0.959,0.351
-2.118,-10.19,-6.957,0.63,0.989,0.419
-3.22,-10.63,-6.731,0.707,0.7,0.613
-4.642,-13.708,-4.933,-0.293,1.864,1.162
-5.507,-14.172,-4.96,0.883,0.889,1.397
-2.477,-4.869,-14.197,2.0,0.8,1.54
1.234,9.173,-25.61,1.234,-0.473,0.0
3.617,12.859,-30.119,-4.3,0.257,-1.533
-3.539,-20.199,-30.119,-4.3,-1.56,-3.596
1.625,-20.199,-15.833,-4.3,-2.517,-0.878
4.823,-20.199,3.862,1.637,2.067,3.031
-1.173,-20.199,-30.082,4.431,1.022,1.103
-5.413,-6.457,-30.119,4.431,0.412,1.492
6.272,15.981,-30.119,2.318,0.134,2.564
1.725,5.998,-30.119,-4.3,0.678,-2.02
-4.989,-20.199,-30.119,-4.3,-1.374,-3.157
-3.252,-20.199,-12.104,-4.3,-1.372,-0.953
-2.025,-13.534,-10.668,0.128,-0.248,-0.376
-0.365,-8.372,-13.221,2.759,1.261,0.141
2.966,-12.992,-14.75,4.431,1.836,-0.319
2.128,-20.199,-16.159,4.431,1.271,-1.555
