-1.475,-10.678,-9.899,0.0,0.0,0.0
-1.94,-10.624,-8.696,0.0,0.0,0.173
-1.91,-11.1,-8.485,0.238,0.16,0.281
-1.956,-10.439,-8.79,0.0,-0.106,0.172
-1.857,-9.612,-7.601,0.154,-0.434,0.293
-0.818,-8.832,-9.408,0.433,-0.37,0.151
-2.222,-8.015,-8.66,-0.32,-0.137,0.0
-1.055,-6.567,-10.136,-0.487,-0.791,0.157
-0.353,-12.958,-8.503,-1.286,-0.442,0.0
-7.67,-20.199,-3.086,-1.445,1.254,0.897
-7.892,-20.199,-1.234,-0.163,1.191,2.874
-0.365,-9.975,-20.073,4.216,-0.532,2.57
14.237,19.026,-30.119,1.434,0.0,1.638
9.676,-2.676,-30.119,-4.3,-0.279,-3.353
1.674,-20.199,-30.119,-4.3,-0.606,-4.337
-5.457,-20.199,-6.782,-4.3,-0.27,0.0
0.0,-20.199,-10.656,4.431,0.905,2.436
-4.462,-13.382,-30.119,4.431,0.237,1.967
3.942,15.033,-30.119,4.431,0.285,2.865
13.291,19.026,-30.119,-2.103,-0.343,-1.309
4.704,-10.778,-30.119,-4.3,0.454,-3.419
-7.091,-20.199,-22.916,-4.3,-1.354,-3.241
-2.14,-16.239,-9.565,-0.632,0.982,0.998
-1.713,-9.306,-15.656,3.74,0.466,0.461
1.065,-11.134,-17.266,4.431,1.13,0.902
