-1.334,-10.672,-9.73,0.0,-0.332,0.0
-0.809,-10.688,-9.424,0.0,-0.509,0.135
-0.26,-10.568,-8.255,0.259,-0.475,0.227
0.0,-10.957,-7.984,0.19,0.157,0.0
-0.572,-10.129,-7.202,0.38,-0.476,-0.166
0.815,-9.083,-8.415,0.566,-0.553,-0.335
-0.22,-8.036,-8.468,0.282,0.0,-0.517
-0.872,-8.245,-9.825,-0.664,1.106,0.105
-1.423,-10.942,-7.66,-1.098,0.295,0.937
-0.884,-19.493,-6.391,-2.709,3.261,1.524
-3.23,-15.727,-6.69,-1.207,2.193,2.116
-2.657,-4.801,-13.015,0.568,0.662,1.407
2.519,12.276,-26.94,1.057,-0.264,0.145
-0.246,7.799,-30.119,-3.963,-1.223,-1.711
0.515,-17.62,-30.119,-4.3,-1.153,-1.403
-0.671,-20.199,-17.133,-4.3,-1.202,-1.21
-3.434,-20.199,-5.459,0.536,0.865,1.831
0.0,-20.199,-18.319,4.431,1.361,2.916
1.835,-2.765,-30.119,4.431,0.23,2.635
15.101,19.026,-30.119,-0.692,-0.281,0.0
2.841,-3.298,-30.119,-4.3,-0.433,-3.11
-5.611,-20.199,-24.712,-4.3,-1.666,-3.143
-4.501,-17.737,-10.687,-1.146,-0.306,0.165
-1.836,-10.67,-15.051,2.928,0.332,0.75
1.339,-12.398,-15.145,4.431,1.548,0.815
