-0.149,-10.313,-9.443,0.0,-0.423,0.0
0.0,-10.304,-9.692,0.0,-0.183,0.0
-0.518,-10.433,-9.949,0.0,0.0,-0.117
-0.863,-10.601,-9.309,-0.145,0.0,0.0
0.0,-10.615,-8.67,0.211,-0.645,0.0
1.028,-10.606,-8.527,0.545,-0.914,0.0
1.79,-11.209,-8.144,-0.152,0.0,0.204
3.189,-12.38,-4.74,0.0,0.818,0.753
3.444,-13.25,-3.765,0.691,1.668,0.522
-1.151,-17.087,-2.643,0.864,2.895,0.417
-3.077,-12.179,-6.054,1.954,1.663,0.678
-3.606,-1.581,-16.265,2.332,0.876,0.809
-2.935,11.902,-25.77,0.0,0.782,0.715
-7.087,4.861,-30.119,-4.3,-1.331,-0.835
-8.933,-20.199,-30.119,-4.3,-2.228,-0.154
6.491,-20.199,-6.614,-4.3,-2.573,1.015
9.532,-20.199,4.761,3.201,2.544,2.386
-7.455,-20.199,-30.119,4.431,0.893,-0.424
-10.321,-3.312,-30.119,4.431,-0.266,-0.157
-1.733,19.026,-30.119,-0.881,0.0,0.632
-10.229,-12.928,-30.119,-4.3,0.0,0.794
-2.943,-20.199,-15.325,-4.3,-2.3,-0.572
0.652,-20.199,-8.19,-0.74,-0.58,-0.332
0.135,-9.901,-12.162,2.218,1.185,-0.76
-1.168,-11.398,-16.441,4.431,1.43,-1.787
