-0.578,-10.187,-11.118,0.0,-0.255,0.0
-0.891,-10.358,-10.113,0.0,-0.358,0.0
-1.38,-10.712,-9.631,0.0,-0.12,0.0
-1.633,-10.927,-9.572,0.0,0.0,0.163
-1.27,-10.906,-9.522,0.0,-0.17,0.354
-0.781,-11.025,-8.351,0.243,-0.466,0.22
-0.549,-9.546,-8.879,0.448,-0.264,0.0
-1.272,-8.415,-10.055,0.14,0.351,0.0
-4.149,-11.562,-6.972,-0.374,-0.354,0.204
-1.347,-18.561,-0.281,-1.346,-0.201,1.572
1.113,-20.199,0.0,1.332,0.879,1.861
-1.59,-11.586,-15.992,4.369,1.54,1.2
-4.991,6.409,-30.119,3.543,0.145,0.294
0.682,6.733,-30.119,-4.3,-0.59,-0.565
1.291,-20.199,-30.119,-4.3,0.298,-1.828
-1.74,-20.199,-16.366,-4.3,-1.979,-1.385
0.62,-20.199,5.835,1.031,1.379,1.805
-3.588,-20.199,-25.174,4.431,0.886,1.132
-4.995,-12.67,-30.119,4.431,-0.874,0.387
1.259,12.138,-30.119,3.151,0.189,1.509
3.137,10.799,-30.119,-4.252,-0.162,-1.608
-3.445,-20.199,-30.119,-4.3,-1.021,-2.98
-2.679,-20.199,-10.432,-4.3,-0.69,-0.274
0.152,-15.725,-8.04,0.0,-0.326,0.242
0.278,-10.874,-13.851,3.519,-0.201,-0.479
