-1.096,-10.275,-10.045,0.0,0.0,0.0
-1.231,-10.184,-10.131,-0.125,-0.21,0.0
-1.043,-10.435,-8.987,0.0,-0.381,0.0
-0.823,-11.052,-7.915,0.265,-0.638,0.139
0.419,-11.579,-7.122,0.323,-1.289,0.0
2.206,-12.334,-5.528,0.518,-0.173,0.632
3.591,-14.276,-3.946,0.748,1.573,0.687
-0.969,-15.852,-3.271,-0.712,3.922,0.672
-3.579,-9.641,-5.5,2.273,2.767,2.194
-0.792,3.023,-19.738,2.323,0.227,1.122
0.283,16.624,-30.119,-0.758,-0.705,-1.017
-9.169,-9.916,-30.119,-4.3,-0.632,-0.444
1.636,-20.199,-30.119,-4.3,-3.558,-1.449
1.705,-20.199,8.74,-3.322,0.284,1.728
1.981,-20.199,-11.192,4.431,1.713,2.124
-8.802,-9.932,-30.119,4.431,-0.314,0.0
3.094,19.026,-30.119,4.014,0.136,2.752
2.829,7.398,-30.119,-4.3,-0.32,-1.603
-5.853,-20.199,-30.119,-4.3,-2.111,-3.367
-1.624,-20.199,-10.579,-4.105,-0.924,0.0
0.286,-12.576,-11.337,1.0,0.242,0.0
0.111,-12.114,-13.307,4.431,0.604,-0.935
0.895,-15.105,-14.598,4.431,-0.185,-2.695
1.553,-19.62,-15.761,4.431,0.322,-3.818
-0.594,-15.315,-19.659,2.614,4.377,-4.21
