-1.052,-10.103,-9.966,0.0,-0.187,0.0
-1.047,-10.129,-9.533,0.0,-0.325,0.0
-1.077,-10.625,-9.362,0.0,-0.39,0.129
-1.341,-10.499,-8.841,-0.17,0.151,0.462
-0.217,-13.08,-6.635,-0.19,0.0,0.816
-0.821,-14.306,-3.781,-0.271,1.172,1.088
-1.963,-16.14,-4.246,-0.245,2.057,1.371
-4.113,-15.893,-5.612,0.0,1.523,1.895
-1.789,-7.502,-10.684,2.383,1.606,2.825
2.302,4.993,-19.542,1.834,0.0,1.125
3.344,14.207,-30.119,-1.619,-0.53,-1.492
-1.499,-8.923,-30.119,-4.3,-0.444,-2.343
-2.902,-20.199,-29.637,-4.3,-3.426,-3.095
-2.093,-20.199,5.574,-2.867,0.222,0.936
-0.475,-20.199,-9.645,4.431,2.023,2.769
-1.444,-10.757,-30.119,4.431,0.453,1.131
2.347,15.133,-30.119,3.007,0.578,1.798
6.309,4.003,-30.119,-4.3,-0.457,-1.512
1.308,-20.199,-29.972,-4.3,0.407,-3.721
-6.29,-20.199,-4.566,-3.574,-0.322,-2.022
-1.668,-14.281,-11.676,3.417,0.77,0.624
-0.736,-15.582,-17.578,4.431,0.0,0.158
-0.33,-16.365,-18.067,4.431,-1.612,-1.753
-0.738,-11.998,-16.93,3.318,0.561,-2.199
-3.833,-8.995,-14.93,0.0,4.136,-1.338
