-1.084,-10.369,-9.006,0.159,-0.179,0.197
-1.025,-10.803,-8.528,0.0,-0.102,0.353
-0.792,-11.675,-6.963,0.157,-0.557,0.379
0.891,-10.527,-7.603,0.394,-0.834,0.107
0.894,-9.817,-7.608,0.326,-0.419,-0.293
0.0,-9.041,-7.58,0.388,0.0,-0.395
-0.582,-8.015,-9.089,0.0,0.986,-0.108
-2.279,-6.643,-9.175,-0.299,0.0,0.171
0.581,-11.747,-8.861,-0.843,-0.21,0.722
-1.333,-19.302,-2.575,-2.014,1.914,1.008
-2.082,-20.087,-4.403,-1.011,3.479,2.493
-2.449,-8.038,-13.606,2.135,1.962,2.083
-1.138,11.398,-30.119,2.901,-0.331,0.496
-1.565,9.703,-30.119,-4.3,-1.434,-1.387
2.093,-20.199,-30.119,-4.3,-0.909,-1.163
-0.669,-20.199,-15.851,-4.3,-2.015,-1.38
-2.543,-20.199,-1.627,0.586,0.949,2.202
-3.08,-20.199,-21.234,4.431,0.633,2.318
0.0,-3.715,-30.119,4.431,-0.454,1.691
13.314,19.026,-30.119,0.994,-0.235,0.193
0.504,-1.219,-30.119,-4.3,0.111,-2.706
-4.054,-20.199,-24.786,-4.3,-0.383,-3.45
-3.045,-20.199,-12.332,-1.417,-0.18,-1.761
0.0,-16.953,-11.364,2.711,1.749,0.437
-0.663,-14.723,-13.647,4.431,-0.721,0.286
