-0.292,-10.607,-10.583,-0.364,0.981,0.355
-0.487,-9.539,-11.519,0.0,-0.486,0.0
-1.084,-10.284,-10.195,0.126,0.178,0.0
-1.159,-10.492,-11.17,0.0,0.118,0.0
-0.979,-10.368,-10.718,-0.172,-0.306,0.0
-0.487,-9.931,-11.136,0.0,-0.455,-0.17
-1.387,-10.429,-9.285,0.393,-0.933,-0.102
0.252,-12.378,-8.866,0.619,-0.72,0.489
1.361,-12.902,-5.88,0.808,-0.84,0.821
0.542,-16.936,-1.107,0.0,3.375,1.38
-1.201,-20.199,1.948,2.136,2.156,1.19
-4.626,-12.65,-11.069,4.197,2.111,1.873
0.16,6.611,-27.031,2.417,-0.628,0.644
-1.63,16.303,-30.119,-3.159,-0.834,-0.297
-5.35,-20.199,-30.119,-4.3,0.785,-0.202
-6.331,-20.199,-15.637,-4.3,-2.584,-0.56
3.401,-20.199,9.106,0.722,1.676,2.831
-0.38,-20.199,-17.18,4.431,0.678,0.281
-8.996,-1.605,-30.119,4.431,-0.178,-0.902
-6.56,12.735,-30.119,-3.27,-0.462,0.686
-2.458,-20.199,-30.119,-4.3,-1.374,-0.812
-3.458,-20.199,-6.559,-4.3,-0.61,0.304
0.677,-16.511,-7.748,0.711,-0.147,-0.357
0.555,-12.759,-11.155,3.58,-0.399,-1.755
0.112,-13.881,-13.391,3.682,0.247,-2.743
