-0.8,-10.336,-9.636,0.0,-0.236,0.0
-1.022,-10.479,-9.918,0.0,-0.309,0.0
-0.866,-10.394,-9.627,0.0,-0.468,0.0
-0.726,-10.243,-8.775,0.388,-0.704,0.0
-0.244,-10.274,-8.562,0.484,-0.352,0.0
0.246,-10.281,-7.701,0.508,0.138,0.0
0.258,-10.577,-6.397,0.0,0.152,0.18
1.418,-11.78,-4.129,0.328,0.0,0.66
3.362,-13.579,-2.421,-0.124,3.347,0.557
-8.743,-19.099,-1.822,-0.854,4.377,2.156
-3.986,-11.447,-9.916,1.171,0.611,2.613
0.0,-0.112,-16.257,1.855,-1.228,1.212
3.157,15.279,-27.298,0.538,-1.125,-0.78
-2.619,5.244,-30.119,-4.3,-0.38,-1.433
-5.966,-20.199,-30.119,-4.3,-1.071,-1.963
0.319,-20.199,-9.909,-4.3,-1.068,0.327
2.82,-20.199,1.056,2.118,2.07,2.576
-2.103,-20.199,-25.419,4.431,0.898,0.981
-5.244,-1.332,-30.119,4.431,0.39,0.222
8.021,19.026,-30.119,-1.397,0.953,0.483
-4.108,-15.251,-30.119,-4.3,0.0,-1.86
-8.251,-20.199,-12.11,-4.3,-1.792,-1.172
1.052,-18.976,-7.929,-0.254,-0.8,-0.369
-0.887,-11.264,-16.416,3.42,0.475,-0.82
0.0,-13.182,-16.672,4.431,0.961,-1.262
