-1.302,-10.377,-9.298,-0.128,0.0,0.0
-1.364,-10.336,-8.862,0.0,0.0,0.0
-1.128,-10.526,-8.583,0.0,0.122,0.176
-1.225,-11.194,-8.301,0.0,-0.158,0.0
-1.125,-10.255,-8.24,0.171,-0.509,0.0
-0.59,-9.624,-7.627,0.501,-1.063,0.0
-0.257,-8.816,-8.539,0.0,0.34,0.0
-1.449,-7.688,-8.613,0.0,0.0,0.136
-2.494,-6.708,-9.494,-0.344,-0.719,0.484
1.458,-17.749,-9.563,-2.383,3.186,0.194
-4.945,-20.199,-1.965,-0.663,2.492,1.835
-3.52,-13.534,-11.169,1.63,1.997,2.505
1.868,4.776,-24.935,3.075,-0.296,1.607
7.498,17.791,-30.119,-3.732,-0.342,-1.17
1.327,-15.727,-30.119,-4.3,0.444,-2.318
-3.196,-20.199,-25.794,-4.3,-1.891,-2.354
-1.132,-20.199,3.609,-0.509,1.295,2.018
-1.657,-20.199,-26.384,4.431,0.735,2.08
-2.716,-0.203,-30.119,4.431,-0.251,1.514
9.505,19.026,-30.119,-0.306,-0.281,0.514
3.232,0.171,-30.119,-4.3,0.157,-2.14
-5.061,-20.199,-23.703,-4.3,-1.272,-3.265
-3.924,-18.936,-11.764,-1.817,0.0,-0.544
-1.383,-10.223,-13.148,2.577,1.074,0.546
-0.365,-12.797,-19.896,4.431,-0.122,0.0
