-1.381,-10.478,-9.49,-0.137,-0.333,-0.214
-1.399,-10.632,-9.279,0.0,-0.266,0.0
-1.053,-11.03,-8.2,-0.306,0.13,0.301
-0.434,-11.854,-6.48,0.16,0.674,0.804
0.178,-10.633,-7.769,0.368,0.731,0.585
-0.897,-8.391,-8.409,0.444,0.404,0.0
-1.704,-7.955,-9.563,0.575,0.392,-0.182
-2.267,-8.208,-8.916,0.109,1.118,0.248
-3.296,-12.494,-6.042,-0.81,0.66,0.59
-3.709,-20.199,-0.727,-1.371,0.493,0.993
-2.443,-13.587,-9.443,0.779,1.149,1.489
2.105,3.568,-22.069,1.765,0.842,1.083
3.423,18.456,-30.119,-2.743,0.212,-1.343
-3.593,-9.084,-30.119,-4.3,-0.244,-1.476
-4.228,-20.199,-30.119,-4.3,-1.437,-2.244
-2.744,-20.199,-1.183,-2.626,0.352,0.981
0.866,-20.199,-18.007,4.431,0.803,1.916
-2.773,-5.925,-30.119,4.431,0.0,0.724
3.724,19.026,-30.119,1.876,0.449,1.113
2.328,10.342,-30.119,-4.3,-0.766,-1.429
0.0,-20.199,-28.891,-4.3,-1.132,-3.098
-3.471,-20.199,-14.402,-3.369,-0.333,-0.685
-2.148,-10.825,-13.304,1.46,0.0,0.363
-1.103,-11.115,-16.41,4.431,-0.103,0.262
0.324,-12.649,-18.049,4.431,0.249,-1.087
