-0.57,-10.414,-10.098,0.0,0.0,0.0
-0.998,-10.964,-9.627,-0.232,0.0,0.0
-0.745,-10.578,-8.115,0.0,0.0,0.477
0.445,-10.916,-8.541,0.239,0.0,0.199
-0.509,-9.959,-8.215,0.657,-0.918,-0.343
0.0,-8.865,-8.254,0.3,-0.57,-0.278
-0.602,-6.831,-10.438,0.182,-0.194,-0.134
-1.186,-7.495,-9.876,-0.191,-0.117,0.147
1.412,-13.438,-10.669,-0.541,0.123,0.575
-2.007,-20.199,-3.72,-2.264,1.995,1.609
0.0,-16.566,-6.418,-2.061,1.978,2.468
-1.837,-4.554,-11.246,1.223,1.42,1.589
4.381,19.026,-30.119,3.268,0.294,1.125
-2.273,0.86,-30.119,-4.3,0.0,-1.324
-3.4,-20.199,-30.119,-4.3,-1.487,-1.933
-5.868,-20.199,-0.641,-4.05,-0.418,0.383
-1.647,-20.199,-9.907,4.431,0.464,3.098
-2.128,-8.787,-30.119,4.431,-1.286,1.411
14.271,19.026,-30.119,1.108,0.0,1.231
4.874,6.35,-30.119,-4.3,0.677,-2.216
-5.743,-20.199,-25.812,-4.3,-0.187,-3.924
-6.634,-20.199,-14.628,-1.677,0.15,-1.119
-2.249,-13.473,-12.554,2.349,0.371,0.594
0.747,-12.234,-15.707,4.431,0.729,0.357
-0.636,-14.462,-17.21,4.431,-1.203,-1.399
