-0.896,-10.34,-8.943,-0.133,0.0,0.112
-0.932,-10.393,-8.47,0.0,0.0,0.169
-0.754,-10.666,-8.254,0.218,-0.138,0.333
-0.658,-10.527,-8.495,0.213,-0.316,0.177
-0.913,-10.384,-6.907,0.25,-0.468,0.2
0.0,-8.856,-8.418,0.671,-1.0,0.121
-1.039,-8.104,-8.18,0.0,0.759,0.311
-1.574,-8.731,-8.773,-0.162,0.0,0.422
0.677,-14.113,-9.34,-1.717,0.559,0.704
-4.094,-20.199,-3.226,-2.312,2.09,1.487
-3.964,-15.158,-6.144,0.259,2.642,2.937
0.973,-3.205,-19.788,3.214,0.436,2.145
4.798,16.043,-30.119,0.898,-0.812,-0.206
0.131,1.454,-30.119,-4.3,-0.252,-1.829
-1.801,-20.199,-30.119,-4.3,-0.149,-2.628
-3.991,-20.199,-16.722,-4.3,-1.445,-1.532
-3.552,-20.199,0.194,-0.382,1.116,2.007
-2.624,-20.199,-21.348,4.431,0.734,2.544
-0.559,-5.691,-30.119,4.431,-0.653,1.776
8.886,17.325,-30.119,1.634,-0.335,1.234
1.975,7.825,-30.119,-3.898,-0.218,-1.526
-2.89,-14.209,-29.753,-4.3,0.293,-2.075
-4.806,-20.199,-17.613,-4.3,-0.279,-2.077
-2.0,-14.172,-12.106,-0.224,0.303,-0.876
-0.855,-9.864,-13.198,2.996,0.606,-0.739
