-0.286,-9.962,-11.178,0.0,0.0,0.0
-0.203,-10.081,-11.147,0.0,0.0,0.0
-0.425,-10.054,-11.154,0.0,0.0,0.0
-0.361,-10.086,-10.854,0.0,0.0,0.0
-0.416,-11.284,-9.02,0.13,0.0,0.152
-0.193,-11.497,-7.546,0.0,-0.93,0.413
0.584,-13.593,-4.641,-0.405,-1.297,0.416
0.782,-12.615,-4.946,1.425,0.251,0.0
-0.702,-10.034,-8.546,2.448,0.848,0.0
-3.989,-6.269,-11.434,2.56,1.168,0.0
-5.134,-0.434,-16.114,0.376,0.76,0.914
-7.079,-2.543,-27.001,-1.487,-0.426,1.294
-3.339,-12.988,-31.012,-4.29,-0.34,2.023
1.18,-19.929,-20.822,-4.29,-1.323,0.24
-4.401,-19.929,6.963,-3.636,-0.315,1.361
-0.197,-19.929,-1.974,2.326,0.0,0.0
-4.48,-19.011,-15.575,4.44,-0.359,-2.269
-10.322,-8.771,-31.012,4.018,1.35,-1.709
-7.335,5.285,-31.012,-0.759,1.823,1.093
-4.694,-11.811,-31.012,-4.29,0.0,0.241
-6.459,-19.929,-1.328,-4.29,-3.099,-0.518
2.322,-19.929,3.154,1.876,-0.917,0.429
0.0,-19.929,-13.5,4.44,0.0,-2.05
-5.611,-16.814,-22.457,4.44,-0.99,-4.191
-4.744,-7.251,-12.786,-0.166,1.54,-2.051
