-0.614,-10.072,-10.947,0.0,0.0,0.0
-0.485,-10.059,-10.942,0.0,0.0,0.0
-0.69,-10.082,-10.906,0.0,0.0,0.0
-0.486,-10.052,-10.961,0.0,0.0,0.0
-0.601,-10.059,-10.97,0.0,0.0,0.0
-0.55,-10.014,-10.922,0.0,0.0,0.0
-0.63,-10.035,-10.897,0.0,0.0,0.0
-0.681,-10.058,-10.574,0.0,-0.107,0.0
-2.525,-11.982,-7.507,0.0,-0.431,0.328
0.0,-15.253,-1.476,-1.422,-0.2,1.426
1.286,-16.526,-4.388,1.978,1.368,0.329
-0.974,-12.377,-9.191,3.384,0.313,-0.479
-4.378,-5.753,-13.558,2.817,1.012,0.0
-6.563,0.313,-19.901,0.995,1.121,0.841
-6.904,-2.102,-31.012,-3.192,0.0,1.573
1.293,-19.892,-31.012,-4.29,-0.195,1.162
-3.789,-19.929,-9.578,-4.29,-3.848,-1.537
2.137,-19.929,8.213,0.312,1.002,0.841
-2.803,-19.929,-13.518,4.44,1.287,-0.915
-5.727,-12.786,-31.012,4.44,1.44,-0.212
0.779,5.487,-31.012,-1.266,0.304,0.463
-1.378,-18.478,-31.012,-4.29,-0.93,-0.757
-6.036,-19.929,8.213,-4.29,-2.215,0.393
0.428,-19.929,4.532,3.357,0.0,0.619
-2.397,-19.929,-18.362,4.44,-4.354,-3.418
