-0.612,-10.034,-11.111,0.0,0.0,0.0
-0.541,-10.005,-11.153,0.0,0.0,0.0
-0.716,-10.058,-10.967,0.0,0.0,0.0
-0.448,-10.017,-11.177,0.0,0.0,0.0
-0.622,-10.235,-10.842,0.0,0.0,0.0
-0.854,-10.429,-8.826,-0.253,0.0,0.271
0.323,-12.956,-5.94,0.0,-0.346,0.573
-0.467,-14.997,-3.088,1.613,0.767,0.171
-1.28,-12.33,-7.394,2.433,0.0,0.377
-4.288,-7.67,-10.388,1.877,0.423,0.387
-6.802,-1.721,-14.268,0.755,0.819,0.911
-6.012,1.446,-21.429,-1.383,0.288,1.384
-3.131,-5.552,-23.111,-3.674,-1.135,1.287
-1.184,-14.169,-25.395,-4.29,0.131,1.246
-5.139,-19.929,-16.794,-4.29,-0.6,-0.708
-7.143,-19.929,-4.454,-2.53,0.614,0.906
-2.76,-18.744,-2.881,1.639,-0.246,-0.158
-6.102,-19.193,-14.531,4.365,0.173,-1.245
-6.765,-12.015,-24.505,3.913,0.186,-1.262
-6.868,2.769,-31.012,1.083,1.255,0.452
-4.373,-0.542,-31.012,-3.342,-0.209,0.116
-5.557,-17.642,-22.861,-4.29,0.0,0.0
-5.287,-19.929,-4.015,-3.917,-0.721,0.93
-0.81,-19.929,-2.612,0.829,-1.191,-0.637
-4.074,-19.929,-12.041,4.44,-1.074,-2.266
