-0.544,-10.09,-11.0,0.0,0.0,0.0
-0.555,-10.045,-11.028,0.0,0.0,0.0
-0.601,-10.028,-10.971,0.0,0.0,0.0
-0.52,-10.071,-10.97,0.0,0.0,0.0
-1.093,-10.578,-10.22,0.106,-0.176,0.0
-1.959,-11.524,-7.48,0.218,-0.524,0.412
-0.507,-14.515,-1.996,-1.115,-0.808,1.721
1.949,-14.984,-6.42,1.075,2.605,0.967
-1.923,-11.103,-11.224,3.051,-0.121,0.0
-5.392,-5.489,-12.921,2.165,0.482,0.0
-7.074,1.592,-18.837,0.574,-0.17,0.474
-7.564,1.274,-30.535,-2.899,-0.652,1.581
-0.442,-17.402,-31.012,-4.29,-0.413,1.951
-4.333,-19.929,-12.048,-4.29,-3.122,-0.651
1.287,-19.929,8.213,0.298,-0.334,0.515
0.0,-19.929,-9.731,4.44,1.188,-1.818
-11.943,-14.581,-31.012,4.44,2.348,-1.309
-6.067,5.987,-31.012,-1.351,0.339,0.353
-4.261,-12.352,-31.012,-4.29,0.315,0.189
-9.92,-19.929,-1.847,-4.29,-2.718,-0.133
1.933,-19.929,8.213,0.117,-0.478,1.201
0.841,-19.929,-7.708,4.44,0.0,-1.768
-5.57,-19.929,-28.238,4.44,0.331,-2.951
-10.207,-15.226,-29.212,4.44,-2.238,-2.065
-5.885,-5.569,-17.494,-0.414,-1.706,-1.691
