-1.292,-9.996,-11.003,0.0,0.0,0.0
-1.305,-10.026,-11.098,0.0,0.0,0.0
-1.329,-10.022,-10.909,0.0,0.0,0.0
-1.299,-10.075,-10.931,0.0,0.0,0.0
-1.352,-10.042,-10.927,0.0,0.0,0.0
-1.373,-10.092,-11.165,0.0,0.0,0.0
-1.667,-10.033,-10.667,0.0,0.0,0.0
-2.187,-10.935,-9.126,0.218,-0.425,0.257
-1.017,-11.948,-7.143,-0.165,-0.781,0.445
0.954,-15.724,-1.182,1.017,-0.368,0.996
-2.118,-15.325,-3.286,3.523,-1.032,0.0
-2.31,-9.067,-7.677,2.998,1.317,-0.42
-5.019,-3.497,-13.425,2.465,0.44,-0.239
-5.125,0.799,-17.952,-0.217,0.254,0.0
-6.258,-0.133,-19.531,-2.433,-0.545,0.914
-7.85,-9.922,-24.41,-3.464,0.225,2.029
-3.598,-19.929,-25.622,-4.29,1.221,1.312
-11.2,-19.929,-4.722,-4.29,-0.629,0.0
-0.85,-19.929,7.164,-0.829,0.446,0.25
-3.125,-19.929,-9.661,4.44,0.644,-1.849
-10.702,-18.739,-30.335,4.44,-0.163,-1.974
-11.016,2.3,-31.012,1.076,1.651,0.648
-3.52,-2.619,-31.012,-4.215,0.342,0.572
-4.685,-19.929,-27.07,-4.29,-0.519,-0.236
-6.604,-19.929,8.213,-2.691,-1.266,1.13
