-0.799,-9.942,-11.18,0.0,0.0,0.0
-1.001,-10.123,-11.127,0.0,0.0,0.0
-0.832,-10.093,-11.109,0.0,0.0,0.0
-0.971,-10.08,-11.08,0.0,0.0,0.0
-0.993,-10.078,-10.988,0.0,0.0,0.0
-0.945,-10.057,-11.071,0.0,0.0,0.0
-0.922,-9.998,-11.076,0.0,0.0,0.0
-1.269,-10.884,-10.855,0.0,0.0,0.0
-2.55,-12.728,-2.389,-1.031,-0.514,0.918
2.06,-15.961,-1.223,2.556,1.021,0.956
-3.158,-14.922,-5.035,2.869,0.509,0.0
-3.965,-8.778,-10.724,2.618,0.242,0.0
-5.797,-0.682,-18.908,1.786,1.291,0.847
-5.793,2.343,-25.694,-1.101,-0.657,0.827
-5.579,-7.783,-25.602,-4.29,0.266,1.833
0.926,-19.929,-23.041,-4.29,0.266,0.56
-6.723,-19.929,2.468,-4.29,-2.877,-0.874
-0.778,-19.929,7.653,1.244,0.801,0.478
-1.782,-19.929,-16.45,4.44,0.953,-1.232
-7.528,-8.73,-31.012,4.44,0.796,-1.231
-3.899,2.93,-31.012,-2.189,1.593,1.048
-2.354,-17.381,-31.012,-4.29,-0.194,-0.692
-13.034,-19.929,8.213,-4.29,-1.865,0.803
2.088,-19.929,2.415,3.239,-0.555,0.697
-7.127,-19.929,-17.602,4.44,-0.964,-1.959
