-1.609,-10.033,-10.779,0.0,0.0,0.0
-1.594,-9.999,-10.918,0.0,0.0,0.0
-1.716,-10.054,-10.769,0.0,0.0,0.0
-1.731,-10.021,-10.934,0.0,0.0,0.0
-1.669,-9.981,-10.948,0.0,0.0,0.0
-1.655,-10.051,-10.806,0.0,0.0,0.0
-1.668,-10.01,-10.852,0.0,0.0,0.0
-1.954,-10.576,-10.238,0.0,-0.102,0.0
-3.277,-11.594,-6.758,0.0,-0.805,0.285
2.865,-16.417,1.004,-0.537,-0.124,1.242
-1.089,-16.448,-2.717,3.029,0.255,0.0
-3.332,-11.755,-10.585,3.4,0.825,-0.739
-6.777,-3.922,-16.824,2.499,0.977,0.0
-5.738,1.834,-19.722,0.0,-0.316,0.493
-7.487,-0.876,-23.275,-2.806,-0.422,1.697
-5.351,-14.935,-29.628,-4.29,0.98,2.907
2.255,-19.929,-19.39,-4.29,2.354,0.451
-10.18,-19.929,-4.288,-4.29,-2.583,-0.801
-1.804,-19.929,3.539,0.526,-0.177,-1.071
-5.921,-19.929,-18.394,4.44,0.432,-1.696
-9.025,-9.51,-31.012,4.44,0.366,-1.31
-8.912,3.704,-31.012,-0.363,0.5,0.275
-5.654,-4.495,-30.832,-4.29,0.103,0.748
-8.988,-19.929,-16.946,-4.29,-1.789,0.0
-1.105,-19.929,4.806,-1.582,-0.794,1.254
