-1.598,-8.877,-9.853,-0.196,0.0,0.0
-1.313,-10.289,-8.353,-0.105,0.0,-0.146
-1.18,-10.217,-8.196,0.392,0.454,0.0
-0.946,-8.882,-7.831,0.313,0.812,0.342
-0.581,-8.837,-7.965,0.727,0.877,0.0
-1.306,-9.646,-8.222,-0.74,1.729,0.105
-4.403,-9.587,-7.347,-0.309,1.317,0.586
-3.121,-7.931,-7.262,0.3,1.368,1.336
-0.28,-5.997,-12.762,1.112,1.676,0.908
-0.633,-5.212,-21.204,-0.124,1.138,0.19
-1.489,-3.609,-26.418,-1.583,-0.313,-0.165
-1.991,-8.083,-29.689,-3.12,-0.449,-0.157
-7.167,-19.143,-16.006,-4.299,-1.36,-0.33
-4.817,-19.435,-1.174,-2.078,-0.763,-0.264
-4.065,-19.204,-2.065,3.285,0.426,0.242
-4.053,-11.286,-19.226,4.431,0.679,0.0
-2.772,-5.807,-23.784,2.945,0.0,-0.587
-1.653,-1.148,-27.313,0.551,0.775,0.0
3.276,-3.875,-24.25,-2.129,1.85,0.21
-1.642,-13.046,-22.39,-2.956,0.785,-2.392
-10.939,-19.411,-12.015,-2.395,-0.624,-0.845
-7.664,-16.514,-8.438,-1.125,-2.381,0.139
-0.452,-11.081,-9.672,1.412,-1.661,0.325
1.181,-12.904,-12.542,4.431,-0.707,-0.439
0.0,-12.626,-18.107,4.431,0.205,-0.564
