-1.122,-8.298,-9.029,-0.167,0.23,0.0
-1.978,-9.28,-8.841,0.0,1.108,0.0
-2.702,-10.453,-8.523,-0.259,0.0,0.0
0.976,-10.303,-8.398,-0.88,-0.345,0.17
0.3,-9.693,-7.255,-0.288,1.273,0.137
-0.557,-8.522,-8.626,0.554,0.996,-0.212
-0.722,-8.525,-8.238,-0.177,0.997,-0.353
0.375,-11.4,-9.002,1.931,1.887,0.808
-1.039,-10.272,-17.593,3.356,3.394,1.212
-2.24,-4.486,-22.502,0.886,4.377,3.21
4.626,-5.409,-21.804,-1.631,1.891,0.457
3.341,-13.195,-23.717,-2.392,-1.966,-3.975
-10.033,-19.435,-15.155,-4.299,-4.354,-4.337
-3.212,-19.435,-2.561,-3.58,1.682,4.048
1.19,-18.768,-1.688,1.88,-1.864,0.486
1.853,-9.039,-13.21,3.827,1.115,0.309
-2.42,-10.249,-18.605,3.824,-0.875,-2.708
-9.682,-4.832,-28.589,0.991,-1.354,-2.429
-5.022,-5.224,-22.037,-2.272,1.266,1.371
-1.415,-10.646,-21.228,-3.311,-0.98,-0.675
-4.046,-19.435,-3.432,-4.299,1.536,0.724
-1.294,-15.396,-9.464,0.68,-0.596,0.638
-1.618,-12.202,-9.951,1.48,-0.976,-0.677
-0.907,-13.541,-13.632,4.325,0.0,-0.748
-0.559,-11.955,-17.68,4.431,0.965,0.133
