-1.326,-8.594,-9.193,0.493,0.669,0.0
-2.34,-9.103,-8.896,0.382,0.47,-0.378
-2.486,-10.383,-9.099,0.743,0.767,0.0
-2.871,-8.789,-8.321,0.286,0.701,0.584
-1.226,-9.866,-5.154,0.229,-0.641,-0.404
-0.709,-8.64,-6.157,0.401,0.441,-0.152
-2.723,-7.832,-5.288,0.215,1.031,0.263
-1.553,-5.315,-10.017,0.307,0.77,0.92
-0.187,-6.919,-13.143,-0.298,2.243,0.791
-4.709,-6.59,-20.155,-0.249,0.317,0.0
-4.94,-8.348,-21.18,-0.893,-0.575,-0.401
-1.548,-12.049,-25.522,-2.795,-0.134,0.405
-4.963,-19.435,-6.881,-4.299,-1.745,-0.352
-4.661,-19.156,-0.534,0.0,-0.391,1.052
-1.59,-11.482,-6.641,2.666,0.584,0.789
-2.95,-8.018,-16.025,3.071,0.327,-0.536
-5.514,-4.858,-22.43,1.94,0.22,-0.369
1.752,-2.283,-30.049,0.335,1.746,0.947
-0.662,-11.226,-23.254,-4.299,-0.282,-2.427
-9.336,-19.435,-1.158,-3.694,-2.506,-1.761
-5.137,-17.633,-1.68,0.182,-0.177,0.728
-0.533,-12.505,-10.519,2.85,0.427,0.851
0.48,-12.417,-15.785,4.262,0.676,0.0
0.881,-13.642,-18.288,4.359,0.2,-1.263
0.0,-11.935,-17.753,3.887,0.287,-1.206
