-3.199,-8.758,-6.628,-0.959,-0.278,0.428
-1.597,-9.872,-6.254,-0.116,0.0,0.371
-2.322,-9.165,-8.349,0.696,-0.101,-0.133
-1.563,-11.328,-11.447,1.793,1.473,-0.341
-3.076,-7.658,-13.978,1.622,1.922,0.327
-2.288,-5.418,-15.296,0.863,0.943,0.306
-2.455,-5.963,-19.028,-0.394,0.514,0.0
0.0,-9.654,-24.26,-3.022,0.423,-0.555
-0.881,-16.933,-21.428,-4.299,-2.605,-2.106
1.759,-19.435,-8.215,-4.299,-4.354,-1.345
4.139,-19.435,0.26,-1.56,0.0,-0.144
1.416,-14.972,-7.139,2.417,0.877,-0.619
-1.766,-10.353,-17.167,2.661,1.193,-1.038
-5.868,-6.879,-21.166,2.808,0.0,-0.945
-5.568,-3.303,-28.422,0.0,-0.811,0.0
-1.272,-9.592,-20.836,-2.418,1.398,1.27
-3.439,-17.625,-8.032,-4.299,-1.402,-0.189
-1.32,-16.708,-4.029,-0.286,-1.973,0.949
1.073,-11.537,-7.361,1.494,-0.119,0.528
0.824,-12.013,-13.049,3.848,0.1,-1.165
1.572,-15.627,-18.229,4.431,1.807,-1.714
0.643,-14.669,-19.612,4.431,3.457,-1.16
-2.031,-9.495,-14.022,-1.21,0.268,-1.144
-4.95,-7.966,-7.238,-1.385,0.0,0.0
-4.065,-7.43,-8.46,0.0,0.958,0.151
