-1.696,-9.397,-10.055,-0.16,0.243,0.0
-1.354,-10.358,-8.874,0.0,1.136,0.155
-1.582,-10.872,-9.09,0.452,1.195,0.463
-1.515,-9.982,-8.373,0.0,1.304,0.568
-1.841,-9.68,-7.183,0.394,0.435,0.0
-1.566,-10.472,-7.918,1.659,0.0,0.0
-1.482,-9.009,-7.435,0.903,1.495,-0.145
-4.609,-6.549,-5.152,1.432,0.491,-0.264
-1.348,-5.754,-9.287,3.607,1.093,0.973
-1.001,-2.674,-18.289,2.189,2.41,0.686
-2.101,-11.055,-23.268,-1.187,2.507,-0.678
-6.503,-16.291,-22.492,-3.751,0.986,-0.758
-7.317,-19.435,-15.67,-4.299,-1.67,-1.979
-3.559,-19.435,1.791,-4.299,-2.82,-1.754
-4.254,-18.815,1.629,1.882,0.29,1.007
-0.798,-11.901,-13.029,4.431,1.388,0.695
-1.963,-7.685,-22.49,3.115,0.0,-0.475
-3.227,-4.084,-24.094,1.567,-0.7,-0.661
-1.828,-5.663,-24.559,-0.571,0.99,-0.137
-1.077,-11.041,-21.18,-2.723,0.139,-1.125
-7.215,-16.203,-9.75,-3.613,-2.515,-1.277
-6.167,-17.899,-3.967,-0.907,-1.322,0.507
-1.295,-12.691,-6.623,1.57,-0.557,0.781
-0.958,-11.88,-9.703,3.449,0.0,-0.291
-1.063,-9.556,-13.228,3.859,1.455,-0.234
