-3.777,-8.268,-8.27,-0.153,-0.283,0.515
-3.571,-7.215,-6.916,0.0,0.0,0.431
-2.175,-6.263,-8.477,0.702,-0.31,0.232
-1.092,-11.487,-11.451,0.208,0.717,-0.375
-3.151,-10.503,-14.881,0.616,0.183,-0.44
-1.83,-5.283,-17.087,-0.189,0.367,0.528
0.909,-4.385,-19.903,-1.874,0.621,0.622
2.919,-7.981,-20.872,-2.1,0.329,-0.642
-0.581,-14.306,-24.319,-2.135,-0.569,-1.811
-4.763,-19.435,-13.53,-4.299,-0.628,-1.77
-2.533,-19.435,-4.104,-3.099,-1.323,-0.849
-1.089,-12.573,-6.241,2.344,-0.389,0.795
1.813,-9.566,-17.443,4.337,0.85,1.11
1.056,-7.686,-21.163,2.037,1.183,-0.645
-2.751,-2.129,-29.744,0.876,-0.143,-0.358
0.901,-5.883,-24.362,-2.494,-0.205,0.0
-1.916,-15.989,-18.241,-4.299,-1.824,-1.451
-3.33,-15.895,-4.807,-1.161,-1.207,0.936
1.039,-10.705,-8.624,1.382,0.175,0.396
1.123,-11.874,-12.739,4.431,0.632,-0.769
1.795,-17.823,-18.38,4.431,2.881,-0.292
0.474,-14.236,-20.636,4.159,3.116,0.988
-1.142,-9.6,-16.123,-1.993,0.635,0.164
-3.46,-7.531,-11.905,-4.029,-2.825,-0.375
-3.548,-7.72,-8.825,-1.685,-2.315,0.214
