-1.744,-10.183,-7.728,0.17,0.681,0.462
-1.288,-9.166,-8.916,0.905,0.882,0.321
-2.223,-8.468,-8.578,0.47,0.486,0.0
-3.08,-9.436,-9.081,0.689,0.755,0.0
-3.656,-9.49,-7.894,0.168,0.675,0.365
-3.382,-9.621,-5.835,-0.56,0.56,0.541
-3.085,-8.606,-5.176,0.499,0.586,0.157
-3.312,-6.107,-8.643,0.965,0.884,0.329
-3.577,-6.475,-10.077,-0.427,3.455,1.461
-0.148,-6.875,-14.479,1.482,1.473,1.197
1.202,-2.353,-19.682,0.119,0.0,-0.371
-0.505,-6.362,-25.519,-0.987,-0.37,-1.948
-4.12,-16.133,-25.227,-3.987,-1.386,-1.861
-7.032,-19.435,-8.685,-4.299,-2.354,-0.944
-6.604,-19.435,-1.787,-0.403,0.103,1.798
-3.154,-13.468,-4.404,1.488,-0.686,0.857
-1.816,-9.472,-14.882,3.083,0.105,0.0
-3.649,-4.974,-23.433,1.869,0.0,-0.47
-1.735,-1.222,-29.022,0.446,0.396,1.001
2.253,-5.303,-22.473,-2.073,0.97,-0.722
-7.766,-15.891,-13.092,-3.804,-0.768,-3.271
-10.428,-16.084,-7.06,-1.844,-0.93,-0.649
-6.923,-14.167,-3.561,0.924,0.769,1.675
-3.31,-13.1,-11.588,4.431,1.636,2.289
-1.693,-12.681,-14.856,4.099,1.086,1.571
