-2.616,-9.129,-9.331,0.247,0.674,0.0
-2.922,-9.325,-9.096,0.373,0.67,0.233
-2.886,-9.438,-9.011,0.326,0.925,0.388
-3.498,-9.597,-8.256,0.103,0.717,0.499
-3.25,-9.727,-7.915,-0.36,0.506,0.589
-3.904,-9.421,-7.306,-0.316,0.62,0.526
-4.227,-7.409,-9.447,0.393,0.573,0.775
-3.346,-6.808,-11.841,-0.135,1.277,0.528
-1.764,-8.961,-13.38,0.661,0.197,-0.306
-1.375,-5.335,-17.419,0.718,0.239,0.0
-1.695,-1.78,-20.787,-0.945,0.781,-0.649
-0.846,-2.801,-23.756,-1.987,-0.508,-1.013
0.667,-9.869,-23.768,-3.029,-1.11,-1.54
-3.033,-19.435,-13.631,-4.299,-1.769,-2.948
-2.106,-19.435,-6.489,-1.675,-1.638,-0.344
1.46,-16.326,-9.348,3.412,-0.51,1.711
3.282,-8.206,-18.908,3.202,1.613,0.721
-0.128,-3.769,-23.418,2.379,1.311,-0.697
-4.33,-1.467,-25.164,0.0,0.44,-0.644
-0.964,-2.472,-23.249,-2.07,0.0,-0.171
-1.902,-9.982,-20.526,-2.7,-0.123,-1.046
-4.353,-17.013,-12.592,-2.087,-0.932,-0.78
-3.327,-17.355,-8.379,-1.011,-1.105,0.0
-0.807,-12.592,-11.675,2.9,-0.523,0.69
0.191,-10.751,-16.145,4.431,0.542,0.471
