-1.814,-10.474,-8.315,0.192,0.136,0.216
-1.183,-10.067,-8.791,0.495,0.96,0.242
-1.16,-8.025,-9.215,0.181,0.0,-0.124
-1.275,-9.408,-8.601,0.224,0.228,-0.453
-2.357,-10.051,-8.681,0.291,0.995,-0.147
-1.749,-9.525,-8.221,0.0,1.162,0.415
-1.8,-8.411,-7.462,-0.282,0.995,0.224
-3.147,-5.442,-7.221,0.0,0.678,0.0
-1.185,-5.393,-8.937,0.813,0.185,0.0
1.885,-11.106,-14.467,0.633,1.633,-0.617
-1.579,-7.203,-21.315,0.0,0.597,-0.376
-2.508,-8.506,-24.165,-1.157,-0.95,-0.539
0.2,-14.847,-21.817,-3.039,-0.8,0.123
-3.376,-19.435,-9.216,-4.299,-1.114,-0.248
-1.547,-17.136,-2.724,-1.646,-0.379,0.497
-0.269,-9.954,-7.238,1.543,0.461,0.359
0.428,-7.686,-15.513,2.533,1.042,-0.112
-0.15,-7.765,-20.569,1.87,1.849,0.0
0.48,-4.841,-25.754,-0.184,0.755,0.0
1.474,-7.504,-20.763,-1.601,-0.984,-1.367
-2.15,-12.077,-14.755,-2.465,-2.423,-2.316
-4.375,-14.889,-8.606,0.0,-1.555,-0.119
-0.767,-12.951,-11.766,1.961,0.377,2.436
2.609,-11.293,-14.953,2.8,0.741,1.906
1.06,-8.603,-15.606,2.99,1.241,0.866
