-2.841,-9.671,-8.291,0.389,1.01,0.0
-1.969,-9.47,-8.475,0.358,0.68,0.0
-1.695,-9.162,-7.944,0.277,0.686,0.0
-1.859,-8.666,-8.224,0.453,0.449,0.0
-1.946,-8.055,-8.371,0.336,0.23,-0.231
-2.224,-9.636,-6.559,0.21,-0.899,-0.481
0.205,-12.906,-11.001,2.769,1.195,0.504
-0.245,-6.142,-13.322,0.845,2.152,0.232
0.0,-6.387,-14.458,1.961,1.347,-0.11
-0.298,-8.379,-20.968,-0.758,1.695,-0.753
-0.824,-15.479,-21.883,-3.674,-0.498,-0.771
-2.671,-19.435,-15.261,-4.299,-2.793,-1.408
-0.974,-19.435,-4.223,-4.299,-1.775,1.125
-0.458,-19.068,2.001,-0.788,-1.208,0.0
1.276,-11.695,-10.545,3.081,0.464,-0.323
1.475,-7.084,-22.891,2.88,1.186,-1.648
-6.725,-2.612,-30.049,0.993,-0.59,-1.589
-2.813,-6.585,-23.322,-2.523,-0.434,-0.376
-3.227,-12.53,-16.095,-2.483,-0.277,0.0
-3.142,-14.091,-12.095,-0.651,-0.423,0.729
-0.772,-10.95,-11.893,0.743,-1.878,0.789
1.072,-9.158,-11.298,1.149,-2.347,0.0
0.91,-9.389,-11.103,2.09,-1.031,-1.178
0.104,-11.61,-12.941,3.384,0.567,-1.77
-1.91,-10.251,-14.682,1.989,1.822,-1.648
