-3.051,-9.25,-7.198,-0.426,0.0,0.706
-1.988,-8.413,-6.178,-0.375,0.289,0.555
-1.582,-7.533,-7.115,0.594,0.117,0.0
-1.536,-8.132,-8.561,0.742,-0.486,-0.976
-0.897,-8.547,-8.539,0.297,0.55,-0.785
-2.587,-8.626,-10.77,1.796,1.904,-0.364
-2.068,-7.275,-18.188,0.571,2.725,0.338
-1.438,-7.361,-24.267,-1.064,2.881,1.253
2.436,-10.257,-22.491,-3.271,0.848,-0.765
-1.55,-19.435,-18.055,-4.026,-1.619,-4.019
-7.584,-19.435,-3.39,-2.662,-1.87,-0.688
-2.337,-18.691,-2.116,-0.142,-0.655,1.118
0.526,-9.435,-11.283,2.558,-0.234,0.366
0.0,-6.053,-20.366,2.424,0.655,-0.579
-1.58,-1.57,-28.056,1.2,2.082,1.27
3.881,-4.646,-23.202,-1.391,1.166,0.223
1.645,-11.889,-21.137,-2.732,1.454,-1.891
-8.38,-16.192,-8.743,-2.046,-2.151,-2.891
-5.01,-14.499,-7.242,0.0,0.117,0.658
-2.211,-11.778,-12.302,2.512,1.041,1.313
0.0,-12.752,-17.17,4.407,2.91,3.318
4.009,-12.481,-20.715,3.018,2.155,2.729
2.296,-8.466,-17.572,0.134,1.304,1.067
-0.773,-7.172,-13.975,-1.855,0.926,0.271
-2.34,-5.992,-10.1,-2.102,0.465,0.0
