-1.559,-8.469,-8.206,0.11,0.742,-0.114
-2.025,-10.113,-7.583,0.0,0.532,-0.276
-2.732,-10.288,-7.722,0.651,-0.11,-0.176
-1.347,-9.306,-7.719,0.292,0.699,0.425
-1.816,-7.84,-6.861,0.527,1.137,0.584
-2.109,-6.343,-8.033,0.524,0.923,0.16
-2.195,-7.286,-8.397,-0.179,0.0,0.448
-1.814,-9.436,-13.189,0.418,0.513,-0.178
-2.85,-4.981,-16.052,-0.208,0.736,-0.706
-5.983,-5.19,-21.029,-0.236,0.487,-0.359
-4.688,-12.143,-25.427,-0.502,-1.359,0.204
-3.285,-19.435,-17.061,-4.299,-0.522,0.417
-1.664,-19.435,2.759,-3.325,-0.633,0.358
0.107,-15.909,-0.335,0.707,0.116,0.704
0.787,-9.578,-13.377,3.02,0.941,-0.204
-5.417,-5.963,-24.262,2.502,0.373,-1.454
-3.552,-0.107,-30.049,0.63,1.258,1.345
2.014,-9.42,-25.518,-2.403,1.504,-0.784
-7.694,-19.435,-3.738,-3.315,-0.86,-2.319
-4.269,-13.719,-10.113,0.187,-1.439,0.116
-1.088,-11.047,-10.308,1.566,-1.431,-0.191
-0.473,-11.337,-12.459,3.679,-0.469,-0.805
-1.81,-10.29,-14.344,4.29,-0.796,-0.705
-1.228,-6.058,-13.921,1.241,0.445,0.282
-1.799,-7.188,-9.852,-1.58,0.536,0.279
