-1.841,-9.934,-8.724,-0.115,0.292,0.254
-1.179,-9.806,-8.855,0.292,1.034,0.293
-1.226,-8.577,-8.489,0.289,0.848,0.227
-1.421,-8.936,-8.683,0.54,0.559,-0.322
-2.331,-9.707,-8.552,0.271,0.854,-0.251
-2.68,-9.988,-6.921,0.107,1.145,0.332
-4.884,-8.431,-6.205,1.158,0.566,1.13
-2.508,-9.403,-7.859,1.505,1.526,0.694
-4.61,-9.008,-11.635,0.194,0.753,0.685
-0.925,-7.585,-14.925,-0.348,0.638,1.063
-0.972,-2.4,-18.045,-0.265,0.0,-0.104
-1.491,-3.83,-24.496,-1.303,0.311,0.0
-1.338,-12.213,-30.049,-4.22,1.242,-0.372
-8.522,-19.435,-15.645,-4.299,-1.161,-0.94
-9.018,-19.435,2.028,-3.126,-1.11,-0.173
-3.021,-16.796,-3.057,2.275,-0.147,0.649
-2.654,-11.873,-16.102,4.431,0.162,-0.421
-3.415,-8.271,-23.878,3.232,1.576,0.223
0.221,-3.051,-25.776,1.554,1.815,1.167
2.044,0.331,-25.042,-0.758,0.227,-0.609
0.673,-5.67,-24.025,-2.66,0.409,-2.04
-6.245,-15.394,-18.764,-3.919,-0.747,-3.403
-5.978,-15.737,-13.243,-1.502,-0.603,-0.125
-2.505,-12.287,-10.31,-0.822,-1.635,-0.615
-1.124,-9.836,-10.638,2.118,-0.21,0.237
