-2.024,-9.805,-8.222,-0.102,-0.168,0.233
-0.428,-10.029,-8.448,0.401,0.889,0.757
-1.426,-8.684,-8.09,0.531,1.037,0.0
-2.376,-9.472,-8.832,0.755,1.224,0.0
-3.173,-9.538,-8.063,0.465,1.362,0.41
-2.667,-8.912,-7.738,0.266,0.713,0.276
-3.178,-8.099,-8.099,0.178,0.586,0.0
-2.794,-8.424,-9.701,-1.067,0.988,0.0
-1.725,-6.532,-9.87,0.407,0.0,-0.223
0.203,-4.782,-15.469,1.104,1.549,0.0
-0.776,-5.01,-21.81,-0.806,2.154,0.202
2.453,-7.185,-23.823,-2.262,1.82,-0.128
2.219,-10.565,-24.015,-2.51,0.338,-1.688
-4.824,-18.63,-18.04,-4.299,-2.148,-3.087
-9.548,-19.435,-7.011,-2.222,-0.667,-0.436
-3.059,-16.66,-9.885,1.031,-0.896,1.333
0.544,-9.992,-19.317,3.756,-0.275,1.748
2.05,-4.093,-21.348,2.47,0.843,1.15
2.29,0.327,-25.219,1.714,0.14,0.335
4.452,1.645,-25.196,-1.748,0.461,0.0
3.432,-7.575,-22.327,-2.398,0.299,-2.203
-6.05,-11.646,-17.162,-2.256,0.798,-1.011
-5.817,-16.46,-13.682,-2.061,-0.92,-1.621
-5.066,-14.049,-12.185,0.881,-0.972,0.0
-2.282,-10.133,-16.169,2.897,0.275,1.861
