-2.789,-9.123,-8.182,0.0,0.345,0.281
-2.059,-9.78,-9.681,1.002,1.244,0.523
-3.737,-8.083,-9.459,0.23,1.242,0.176
-3.784,-9.258,-8.197,0.114,0.373,0.0
-3.415,-9.416,-6.731,-0.165,1.152,0.404
-3.31,-7.097,-7.472,1.742,0.896,0.372
-2.94,-6.007,-10.684,1.883,-0.132,-0.139
-2.345,-7.866,-11.135,0.546,-0.257,-0.373
-2.048,-10.31,-10.9,0.803,0.12,0.292
0.0,-7.8,-16.654,1.057,1.449,0.741
-2.2,-9.714,-22.753,-1.999,1.09,-0.653
-0.585,-16.791,-21.497,-4.275,-1.911,-1.675
0.314,-19.435,-12.695,-4.299,-3.506,-1.9
-0.224,-19.435,-0.361,-2.811,-1.677,-0.638
-0.158,-14.754,-7.346,2.136,0.272,0.572
0.897,-8.278,-16.277,2.536,0.98,0.0
-1.872,-3.556,-23.369,1.966,1.302,-0.406
2.175,0.771,-30.049,-1.322,0.873,0.246
-0.507,-12.493,-19.575,-2.847,0.0,-1.841
-4.74,-18.445,-7.042,-2.457,-1.543,-1.278
-3.097,-13.575,-6.822,0.789,-0.858,-0.143
-0.208,-10.49,-15.411,2.697,0.0,0.584
1.859,-10.769,-20.437,3.222,1.494,0.932
2.185,-9.051,-19.089,2.869,2.099,1.154
-0.23,-7.705,-14.587,3.184,0.192,0.267
