-1.379,-8.897,-8.002,0.127,0.0,0.0
-0.923,-9.331,-8.037,0.705,0.671,0.353
-1.763,-9.126,-7.353,0.853,0.356,0.404
-1.322,-8.577,-7.483,0.567,0.0,0.373
-0.621,-8.452,-5.825,-0.268,0.658,0.272
-2.266,-9.004,-4.757,0.603,0.907,-0.583
-2.951,-9.425,-5.285,0.892,1.586,-0.206
-3.208,-9.192,-7.632,0.875,1.556,0.302
-0.827,-7.813,-13.254,0.94,2.33,0.578
-1.231,-4.051,-16.158,-1.392,1.738,0.0
-1.943,-3.121,-25.027,-1.132,0.264,-0.566
-0.93,-9.419,-30.049,-3.198,0.868,0.424
-3.358,-19.435,-21.47,-4.299,-1.148,-1.478
-2.588,-19.435,-7.288,-3.804,-1.146,-1.481
-5.509,-19.435,4.213,-0.161,-1.338,-1.403
-3.3,-16.787,-14.678,4.431,0.839,0.644
-2.254,-9.326,-22.967,2.92,1.141,1.218
-0.451,-2.76,-21.847,1.306,1.376,1.691
3.34,0.999,-24.009,0.189,0.683,0.649
2.004,-0.817,-23.523,-1.769,0.561,-0.963
1.682,-8.71,-26.264,-2.698,0.422,-2.257
-10.091,-19.435,-12.558,-2.488,-1.118,-2.362
-6.444,-16.753,-7.2,-1.393,-0.545,0.0
-2.083,-12.588,-8.256,2.265,-0.21,0.0
-0.549,-15.636,-15.786,4.431,0.376,-0.22
