-1.653,-9.701,-10.224,0.0,0.1,0.0
-1.205,-10.48,-8.402,-0.213,0.359,0.39
-1.45,-10.212,-7.928,0.424,1.514,0.574
-0.31,-9.699,-8.128,0.52,0.909,0.423
-1.536,-9.062,-7.833,0.531,0.952,-0.276
-2.346,-9.895,-6.895,0.333,1.23,0.0
-2.689,-9.271,-7.218,1.214,2.352,0.465
-1.263,-7.589,-8.264,1.889,0.892,0.269
-1.531,-5.061,-11.159,2.522,0.965,-0.573
-2.68,-7.294,-17.458,1.519,0.48,-0.38
-2.582,-9.453,-19.786,-1.396,0.347,0.0
0.0,-12.256,-20.595,-2.914,0.0,0.0
-3.09,-19.435,-13.712,-3.605,-1.471,-1.617
-5.358,-19.435,-7.089,-4.299,-2.184,0.354
-2.899,-19.435,3.008,-1.289,-1.383,1.361
0.893,-11.597,-6.91,3.269,0.329,1.409
1.329,-9.013,-14.063,3.038,0.0,-0.554
-3.822,-9.304,-22.23,3.102,0.0,-1.804
-5.495,-7.544,-25.34,0.615,0.543,-0.426
-2.084,-9.253,-21.532,-1.899,0.213,-0.318
-6.649,-14.075,-12.387,-3.467,-1.255,-0.71
-5.862,-12.928,-11.005,-1.568,0.0,0.679
-3.042,-12.275,-6.233,-0.932,-0.67,0.944
-1.264,-10.333,-7.857,0.991,-0.611,0.382
-1.179,-10.331,-10.532,2.652,-0.111,-0.272
