-1.65,-9.59,-7.034,-0.48,0.747,0.0
-2.362,-9.741,-5.456,-0.646,0.724,0.382
-2.605,-7.252,-6.178,1.924,-0.54,0.0
-0.285,-7.703,-10.588,1.256,-0.432,-0.419
-0.619,-11.833,-9.011,-0.333,1.048,-0.25
-1.808,-9.436,-9.976,0.269,1.725,0.242
-2.468,-5.941,-14.033,0.522,0.668,-0.205
-3.323,-5.423,-18.732,-0.184,0.895,0.0
-3.26,-9.542,-23.727,-1.183,1.329,0.743
1.81,-17.092,-24.13,-3.828,1.28,-0.168
-4.274,-19.435,-4.977,-4.299,-2.824,-2.193
-4.428,-19.435,2.753,-0.537,-0.488,0.0
-3.851,-12.55,-9.308,2.363,-0.194,-0.254
-3.786,-9.253,-14.907,2.628,0.0,-0.279
-1.659,-6.806,-18.243,1.88,0.508,-0.116
-1.231,-4.843,-23.381,0.86,0.87,0.0
-1.129,-6.741,-23.726,-1.644,-0.7,-0.623
-1.023,-10.217,-18.32,-3.298,-0.144,-0.881
-3.847,-13.884,-9.976,-1.875,-1.567,-1.204
-3.566,-13.584,-9.956,-0.398,-0.417,0.618
0.0,-12.672,-9.201,0.96,-0.551,0.689
1.305,-13.124,-12.499,3.68,0.462,0.262
0.757,-10.924,-15.479,3.686,1.47,0.0
0.28,-8.655,-14.122,1.912,2.525,0.284
-1.266,-6.834,-12.663,0.942,1.383,-0.365
