-1.36,-9.589,-8.801,0.455,0.208,0.0
-1.638,-8.244,-9.502,0.419,0.458,0.0
-2.338,-9.293,-9.645,0.0,0.819,0.13
-2.962,-9.991,-8.428,0.0,0.972,0.331
-3.612,-9.68,-7.49,0.0,0.236,0.313
-3.278,-8.439,-7.47,0.297,0.276,0.432
-2.496,-5.554,-7.419,0.387,0.336,0.549
-0.749,-3.177,-9.675,1.216,0.436,0.508
-0.124,-4.758,-12.41,0.481,0.639,0.0
-3.983,-14.354,-23.864,3.394,0.92,-0.283
-3.713,-14.653,-21.716,-3.2,0.805,-0.425
-4.948,-18.154,-12.548,-4.093,-1.178,-1.053
-9.347,-18.813,-6.263,-4.299,-0.433,0.185
-2.391,-15.464,0.494,-1.336,-0.328,0.0
-0.434,-8.927,-10.046,3.341,0.464,0.236
-3.948,-8.133,-20.38,3.164,1.078,-0.499
-5.399,-4.674,-30.049,0.0,0.459,0.257
0.343,-4.859,-21.974,-2.002,-0.132,0.0
-0.924,-10.722,-18.577,-3.116,-0.635,-1.633
-3.181,-19.435,-5.377,-3.808,-3.83,-2.639
-0.576,-15.985,-6.167,2.097,0.42,0.623
1.085,-12.756,-13.648,4.431,1.651,0.244
2.112,-15.766,-18.549,4.431,2.706,-0.838
-2.948,-9.003,-19.584,3.729,1.469,-1.015
-3.038,-7.789,-12.949,-1.875,-1.748,0.919
