-2.102,-8.827,-7.49,-1.013,0.488,-0.254
-2.766,-11.358,-5.553,0.161,0.507,0.0
-2.819,-9.505,-7.368,1.359,1.417,0.441
-2.96,-6.475,-8.475,0.905,0.381,0.249
-1.547,-6.864,-9.542,0.68,-0.424,0.0
-1.162,-7.646,-9.788,0.174,-0.239,-0.128
-1.572,-7.98,-13.553,1.14,1.684,0.113
-3.044,-8.789,-19.607,0.888,2.397,0.583
-0.142,-9.834,-23.834,-1.801,2.597,0.879
-0.39,-16.246,-19.988,-3.7,-0.715,-2.201
-6.404,-19.435,-10.638,-4.299,-4.354,-2.406
2.363,-19.435,9.176,-2.789,0.374,0.399
0.28,-13.3,-8.522,4.008,0.498,-0.229
-1.928,-10.828,-20.246,3.892,1.562,-0.778
-4.062,-6.033,-26.597,1.979,1.191,0.291
0.0,-4.53,-23.068,-0.94,0.389,0.564
0.838,-6.018,-20.053,-1.955,-0.489,-0.901
-2.544,-13.553,-19.601,-2.824,-1.568,-2.288
-5.01,-15.229,-9.76,-1.548,-2.892,-0.158
0.549,-11.91,-7.849,0.207,0.233,1.659
-0.827,-8.757,-9.05,1.588,-0.211,0.723
-0.146,-8.83,-12.488,2.563,-0.526,-0.776
-0.352,-10.996,-11.827,2.321,1.34,-0.208
-1.598,-8.874,-13.162,1.85,0.972,-0.768
-2.847,-8.242,-10.742,0.0,-0.804,-0.718
