-0.827,-10.933,-6.537,-0.416,-0.547,0.0
-0.665,-10.576,-6.734,1.085,0.176,0.0
-0.755,-8.433,-7.906,1.364,0.794,0.0
-1.952,-5.747,-8.689,1.268,1.357,0.166
-1.574,-7.811,-7.713,0.377,-0.699,0.0
-1.134,-9.456,-10.096,1.276,1.298,-0.588
-3.006,-7.075,-14.82,1.347,1.792,-0.285
-4.564,-5.915,-18.304,0.444,1.679,-0.319
-4.46,-8.848,-20.991,-0.271,0.331,-0.637
-3.914,-17.657,-20.14,-4.094,-1.318,-0.291
-3.647,-19.435,-7.066,-4.299,-0.205,0.348
-1.226,-19.435,1.941,-1.603,-1.603,0.499
1.44,-12.395,-3.992,1.589,0.472,0.76
0.0,-8.19,-14.127,2.038,0.175,-1.275
-9.262,-6.178,-28.985,3.71,-0.998,-1.215
-3.704,-7.661,-23.685,-2.724,0.179,0.542
-2.173,-17.631,-5.856,-4.299,-1.371,-0.86
-1.593,-16.4,-1.404,1.713,0.782,1.165
-0.247,-11.461,-13.347,2.577,0.415,-0.375
-2.526,-10.766,-18.094,1.744,-1.533,-1.536
-2.327,-10.215,-17.688,0.913,-1.251,-1.213
-1.989,-9.895,-14.666,1.983,-0.187,-0.764
-1.744,-6.775,-13.193,0.905,0.844,0.248
-1.973,-6.948,-9.286,-1.209,1.537,0.939
-1.491,-9.204,-5.127,-1.509,-0.97,0.304
