-1.786,-9.435,-8.773,0.174,0.51,0.271
-0.293,-10.842,-8.694,0.428,0.927,0.698
-1.231,-10.486,-6.276,-0.826,0.867,-0.148
-1.852,-10.06,-6.383,1.107,0.359,-0.683
-1.562,-10.161,-8.892,2.503,1.022,-0.333
-3.206,-6.695,-8.369,1.154,0.45,-0.224
-3.304,-7.097,-7.021,2.41,0.0,0.926
-0.598,-6.032,-10.924,2.855,1.017,0.844
-2.805,-6.733,-14.625,0.498,1.946,0.0
-2.789,-7.874,-22.942,-1.642,1.747,-0.438
-1.673,-18.35,-23.338,-4.299,-2.693,-0.996
-1.98,-19.435,-15.394,-4.299,0.118,0.187
-4.811,-19.435,-7.886,-4.111,-0.637,-0.183
-4.594,-19.435,4.338,-2.074,-0.886,-0.349
-1.302,-12.63,-6.043,3.134,1.193,0.601
-3.497,-8.754,-21.993,3.559,0.407,-0.433
-6.658,-3.947,-26.772,0.106,1.023,0.531
-1.305,-1.33,-22.937,-0.938,-0.401,0.752
2.758,-2.772,-23.869,-2.326,0.14,-0.159
0.877,-10.346,-20.089,-3.606,-0.122,-2.144
-8.484,-16.876,-8.159,-0.639,-1.894,-1.625
-2.043,-13.897,-11.886,1.758,0.0,0.527
-1.281,-11.087,-14.054,3.999,-0.865,-0.8
-1.541,-9.938,-15.094,4.081,-0.67,-1.011
-1.665,-7.442,-13.659,2.056,0.101,-0.415
