-2.545,-9.62,-8.567,-0.688,0.948,0.218
-1.554,-9.928,-7.861,-0.528,-0.632,-0.227
-1.743,-8.662,-9.456,0.0,-0.469,-0.11
-1.499,-8.838,-8.833,0.0,0.879,0.145
-1.067,-8.844,-9.647,0.166,1.079,0.0
-1.689,-10.829,-8.397,0.255,0.911,-0.276
0.452,-10.17,-11.736,1.687,1.897,0.261
-1.362,-7.283,-15.326,1.434,3.025,0.808
-2.022,-6.075,-16.818,1.284,3.288,0.773
0.253,-5.418,-21.375,0.786,2.48,0.773
0.914,-11.207,-22.828,-1.521,0.0,-1.217
-1.991,-17.311,-22.384,-4.299,-2.73,-2.594
-4.284,-19.435,-6.782,-4.299,-2.966,-1.919
-1.274,-19.435,1.1,-0.187,-0.837,0.275
-0.375,-12.061,-12.823,3.307,0.234,0.287
-0.707,-7.883,-21.02,3.339,0.732,-0.308
-2.465,-2.664,-27.335,1.885,-0.121,-0.277
-0.275,-0.416,-25.319,-1.417,0.0,0.0
-0.11,-7.425,-22.865,-2.459,0.302,-0.951
-5.505,-17.165,-14.779,-3.587,-0.885,-1.38
-3.185,-16.295,-5.697,-0.652,-0.187,0.329
-1.041,-14.116,-11.141,3.623,-0.404,0.0
-0.12,-12.909,-17.809,4.431,0.0,0.0
-1.405,-9.023,-18.555,3.49,-0.2,0.186
-1.29,-6.762,-15.16,0.825,-0.116,0.191
