-1.66,-9.225,-6.266,-0.259,0.15,0.272
-2.104,-6.756,-7.247,0.493,0.189,0.0
-1.094,-8.772,-7.426,0.533,0.0,-0.147
-0.903,-11.227,-9.562,0.737,1.113,-0.225
-1.529,-9.38,-12.302,1.882,2.162,0.424
-1.545,-7.84,-15.886,1.501,2.021,-0.123
-1.943,-6.567,-20.703,-0.136,1.392,0.212
-0.47,-13.647,-24.952,-2.539,0.547,-0.684
-1.828,-18.779,-16.058,-4.299,-3.138,-1.555
-3.364,-18.727,-5.604,-3.684,-1.375,0.104
-2.811,-17.07,-0.666,-1.117,-0.666,0.72
-1.165,-11.57,-5.041,1.59,0.216,0.479
-0.315,-9.31,-12.695,2.423,0.324,-0.589
-1.699,-8.509,-19.393,1.714,0.49,-1.488
-5.496,-6.068,-23.609,0.452,0.424,-0.46
-1.227,-5.029,-22.251,-1.057,0.152,0.506
0.488,-7.445,-19.709,-1.631,0.222,-0.389
-4.373,-13.288,-13.054,-2.074,-0.56,-1.029
-3.728,-12.767,-9.967,-0.758,-0.231,0.355
-1.651,-10.75,-9.672,0.819,-0.715,0.245
-0.563,-11.405,-11.925,2.911,-0.807,-0.276
0.428,-12.05,-13.726,3.646,-0.219,-0.229
0.0,-9.984,-14.342,2.589,0.929,-0.255
-1.116,-7.733,-12.503,0.707,1.208,-0.217
-2.237,-7.44,-10.503,-0.291,0.453,-0.58
