-1.494,-9.124,-9.228,0.308,1.016,0.1
-2.459,-9.087,-8.947,0.246,0.76,0.0
-2.999,-8.966,-8.562,0.0,0.489,0.0
-2.82,-9.413,-7.866,-0.278,0.0,0.0
-2.389,-9.294,-7.468,-0.188,0.433,0.19
-2.169,-7.805,-8.042,-0.181,0.0,0.0
-1.865,-7.68,-8.414,0.0,0.0,0.0
-0.688,-8.543,-11.937,1.3,1.375,0.0
0.273,-7.005,-16.979,1.244,3.685,0.65
-1.329,-7.92,-26.576,0.973,1.916,0.406
3.904,-12.221,-23.087,-3.303,-0.891,-0.751
2.661,-16.455,-18.673,-3.585,-0.458,-1.819
-5.401,-19.435,-8.336,-4.152,-2.121,-2.575
-4.07,-18.048,-3.299,-1.942,-1.348,0.138
-1.116,-11.87,-7.028,2.929,0.361,0.945
2.647,-8.722,-18.476,3.026,1.726,0.989
2.502,-7.057,-22.382,2.103,2.783,1.641
5.809,-4.306,-25.45,0.276,0.92,0.345
3.843,-7.211,-21.933,-1.745,-0.809,-2.322
-4.489,-16.188,-16.119,-3.556,-3.372,-4.314
-4.864,-16.282,-9.15,-1.731,-2.878,0.0
-1.136,-12.447,-5.965,0.521,-0.519,1.074
0.837,-9.906,-12.916,3.504,0.0,0.313
1.864,-14.553,-15.862,4.431,1.271,-0.145
-0.579,-15.616,-20.543,4.431,0.52,-0.619
