-0.531,-9.675,-8.698,0.0,1.324,0.258
-2.429,-8.168,-9.394,0.789,0.974,-0.196
-2.407,-9.422,-9.73,0.448,0.288,-0.379
-3.194,-9.409,-8.979,0.391,0.392,0.0
-1.881,-8.625,-8.562,-0.494,-0.389,0.311
-1.18,-8.974,-6.094,-1.394,-0.6,0.237
-1.142,-8.796,-4.871,-0.56,0.489,0.0
-1.682,-8.117,-7.249,0.745,0.773,0.202
-0.791,-9.512,-10.674,0.58,1.573,0.476
-0.411,-6.86,-17.957,0.542,1.618,0.416
-1.766,-5.765,-24.085,0.135,0.588,-0.28
0.237,-8.231,-25.273,-1.896,-0.804,-0.408
-0.903,-12.641,-19.707,-3.026,0.321,-0.206
-2.285,-19.026,-14.133,-3.65,0.51,-1.528
-2.351,-9.198,-10.384,0.0,0.0,0.0
-2.58,-9.243,-10.319,0.0,-0.113,0.0
-2.389,-9.269,-10.333,0.0,-0.164,0.0
-2.225,-9.258,-10.273,0.0,-0.174,0.0
-2.235,-9.283,-10.116,0.0,0.0,0.0
-2.339,-9.29,-10.155,0.0,0.0,0.0
-2.329,-9.346,-10.146,0.0,0.0,0.0
-2.483,-9.268,-10.2,0.0,0.0,0.0
-2.033,-9.298,-10.143,0.0,-0.111,0.0
-2.312,-9.304,-10.138,0.0,0.0,0.0
-2.054,-9.404,-10.098,0.0,0.0,0.0
