-3.32,3.831,-8.353,1.554,-0.8,1.477,18.907,-2.351,6.164,1.635,0.448,-2.266
-3.565,3.977,-5.673,0.74,-0.552,1.073,8.034,0.0,4.78,2.434,1.025,-3.761
-2.799,5.064,-4.967,-0.255,0.0,0.123,3.405,2.001,1.712,1.947,1.324,-3.546
-4.319,5.108,-3.971,-0.447,0.516,-0.536,2.846,2.645,1.378,0.94,0.686,-2.514
-6.532,3.339,-0.577,-0.329,0.0,-0.347,3.964,4.102,2.31,0.141,0.291,-1.489
-5.247,3.475,-0.732,0.0,-0.575,0.0,5.567,5.613,6.027,-0.381,-0.184,-0.887
-6.079,4.081,-2.591,0.111,0.465,-0.797,8.377,8.749,7.975,-0.231,-0.196,-0.503
-6.005,5.121,-4.333,0.0,0.0,-0.424,7.018,10.613,10.307,0.0,0.0,-0.3
-8.193,9.921,-8.743,0.381,1.374,-0.185,10.802,14.131,11.184,0.247,2.135,-0.261
-15.032,13.724,-8.628,0.0,2.086,1.768,1.179,16.995,13.805,1.233,2.235,-1.236
-8.728,15.427,-4.754,0.584,1.039,4.357,-2.692,17.639,8.964,1.162,0.219,-0.504
-5.488,11.612,-1.675,0.776,0.609,0.148,-1.658,10.335,4.829,-0.242,0.0,2.163
0.0,-9.851,0.303,-1.7,-4.355,-0.366,4.041,-2.58,2.363,-1.831,-1.142,3.539
-18.148,-2.49,2.59,-0.594,-0.718,-4.373,12.535,-6.082,1.157,-1.572,0.0,1.62
0.274,-0.277,-6.675,0.796,-4.355,4.357,6.106,-1.344,5.593,-0.562,1.521,-1.161
0.766,0.442,-4.213,-1.541,2.733,-0.776,-1.494,4.125,6.993,-0.739,-0.178,-0.557
-4.066,-4.55,-7.158,-2.238,1.46,0.68,-2.158,6.495,3.418,-2.396,-2.09,2.237
0.406,-3.66,-6.982,-3.216,-0.647,1.033,-0.938,-0.845,1.626,-3.704,-3.184,4.378
2.837,-1.35,-6.31,-3.676,1.599,-1.783,15.625,-9.846,0.442,-3.039,-3.545,4.378
-10.67,-10.882,-3.006,-3.389,4.375,-4.373,18.907,-8.131,11.749,-0.546,-1.614,-1.225
-15.929,-14.667,-1.903,-0.778,0.0,-4.373,-0.506,-0.925,2.374,-0.112,-0.673,-0.626
-8.652,-14.426,-1.069,-0.451,0.937,-2.965,-0.401,-0.272,0.913,-0.172,0.42,0.305
-3.893,-13.003,-8.84,-0.161,1.731,-3.565,0.459,0.33,-0.677,-0.188,0.691,0.532
-7.329,-11.758,-7.576,-1.697,2.095,-3.041,-0.476,0.532,-1.435,-0.125,0.492,0.374
-5.697,-10.979,-7.005,-0.724,-0.149,0.256,-0.253,0.201,-0.608,0.0,0.104,0.105
