-3.425,-9.706,-9.59,0.502,0.437,0.53,0.0,0.266,-0.652,0.0,0.0,0.0
-1.512,-8.872,-11.004,0.337,-0.715,-0.192,0.0,0.271,-0.619,0.0,0.0,0.0
-2.43,-9.233,-9.881,0.13,1.239,-0.227,0.0,0.21,-0.54,0.0,0.0,0.0
-2.884,-9.339,-9.987,0.211,1.09,-0.249,0.0,0.225,-0.583,0.0,0.0,0.0
-3.37,-9.371,-9.474,0.0,0.579,0.0,0.117,0.189,-0.474,0.0,0.0,0.0
-2.576,-9.261,-9.627,0.0,-0.31,0.0,0.131,0.193,-0.39,0.0,0.0,0.0
-2.062,-9.361,-9.736,0.0,-0.408,0.0,-0.112,0.201,-0.422,0.119,0.165,0.0
-2.524,-9.443,-9.297,0.124,-0.41,-0.138,0.0,0.165,-0.224,0.119,0.0,0.0
-3.436,-9.018,-9.345,0.183,-1.372,-0.138,0.0,0.0,-0.164,0.154,0.0,0.0
-3.82,-9.633,-8.694,-0.111,-2.748,-0.281,0.129,0.0,0.0,0.211,0.0,0.0
-9.285,-12.046,-6.392,-1.685,-4.222,0.448,0.597,0.0,0.203,0.151,0.0,-0.114
-9.971,-15.336,-4.015,-0.336,0.0,1.938,1.252,-1.177,3.018,-0.325,0.573,0.522
-9.749,-13.733,-8.258,1.706,-1.099,2.459,1.594,-0.896,5.197,-0.497,-0.2,1.604
-7.508,-13.156,-9.072,2.746,-1.067,2.977,16.883,-5.835,8.296,1.295,0.82,-1.197
-4.345,-11.979,-10.165,3.439,-0.71,3.788,2.385,-7.496,3.112,2.109,0.685,-2.276
-0.927,-7.129,-8.499,2.289,0.439,3.29,1.034,-6.805,0.792,2.263,0.663,-2.421
0.0,-4.235,-7.164,1.285,0.502,2.076,-0.261,-3.952,-0.311,2.26,1.178,-2.084
-1.829,-1.738,-6.79,1.151,1.052,0.653,-1.575,0.179,-0.507,2.032,0.751,-1.916
-5.04,0.753,-5.429,0.167,-0.158,-0.243,-2.369,4.208,-0.946,1.092,0.35,-1.219
-8.546,1.555,-4.434,-0.17,0.0,-1.171,-2.618,6.181,-0.387,0.0,-0.307,0.109
-10.353,1.444,-4.111,0.389,-0.513,-0.768,-1.308,4.168,-0.505,-1.329,-0.377,1.436
-10.25,-0.609,-5.699,0.0,0.209,-0.648,-0.674,-2.19,-1.45,-2.39,-0.623,2.507
-6.641,-3.226,-8.323,-0.475,0.0,0.218,2.139,-7.886,0.31,-3.118,0.306,2.888
-6.481,-3.444,-8.597,-1.332,1.104,-0.124,3.317,-8.835,8.098,-2.621,-1.165,1.857
-6.415,-3.661,-7.841,-1.184,0.588,-0.714,7.257,-4.222,6.582,-0.995,-2.83,0.0
