-2.303,-9.274,-9.444,0.0,0.0,0.0,0.713,0.232,-0.316,0.0,0.0,0.0
-1.95,-9.412,-9.072,0.0,-0.167,0.0,0.73,0.197,-0.282,0.0,0.0,0.0
-1.632,-9.266,-9.356,0.0,0.0,0.0,0.692,0.19,-0.226,0.0,0.0,0.0
-1.776,-9.307,-9.413,0.0,0.0,0.0,0.666,0.16,-0.199,0.0,0.0,0.0
-2.031,-9.455,-9.125,0.0,0.0,0.0,0.769,0.183,-0.144,0.0,0.0,0.0
-1.966,-9.365,-9.217,0.0,-0.129,0.0,0.715,0.157,-0.104,0.0,0.0,0.0
-1.703,-9.279,-9.204,0.0,-0.185,0.0,0.755,0.144,0.0,0.0,0.0,0.0
-1.623,-9.325,-9.114,0.0,-0.173,0.0,0.72,0.0,0.0,0.106,0.14,0.0
-1.748,-9.607,-8.846,0.0,-0.572,0.0,0.712,0.0,0.216,0.165,0.201,-0.114
-7.575,-10.719,-5.738,-1.164,-0.189,-0.267,1.181,0.137,0.337,0.173,0.276,-0.118
-12.484,-15.693,-4.287,-0.346,3.03,1.103,1.23,-0.383,0.664,0.0,0.272,0.0
-14.622,-17.87,-9.751,1.072,2.275,4.291,2.904,-0.464,2.389,-0.48,0.533,0.767
-11.714,-15.865,-10.811,1.896,-3.856,3.976,3.047,-1.036,5.715,-0.435,1.395,2.304
-5.136,-12.054,-9.967,3.192,-4.355,3.54,18.066,-7.832,11.982,1.718,2.286,-0.971
-0.993,-11.283,-7.633,3.955,-3.02,2.405,6.883,-9.846,1.924,3.189,1.023,-3.442
1.872,-2.628,-10.432,3.229,-2.353,1.134,-0.73,-8.099,-1.196,3.198,0.879,-3.696
-0.79,2.78,-9.205,1.081,-0.582,0.235,-0.45,-1.746,-1.111,2.56,0.542,-2.866
-0.335,3.084,-5.803,0.0,0.0,0.0,-2.443,2.032,-0.85,1.82,0.799,-1.879
-2.095,3.717,-3.479,-0.118,-0.171,-0.132,-3.086,4.718,0.0,0.881,0.69,-0.689
-1.202,3.199,-4.03,-0.89,-0.396,0.258,0.0,5.863,0.0,-0.488,-0.657,0.304
-1.513,0.0,-3.623,-1.782,-0.69,0.392,-1.506,3.977,-1.44,-1.809,-1.536,2.465
-1.864,-5.052,-6.264,-2.333,0.777,1.515,1.483,-4.436,-1.999,-3.109,-1.171,4.378
-3.759,-6.031,-7.172,-3.844,3.586,0.478,11.274,-9.846,1.743,-3.887,-2.098,4.234
-3.848,-5.916,-6.051,-4.048,2.777,-0.785,13.166,-7.757,9.833,-1.59,0.188,1.145
-7.733,-7.764,-6.096,-2.081,4.375,-2.586,5.338,-1.412,8.548,-0.107,0.378,-0.231
