-9.226,-5.253,-5.691,-1.635,4.202,-1.881,0.793,0.0,0.516,0.129,0.0,0.0
-1.81,-9.343,-9.404,0.133,-0.219,0.0,0.842,0.0,0.623,0.14,0.0,0.0
-1.638,-9.281,-9.428,0.0,0.0,0.0,0.879,0.0,0.793,0.154,0.0,0.0
-1.731,-9.26,-9.402,0.0,-0.165,0.0,0.871,0.0,0.903,0.169,0.115,0.0
-1.797,-9.297,-9.246,0.0,-0.149,0.0,0.967,0.0,0.969,0.186,0.175,0.0
-1.911,-9.345,-9.212,0.0,-0.223,0.0,0.897,-0.108,1.197,0.194,0.129,0.0
-1.912,-9.355,-9.122,0.0,-0.216,0.0,1.056,0.0,1.469,0.186,0.163,0.0
-1.835,-9.487,-8.938,0.0,-0.252,0.0,1.109,-0.135,1.67,0.165,0.104,0.0
-1.506,-9.689,-8.949,0.0,-0.312,0.0,1.174,0.0,1.616,0.144,0.185,0.0
-3.596,-9.178,-7.59,-0.514,-0.392,0.0,1.09,-0.146,1.487,0.0,0.447,0.0
-5.439,-12.022,-3.477,-0.52,0.938,0.61,0.952,0.0,1.877,0.0,0.385,0.0
-8.184,-12.468,-6.254,0.836,3.559,1.923,0.926,0.0,4.738,-0.45,0.323,0.427
-8.976,-12.333,-7.286,1.213,0.482,2.141,1.456,-1.01,3.588,-0.661,0.181,1.737
-8.501,-11.873,-8.236,2.049,-2.073,1.855,13.786,-5.573,9.673,0.0,-0.843,0.268
-6.211,-9.615,-7.439,2.459,-2.785,1.944,3.303,-5.313,4.589,1.749,0.0,-1.855
-2.276,-8.57,-6.066,2.577,-2.459,1.113,1.964,-4.981,1.831,2.114,1.637,-1.668
-2.756,-5.231,-6.1,2.427,-1.667,0.582,0.634,-3.615,0.543,2.415,1.444,-2.033
-1.777,-1.812,-5.664,1.836,-0.705,0.357,1.358,-1.477,0.786,2.234,0.0,-2.443
-0.765,-0.423,-4.71,1.321,0.939,0.215,0.599,3.221,2.865,1.904,0.368,-2.185
-3.663,1.195,-3.77,0.994,1.07,0.189,0.172,7.574,5.096,1.01,-0.512,-0.903
-3.542,2.232,-3.969,0.12,0.656,0.169,-0.39,6.137,4.082,-0.285,-0.536,0.236
-4.046,2.278,-1.236,-0.423,0.546,0.0,-2.083,4.086,3.3,-1.021,-0.426,1.191
-5.247,1.123,-1.842,0.0,1.285,-0.287,-2.755,1.651,1.0,-1.88,-1.382,2.432
-6.043,0.226,-4.231,-0.419,0.431,0.225,-0.611,-6.326,-2.296,-2.853,-2.24,3.641
-4.175,-2.201,-6.97,-1.085,-0.591,0.828,3.826,-9.846,2.131,-2.887,-0.715,3.898
