-1.73,-9.12,-8.696,0.0,-0.12,0.0,0.241,0.169,-0.238,0.0,0.0,0.0
-1.972,-9.323,-8.837,0.0,-0.1,0.0,0.296,0.154,-0.233,0.0,0.0,0.0
-1.948,-9.232,-8.639,0.0,0.0,0.0,0.308,0.171,-0.205,0.0,0.0,0.0
-1.586,-9.289,-8.833,0.0,0.0,0.0,0.374,0.137,-0.182,0.0,0.0,0.0
-1.941,-9.287,-8.649,0.0,0.125,0.0,0.284,0.126,-0.213,0.0,0.0,0.0
-2.132,-9.276,-8.737,0.0,0.0,0.0,0.0,0.0,0.0,0.116,0.214,0.0
-2.12,-9.488,-8.616,0.0,-0.195,0.0,0.576,0.157,0.0,0.115,0.0,0.0
-2.114,-9.564,-8.719,0.0,-0.428,0.0,0.615,0.1,0.0,0.0,0.0,0.0
-2.932,-9.43,-8.064,-0.127,-1.315,0.0,0.642,0.0,0.184,0.0,0.0,0.0
-6.68,-11.651,-2.468,-1.646,-2.567,1.116,0.922,-0.167,0.503,0.0,0.355,0.189
-11.682,-17.321,2.244,1.142,-0.625,0.0,0.672,-0.741,2.208,-0.412,0.615,0.723
-9.108,-18.142,-3.737,3.438,-1.091,1.569,-1.88,-0.774,6.788,-0.143,0.261,1.768
-4.534,-14.802,-7.385,4.422,-1.932,1.947,17.302,-5.426,6.003,1.525,1.743,-0.878
-0.887,-12.197,-8.119,4.436,-0.69,1.813,2.914,-7.426,3.115,2.165,1.648,-1.814
-0.478,-4.738,-9.779,3.666,0.0,1.29,2.54,-6.588,1.497,2.388,0.562,-2.426
0.481,-0.302,-7.78,1.295,-0.603,0.4,0.568,-4.435,0.0,2.549,1.387,-2.433
0.597,0.371,-3.975,0.748,-1.656,0.398,0.198,-1.893,-0.318,2.521,1.603,-2.177
1.578,1.951,-5.835,1.081,0.181,0.108,-3.949,2.986,-0.249,1.746,-0.421,-1.7
-0.195,2.926,-5.553,-0.759,0.0,0.0,-3.356,6.317,-0.756,0.457,-1.728,-0.34
0.0,1.719,-2.626,-1.208,-0.981,0.325,-1.738,4.771,-1.566,-0.888,-0.828,1.583
-1.003,-1.326,-4.892,-2.132,-2.658,0.961,-0.261,-1.765,-1.793,-2.544,-0.614,3.368
2.121,-6.163,-5.58,-2.657,-1.179,1.389,4.848,-9.846,0.131,-3.493,-2.446,3.51
1.184,-6.341,-6.76,-2.883,0.45,1.761,8.968,-8.571,5.32,-2.198,-0.554,2.399
-1.863,-8.734,-4.837,-4.294,2.345,1.137,5.816,-4.074,9.024,-0.935,-1.05,0.93
-3.965,-11.058,-2.828,-3.631,3.358,0.831,18.907,-2.061,5.558,0.0,-1.914,-0.919
