-2.039,-9.199,-8.968,0.0,0.0,0.0,0.52,0.173,-0.285,0.0,0.0,0.0
-1.938,-9.278,-8.928,0.0,0.0,0.0,0.507,0.171,-0.291,0.0,0.0,0.0
-1.98,-9.262,-8.942,0.0,0.0,0.0,0.532,0.173,-0.242,0.0,0.0,0.0
-2.076,-9.287,-8.971,0.0,0.0,0.0,0.552,0.172,-0.25,0.0,0.0,0.0
-2.058,-9.334,-8.835,0.0,0.0,0.0,0.546,0.144,-0.148,0.0,0.0,0.0
-1.832,-9.406,-8.837,0.0,-0.148,0.0,0.582,0.153,-0.16,0.0,0.0,0.0
-1.742,-9.337,-8.831,0.0,-0.241,0.0,0.659,0.199,-0.104,0.0,0.0,0.0
-1.662,-9.133,-8.876,0.0,-0.366,0.0,0.661,0.0,0.0,0.0,0.0,0.0
-1.651,-9.278,-8.853,0.0,-0.481,-0.148,0.52,0.0,0.0,0.125,0.22,0.0
-4.234,-9.572,-7.948,0.0,-0.852,0.0,0.763,0.0,0.0,0.155,0.305,0.0
-8.667,-12.007,-2.456,-0.352,-2.346,0.18,1.015,-0.483,0.501,0.0,0.421,0.164
-12.019,-15.494,0.25,1.647,-2.406,0.396,-0.194,-1.867,4.354,0.0,1.081,0.734
-8.678,-17.548,-2.059,3.427,-1.13,2.608,1.657,-1.046,3.468,0.0,-0.773,1.274
-4.359,-12.346,-5.517,3.519,-1.358,2.483,15.06,-3.705,5.47,0.888,1.755,0.0
-1.231,-10.944,-5.342,4.018,-0.65,2.141,5.127,-7.076,3.683,2.085,-0.283,-2.646
0.0,-7.576,-5.798,3.601,-0.139,1.589,2.552,-6.233,1.342,2.093,0.254,-3.079
0.35,-2.725,-8.787,2.771,0.62,0.781,3.415,-5.202,2.015,2.175,1.21,-3.108
-0.564,0.565,-7.415,0.861,0.0,0.773,1.65,-2.015,2.61,2.393,1.261,-3.149
0.124,3.198,-5.034,-0.117,-0.354,0.526,-0.525,3.349,3.362,1.861,1.123,-2.118
-1.59,3.354,-2.334,-0.329,-0.257,0.0,-0.359,6.95,2.179,1.016,0.0,-0.886
-1.281,3.558,-2.772,-0.199,-0.602,0.0,-0.567,6.9,2.434,0.27,-1.043,0.237
-1.549,2.903,-1.405,-0.968,-0.349,-0.216,-0.947,5.695,0.563,-0.833,-1.528,1.566
-1.158,0.207,-2.968,-0.879,0.479,0.996,0.0,1.258,-1.719,-1.887,-0.869,3.471
-2.471,-4.043,-4.169,-1.613,-0.295,1.39,1.22,-8.68,-0.54,-3.383,-0.419,4.378
-2.202,-5.674,-4.56,-3.248,0.409,1.238,10.206,-9.846,3.244,-3.224,-1.591,3.825
