-1.908,-9.098,-9.272,0.151,0.0,0.0,-0.188,0.253,-0.664,0.0,0.0,0.0
-2.151,-9.25,-9.422,0.0,-0.159,-0.117,-0.149,0.263,-0.682,0.0,0.0,0.0
-2.338,-9.327,-9.067,-0.118,-0.146,0.0,-0.101,0.244,-0.612,0.0,0.0,0.0
-2.087,-9.327,-8.872,0.0,-0.115,0.0,0.0,0.252,-0.634,0.0,0.12,0.0
-1.963,-9.25,-9.26,0.0,0.0,0.0,0.0,0.179,-0.564,0.0,0.488,0.142
-1.95,-8.902,-9.696,0.0,0.0,0.0,-0.529,0.217,-0.632,0.154,0.0,0.0
-2.221,-9.546,-9.285,0.0,0.319,-0.348,-0.176,0.193,-0.42,0.234,-0.235,-0.136
-4.012,-9.828,-9.258,0.167,-1.198,-0.357,0.0,0.0,-0.144,0.25,-0.273,-0.137
-2.707,-9.498,-9.718,0.0,-2.643,0.208,0.271,0.0,0.122,0.257,0.0,-0.125
-1.462,-10.969,-8.786,-2.452,-2.142,-1.393,0.38,-0.811,2.413,0.0,0.658,0.0
-14.357,-18.36,-5.104,-1.368,-0.543,0.0,1.881,-0.244,4.589,-0.367,0.391,1.263
-8.987,-17.796,-9.917,0.801,-1.474,2.841,18.907,-4.917,6.08,0.149,-1.524,0.0
-3.598,-17.895,-11.023,2.952,-2.721,2.987,9.113,-8.91,2.477,2.201,1.087,-3.134
-2.489,-19.298,-10.685,4.436,-2.592,2.755,0.962,-9.551,-0.323,2.463,0.904,-3.352
-1.11,-13.114,-11.952,4.436,0.164,2.794,0.0,-4.691,-0.767,2.153,1.417,-2.626
0.492,-6.05,-9.317,2.583,1.695,3.487,-1.418,-0.153,-0.171,1.812,1.351,-1.97
0.0,0.0,-7.021,0.699,-3.537,1.422,-2.281,3.139,0.223,1.183,1.028,-1.341
3.32,2.329,-4.686,0.286,0.179,0.0,-1.953,5.307,0.0,0.347,-0.161,-0.413
-3.127,3.04,-4.959,0.173,-0.141,-0.792,-1.366,5.307,0.0,-0.752,-0.502,0.944
-3.605,1.517,-6.143,-0.199,0.463,-0.997,-0.979,1.59,-1.515,-2.287,-0.85,2.884
-2.809,-1.706,-8.658,-0.638,1.186,-0.649,1.006,-9.708,-2.8,-4.115,-1.302,4.198
-2.958,-5.253,-8.959,-2.149,2.993,-0.935,4.448,-9.846,4.185,-3.685,-0.459,3.847
-6.074,-6.856,-8.904,-1.829,3.356,-1.376,10.419,-6.551,10.822,-1.287,-1.337,0.679
-10.769,-8.102,-9.572,-0.948,2.902,-2.652,6.777,-1.82,6.515,0.357,0.308,-0.839
-12.701,-7.854,-10.178,0.33,2.095,-2.888,2.362,1.247,2.579,0.532,0.81,-0.884
