-2.163,-9.44,-9.911,0.441,-0.846,0.0,0.194,0.0,0.0,0.0,0.0,0.0
-1.09,-8.994,-10.512,0.152,-0.366,0.0,0.0,0.0,0.326,0.0,0.0,0.0
-1.875,-9.215,-9.808,-0.103,0.31,-0.235,0.194,0.0,0.122,0.0,0.0,0.0
-2.591,-9.452,-8.348,0.0,1.031,-0.289,0.181,0.0,0.213,0.0,0.0,0.0
-2.848,-9.331,-9.604,0.0,0.148,0.0,0.199,0.0,0.0,0.0,0.0,0.0
-1.74,-9.361,-9.547,0.0,-0.946,0.16,0.186,0.0,0.0,0.0,0.0,0.0
-1.628,-9.288,-9.262,0.0,-0.219,0.12,0.21,0.0,0.222,0.0,0.0,0.0
-1.471,-9.352,-9.144,0.0,0.0,0.0,0.226,0.1,0.161,0.0,0.0,0.0
-1.893,-9.383,-9.26,0.0,0.148,-0.119,0.283,0.0,0.0,0.0,0.135,0.0
-3.101,-9.194,-8.901,0.0,-0.482,-0.311,0.0,0.0,0.173,0.103,0.0,0.0
-2.958,-10.16,-8.157,-0.177,-2.368,-0.527,0.0,0.0,0.319,0.181,0.0,-0.105
-3.317,-10.411,-7.914,0.0,-2.777,-0.437,0.269,-0.102,0.523,0.241,0.0,-0.158
-2.983,-11.144,-6.606,0.192,-2.404,0.366,0.44,-0.173,0.654,0.271,0.0,-0.164
-1.564,-12.076,-5.162,0.591,-1.305,0.451,1.193,-0.305,1.211,0.204,0.213,-0.107
-1.39,-12.093,-5.331,2.012,-0.263,0.537,1.006,-0.138,4.076,-0.336,0.381,0.709
-1.431,-9.791,-7.063,2.234,0.0,0.738,0.429,-0.35,2.43,-0.3,0.502,1.657
-2.768,-9.11,-5.553,1.829,0.0,0.838,8.028,-2.743,4.179,0.0,0.228,0.76
-2.92,-8.745,-3.727,1.673,-0.394,1.06,2.625,-3.401,4.165,1.428,1.564,-1.033
-3.542,-7.562,-3.314,1.449,-0.272,1.297,-0.139,-3.573,1.978,1.799,0.914,-1.483
-2.901,-7.345,-2.074,1.697,-0.584,1.325,0.0,-2.73,1.163,1.559,1.412,-0.767
-2.19,-4.66,-2.466,1.53,-0.654,1.094,0.0,-1.058,2.234,1.502,1.531,-0.8
1.347,-2.175,-1.895,1.946,-0.341,0.973,-0.65,0.861,2.694,1.35,0.964,-0.762
1.596,-2.886,-3.14,2.47,0.236,-2.474,-0.414,2.122,2.207,0.996,0.611,-0.695
-7.824,2.216,-6.826,0.227,0.106,1.357,0.0,2.894,2.871,0.412,0.228,-0.397
3.0,1.003,-3.088,-0.29,-1.481,0.118,0.351,2.973,3.614,-0.155,-0.374,-0.117
