-6.077,-5.818,-5.339,-3.059,3.661,-0.942,0.408,0.132,-0.114,0.0,0.0,0.0
-9.809,-6.624,-5.491,-2.069,3.742,-1.547,0.406,0.156,-0.103,0.0,0.0,0.0
-3.145,-9.22,-9.655,0.0,-0.182,-0.109,0.44,0.111,0.0,0.0,0.0,0.0
-2.611,-9.27,-9.307,0.0,-0.168,0.0,0.4,0.0,0.0,0.0,0.0,0.0
-2.86,-9.286,-9.364,0.0,0.0,0.0,0.317,0.128,0.0,0.0,0.111,0.0
-2.475,-9.298,-9.398,0.0,-0.219,0.0,0.336,0.0,0.174,0.0,0.0,0.0
-2.189,-9.321,-9.399,0.0,-0.162,0.0,0.238,0.0,0.222,0.0,0.0,0.0
-2.185,-9.316,-9.376,0.0,0.0,0.0,0.343,0.0,0.377,0.0,0.0,0.0
-2.494,-9.591,-9.042,-0.892,0.0,-0.533,0.593,0.0,0.252,0.0,0.178,0.175
-5.61,-12.359,-7.084,-1.772,0.0,-1.515,0.549,-0.714,0.541,-0.236,0.53,0.599
-7.316,-14.21,-6.634,0.278,-1.101,0.0,1.767,-0.265,2.174,-0.4,0.95,1.416
-5.273,-15.326,-9.881,2.225,-1.136,1.197,17.725,-6.97,12.181,0.266,-0.745,0.241
-3.817,-14.419,-8.53,2.377,-0.866,1.725,4.469,-7.865,3.353,2.199,0.567,-2.435
-3.823,-12.268,-7.178,3.427,-2.157,1.57,1.049,-7.842,-0.507,2.611,1.002,-2.763
-3.218,-8.493,-6.197,3.84,-2.457,1.19,-1.312,-4.666,-1.116,2.57,0.863,-2.561
-0.874,-6.898,-6.572,4.135,-0.892,1.243,-2.263,-0.482,-1.383,2.045,-0.139,-2.348
0.493,-2.49,-6.701,3.253,-0.2,0.977,-0.923,3.556,-1.519,0.964,0.16,-1.523
0.369,1.04,-7.286,1.642,-0.415,0.158,-1.156,5.176,-0.317,-0.236,0.852,0.0
0.0,0.991,-4.856,0.203,0.111,0.131,-2.972,4.399,0.173,-1.641,0.0,1.611
-0.323,1.501,-0.559,-0.47,-0.662,0.135,-2.351,-2.583,-0.925,-3.151,-1.485,3.412
1.264,1.316,-0.486,-0.137,-0.291,0.0,1.466,-9.846,-2.264,-3.931,-1.889,4.288
-0.423,0.969,-1.626,-0.229,-0.176,0.257,14.421,-8.973,7.541,-2.254,-1.955,1.962
-2.178,-1.593,-4.213,-0.327,0.403,1.243,18.907,-5.145,11.794,-0.352,-2.611,-1.516
-1.841,-3.144,-7.391,-1.182,2.14,1.544,-1.249,1.295,0.0,-0.107,-0.823,-0.667
-2.183,-3.64,-7.537,-3.432,2.423,0.989,-1.711,0.47,1.211,-0.219,0.589,0.274
