-1.444,-10.32,-9.609,0.0,0.0,0.0,-0.38,-9.27,-12.232,0.0,0.0,0.0
-1.582,-10.207,-9.807,0.0,0.0,0.0,-0.329,-9.272,-12.256,0.0,0.0,0.0
-1.462,-10.271,-9.95,0.0,0.0,0.0,-0.444,-9.272,-12.265,0.0,0.0,0.0
-1.561,-10.309,-9.803,0.0,0.0,0.0,-0.364,-9.23,-12.288,0.0,0.0,0.0
-1.518,-10.178,-9.963,0.0,0.0,0.0,-0.304,-9.263,-12.179,0.0,0.0,0.0
-1.33,-10.411,-10.08,0.0,0.0,0.0,0.122,-9.331,-11.98,0.0,0.266,0.162
-6.318,-14.42,-9.711,1.027,-0.812,0.7,-0.283,-9.284,-12.495,0.0,0.475,0.0
-5.936,-13.788,-9.194,1.436,-1.311,2.51,-0.479,-9.2,-12.546,0.0,0.177,0.0
-8.79,-9.412,-5.793,0.65,0.208,2.721,-0.253,-9.395,-12.34,0.129,0.127,-0.131
-13.541,-8.993,-4.59,1.327,-0.773,3.683,0.451,-9.634,-12.074,0.209,0.0,0.1
-10.164,-7.552,-5.082,1.364,-1.182,4.357,1.15,-10.327,-11.134,0.296,0.483,0.0
-6.843,-3.007,-5.994,1.528,-1.333,3.883,9.008,-11.028,-11.27,0.268,1.113,-0.405
-5.936,1.61,-6.719,0.902,-1.296,2.641,7.628,-10.013,-9.376,0.469,0.91,-1.583
-4.387,3.057,-6.527,0.388,-1.067,1.123,5.877,-11.434,-10.093,0.69,1.165,-1.628
-3.659,1.969,-4.339,0.795,-2.088,0.138,3.749,-13.008,-9.765,1.134,2.289,-1.13
-1.111,0.495,-4.933,-0.605,-1.356,-0.704,2.108,-11.603,-9.897,1.525,2.627,-0.935
-1.518,-4.58,-2.213,-1.122,-0.557,-1.877,-0.605,-9.478,-10.966,1.413,1.595,-1.131
-5.805,-3.907,-2.06,0.0,0.206,-0.286,-2.078,-6.782,-11.444,0.647,-0.41,-1.299
-4.643,-4.43,-2.077,-0.541,-0.206,1.255,-2.2,-5.689,-11.802,-0.205,-1.229,-0.719
-0.55,-3.343,-3.545,-1.006,0.179,0.92,-0.942,-6.228,-11.366,-0.787,-0.583,0.474
-1.546,-2.462,-3.51,-1.256,0.264,0.0,0.85,-8.931,-9.914,-1.051,-1.115,1.623
-2.537,-2.458,-3.257,-1.621,0.163,-1.641,4.98,-11.684,-9.596,-0.966,-1.906,2.187
-4.692,-5.635,-4.42,-2.237,2.039,-2.877,8.394,-11.125,-10.056,-0.767,-1.675,1.795
-6.91,-8.531,-4.774,-2.359,2.499,-3.737,6.829,-12.467,-10.15,-0.708,-1.479,0.988
-6.408,-9.411,-6.036,-1.132,1.315,-2.931,5.642,-9.866,-9.423,-0.189,-1.939,0.733
