-1.645,-10.102,-10.63,0.0,0.0,0.0,-0.387,-9.342,-11.931,0.0,0.0,0.0
-1.747,-10.128,-10.72,0.0,0.0,0.0,-0.271,-9.308,-11.963,0.0,0.0,0.0
-1.844,-10.362,-10.773,0.0,0.0,0.0,-0.229,-9.27,-12.007,0.0,0.0,0.0
-3.066,-10.931,-10.327,0.0,-0.269,0.0,0.0,-9.315,-11.956,0.0,0.0,0.0
-7.997,-13.846,-10.561,0.582,-1.393,0.685,0.0,-9.35,-12.094,0.0,0.1,0.0
-9.977,-15.503,-10.004,0.916,-2.091,2.646,0.292,-9.427,-11.865,0.109,0.179,-0.153
-8.566,-13.396,-7.87,1.21,-1.549,4.233,-0.576,-10.34,-11.527,0.0,0.53,-0.495
-7.929,-9.961,-7.013,1.939,-1.649,4.357,-0.49,-12.14,-11.295,-0.247,1.041,-0.445
-6.334,-4.674,-7.009,1.599,-1.296,4.357,7.673,-13.462,-12.229,-0.657,1.657,-1.0
-7.517,-0.369,-6.867,0.864,-1.522,3.098,8.022,-9.264,-8.683,-0.223,1.506,-2.04
-6.047,1.315,-5.893,0.105,-1.084,2.306,6.967,-4.412,-7.666,0.262,1.535,-2.363
-4.51,2.657,-4.353,0.36,-0.93,1.799,5.555,-2.239,-8.211,0.821,1.692,-1.758
-4.7,3.858,-2.726,0.454,-0.439,1.048,5.043,-3.546,-7.968,1.153,1.463,0.0
-2.713,5.281,-2.116,0.308,-0.966,0.189,4.646,-12.019,-10.104,1.613,-0.136,1.882
0.612,5.875,-2.271,0.0,-2.082,-0.99,3.351,-13.564,-13.44,1.063,0.0,0.976
0.87,-5.14,-5.112,-1.358,-1.316,-2.543,1.059,-8.527,-11.904,-0.138,0.606,-1.123
-5.227,-9.148,-0.769,-1.299,0.428,-0.503,-0.736,-7.828,-10.616,-0.948,0.599,-1.358
-0.885,-7.285,-3.675,0.255,0.621,2.192,-0.762,-6.127,-8.18,-0.886,-0.247,0.0
-0.848,-1.493,-3.46,-1.607,0.769,0.444,1.936,-7.045,-8.612,-0.392,-2.719,1.416
-1.637,0.393,-3.43,-1.896,1.161,-1.154,4.433,-11.611,-10.77,-0.186,-2.827,2.243
-3.613,-2.358,-4.392,-2.38,2.476,-3.112,5.436,-11.736,-10.803,-0.335,-1.262,1.971
-4.172,-8.285,-4.551,-2.256,2.816,-3.668,6.241,-10.965,-10.436,-0.309,-1.21,1.232
-9.656,-11.338,-5.58,-1.253,1.741,-3.866,4.747,-9.867,-10.563,-0.155,-1.021,0.862
-11.356,-12.271,-3.681,-0.723,0.282,-3.252,3.335,-9.735,-10.488,0.0,-0.654,0.825
-5.169,-13.188,-8.021,-1.72,3.297,-3.106,4.531,-9.41,-11.058,0.0,0.717,-0.124
