-2.038,-10.145,-10.321,0.0,0.108,0.0,-0.152,-9.217,-12.173,0.0,0.0,0.0
-1.925,-10.284,-10.269,0.0,0.116,0.0,-0.104,-9.259,-12.179,0.0,0.0,0.0
-1.98,-10.31,-10.61,0.0,0.0,0.0,0.0,-9.261,-12.051,0.0,0.0,0.0
-2.832,-10.661,-10.3,0.0,0.0,0.105,0.718,-9.404,-11.946,0.0,0.412,0.0
-6.902,-12.644,-9.493,0.257,-0.412,0.756,-0.492,-9.31,-12.317,0.0,0.49,0.0
-11.902,-15.229,-9.404,0.741,-0.45,2.137,-0.108,-9.75,-11.978,0.114,0.371,0.0
-12.902,-15.854,-9.579,1.44,-1.82,4.238,-0.359,-12.101,-10.505,0.0,0.863,-0.752
-6.278,-11.832,-9.811,1.382,-1.644,4.357,0.575,-11.957,-11.372,-0.205,0.224,-0.962
-4.268,-3.393,-7.761,1.393,-1.439,4.357,9.481,-10.581,-12.765,-0.489,1.473,-1.116
-6.047,1.476,-7.304,0.894,-1.649,3.362,9.986,-8.372,-9.381,-0.282,1.957,-2.205
-6.602,2.667,-6.124,-0.134,-1.525,2.356,8.723,-4.029,-8.943,0.0,1.928,-2.758
-3.938,3.752,-4.526,-0.41,-1.107,1.452,6.485,-2.415,-8.063,0.457,2.658,-1.947
-2.492,3.724,-3.209,0.0,-1.469,0.35,5.32,-4.007,-8.484,0.898,2.052,0.0
-1.656,3.31,-3.147,0.134,-1.151,-0.171,4.419,-9.834,-9.221,1.413,0.958,1.91
0.849,-0.292,-3.352,-0.742,-1.475,-1.271,3.624,-13.7,-12.265,1.475,-0.793,1.473
-2.205,-8.03,-2.047,-2.614,-0.147,-2.809,1.561,-7.302,-13.215,0.0,-0.635,-0.853
-5.075,-6.812,-0.236,-0.713,0.326,0.957,-0.284,-7.279,-11.606,-0.912,-0.741,-1.17
0.212,-7.86,-1.618,0.298,0.436,2.314,-0.231,-6.233,-9.022,-0.952,-0.187,0.581
-1.261,-2.284,-2.878,-0.901,1.284,0.547,3.723,-7.901,-9.557,-0.68,-2.629,2.35
-2.336,-0.106,-4.35,-0.95,1.426,-1.31,9.841,-12.824,-10.499,-0.351,-2.614,2.983
-4.395,-1.669,-6.655,-1.704,2.958,-3.096,5.687,-13.336,-10.484,-0.273,-1.939,2.183
-8.229,-8.353,-8.252,-2.362,4.281,-4.344,4.538,-11.102,-9.823,-0.197,-1.995,1.322
-11.307,-13.148,-9.22,-0.226,3.364,-4.374,5.573,-9.63,-12.219,0.0,-1.373,0.957
-11.087,-11.307,-10.448,0.253,0.393,-3.628,0.716,-10.247,-8.244,0.0,1.231,-0.233
-7.256,-13.104,-10.809,-1.239,3.129,-2.477,0.614,-9.101,-12.58,0.0,0.0,0.143
