-5.859,-6.763,-4.562,-1.669,2.88,-3.887,13.074,-12.125,-11.168,-0.569,-0.936,0.27
-8.719,-12.058,-1.779,-1.121,2.076,-4.374,-0.649,-9.221,-12.298,0.0,0.0,0.0
-0.91,-10.067,-9.729,0.0,0.245,0.227,-0.55,-9.254,-12.149,0.0,0.0,-0.118
-1.01,-10.011,-9.999,0.0,0.349,0.0,-0.394,-9.254,-12.112,0.0,0.0,-0.121
-1.358,-10.17,-10.123,0.0,0.283,-0.243,-0.163,-9.278,-11.999,0.0,0.109,-0.119
-2.123,-10.388,-10.111,0.0,0.224,-0.277,0.0,-9.325,-11.866,0.0,0.264,0.0
-4.533,-11.192,-10.172,0.201,-0.103,0.0,-0.266,-9.456,-12.193,0.117,0.365,0.0
-8.629,-13.166,-9.725,1.103,-1.28,1.448,-0.236,-9.409,-12.165,0.181,0.264,-0.139
-11.754,-13.379,-9.573,1.276,-1.619,2.747,-0.213,-9.672,-11.883,0.227,0.131,-0.228
-13.572,-12.89,-7.511,0.792,-1.099,4.301,0.749,-9.68,-11.669,0.184,0.0,0.0
-13.209,-11.189,-6.646,0.699,-1.345,4.357,3.328,-10.378,-11.143,0.107,0.0,0.0
-6.537,-6.172,-6.774,1.096,-2.103,4.357,10.141,-10.019,-9.66,0.195,0.484,-0.642
-5.288,-1.139,-5.647,0.884,-2.183,3.633,7.883,-11.731,-8.49,0.405,0.453,-1.715
-2.572,2.442,-5.03,1.044,-1.591,1.721,3.818,-12.981,-9.511,0.816,1.798,-1.692
0.555,2.473,-3.952,0.907,-2.53,-0.164,2.558,-11.444,-10.037,1.387,4.225,-0.935
0.979,0.0,-6.604,-0.842,-0.778,-1.442,-1.256,-10.2,-10.218,1.72,1.949,-0.669
-4.958,-8.966,0.934,-1.961,-0.505,-3.137,-2.39,-7.01,-12.498,1.032,-0.863,-0.966
-3.283,-0.849,-6.178,0.201,1.072,0.753,-1.118,-5.638,-13.056,0.0,-1.161,-0.37
-3.784,-3.894,-1.888,-0.569,-0.597,1.188,0.178,-6.67,-12.815,-0.81,0.101,0.617
-1.824,-4.36,-1.841,-1.024,1.019,0.961,1.726,-8.747,-9.749,-1.377,-1.436,1.043
-3.176,-3.106,-2.787,-0.899,0.347,0.218,4.618,-10.563,-8.968,-1.246,-1.933,1.51
-3.725,-1.3,-3.541,-1.613,1.179,-0.981,6.917,-11.754,-7.862,-0.915,-1.926,1.519
-3.983,-2.779,-2.907,-1.864,1.769,-2.254,6.074,-12.028,-8.681,-0.456,-1.982,1.032
-6.328,-7.794,-3.15,-1.843,2.689,-3.778,4.73,-10.397,-10.182,-0.143,-1.008,0.742
-4.931,-8.614,-5.93,-0.279,2.068,-3.406,2.95,-10.463,-11.447,-0.112,-0.54,0.541
