-1.443,-10.308,-10.398,0.0,0.0,0.0,0.0,-9.264,-12.092,0.0,0.0,0.0
-1.485,-10.256,-10.36,0.0,0.0,0.0,0.0,-9.279,-12.082,0.0,0.0,0.0
-1.59,-10.475,-10.23,0.0,0.0,0.0,0.0,-9.268,-12.06,0.0,0.0,0.0
-1.455,-10.401,-10.166,0.0,-0.137,0.145,0.148,-9.29,-11.986,0.0,0.0,0.0
-2.832,-11.088,-10.078,0.246,-0.564,0.341,0.523,-9.328,-11.642,0.0,0.173,0.0
-5.496,-12.774,-9.183,0.656,-1.257,0.725,0.403,-9.362,-12.083,0.0,0.346,0.0
-7.037,-12.844,-8.668,0.957,-0.953,1.966,0.121,-9.395,-11.939,0.158,0.231,0.0
-9.288,-12.108,-7.038,1.038,-0.244,2.95,0.0,-9.412,-11.848,0.196,0.117,0.0
-9.881,-9.837,-6.766,1.347,-1.049,3.474,0.432,-9.708,-11.616,0.181,0.131,0.275
-8.948,-6.038,-6.835,1.16,-1.309,3.808,2.294,-10.712,-10.804,0.211,0.431,0.429
-9.352,-3.142,-6.887,0.853,-2.046,3.316,8.092,-11.397,-7.274,0.35,0.834,-0.264
-7.546,-0.973,-5.817,0.463,-2.159,2.754,6.262,-12.78,-5.63,1.009,0.863,-1.156
-5.177,1.819,-4.869,0.77,-1.796,2.196,3.93,-14.038,-8.264,1.604,1.779,-1.588
-3.084,1.768,-3.056,-0.148,-2.014,1.129,1.493,-12.806,-10.078,1.984,2.511,-1.43
-0.774,1.028,-3.932,0.268,-1.622,-0.157,-0.499,-10.056,-9.921,1.808,1.414,-1.301
1.771,-4.252,-3.464,-1.08,-0.532,-1.681,-1.219,-6.506,-10.858,1.133,-0.822,-1.343
-5.192,-6.909,0.212,-0.835,-1.034,-1.673,-1.704,-5.587,-12.018,0.365,-0.849,-0.733
-2.038,-4.058,-2.224,0.259,1.016,1.712,-1.38,-5.586,-11.533,-0.45,-0.588,0.189
1.743,-2.303,-1.879,-0.138,-0.343,1.586,-0.636,-7.452,-10.085,-0.977,-0.463,1.049
0.936,-0.238,-1.253,-0.76,1.173,0.439,1.379,-9.95,-9.309,-1.339,-0.737,1.544
-1.874,-0.31,-2.187,-0.291,1.726,-0.456,3.251,-11.779,-9.271,-1.403,-2.433,1.398
-4.498,-0.381,-3.803,-0.395,1.835,-1.288,3.711,-12.122,-9.471,-1.02,-1.725,1.783
-5.282,-1.461,-4.603,-1.244,1.936,-2.035,5.368,-11.763,-8.568,-0.641,-1.039,1.59
-5.325,-4.89,-7.624,-1.013,4.184,-2.945,6.002,-10.616,-9.192,-0.428,-0.909,0.606
-8.439,-7.881,-5.662,-0.576,1.546,-3.44,5.456,-10.372,-8.917,-0.282,1.284,-0.497
