-1.703,-9.855,-10.727,0.0,0.0,-0.178,-0.393,-9.367,-12.131,0.0,0.0,0.0
-1.56,-10.022,-10.378,0.0,0.183,-0.201,-0.329,-9.288,-11.927,0.0,0.0,0.0
-1.856,-10.523,-10.619,0.0,0.251,-0.18,-0.394,-9.291,-11.847,0.0,0.0,0.0
-1.945,-10.557,-10.605,0.0,0.103,0.0,-0.298,-9.24,-11.926,0.0,0.0,0.0
-3.195,-11.19,-10.368,0.149,-0.341,0.132,-0.137,-9.318,-12.0,0.0,0.0,0.0
-5.876,-12.357,-10.545,0.54,-1.237,0.827,0.0,-9.332,-12.037,0.0,0.205,0.0
-7.95,-13.565,-9.941,1.065,-1.782,1.916,0.0,-9.334,-11.895,0.0,0.185,0.0
-9.17,-13.099,-8.144,1.068,-1.857,3.061,0.0,-9.409,-11.871,0.0,0.203,-0.134
-8.122,-10.52,-6.776,1.211,-1.234,3.804,0.0,-10.179,-11.814,0.0,0.279,-0.44
-7.152,-6.595,-5.863,1.511,-1.358,3.983,0.0,-11.164,-10.828,-0.165,0.363,-0.574
-7.595,-2.256,-6.444,1.314,-1.259,3.241,8.137,-10.247,-13.887,0.0,0.363,-0.44
-7.722,-0.652,-5.412,0.687,-1.493,2.739,9.135,-10.771,-10.464,-0.151,1.359,-1.637
-4.808,1.896,-3.693,0.861,-1.682,2.402,7.869,-11.407,-10.657,-0.14,2.344,-2.894
-3.503,4.604,-2.772,0.523,-0.965,0.985,4.585,-6.781,-9.89,0.137,2.742,-2.828
-3.005,4.72,-2.204,0.0,-1.817,0.0,2.131,-1.687,-8.421,0.508,1.991,-1.253
-1.765,3.104,-2.351,-0.26,-1.532,-0.898,2.343,-3.12,-7.713,1.09,1.164,0.884
0.257,-4.872,-4.523,-0.818,-1.084,-2.17,2.225,-10.876,-9.848,1.635,-1.119,2.561
-5.782,-6.938,0.127,-1.078,0.154,-1.237,3.202,-12.742,-14.367,0.901,-2.506,1.545
-1.947,-6.928,-2.379,0.242,0.364,1.714,2.842,-8.19,-12.836,-0.682,0.0,-0.599
2.268,-4.119,-5.883,-0.402,0.242,1.781,-0.411,-8.378,-9.462,-1.039,1.336,-0.454
0.735,-1.337,-3.958,-2.354,1.416,0.216,1.573,-6.667,-7.837,-0.812,-0.495,0.877
-3.091,-0.689,-4.494,-1.899,2.397,-1.357,5.922,-8.591,-9.611,-0.488,-2.543,2.031
-5.913,-3.179,-4.246,-2.711,2.637,-2.526,7.272,-10.893,-11.647,-0.359,-1.789,1.992
-7.03,-10.467,-4.573,-1.761,4.152,-3.524,6.431,-11.464,-9.508,-0.495,-0.135,1.251
-10.732,-14.432,-5.012,0.153,1.316,-4.209,4.498,-10.28,-8.289,-0.199,-0.201,0.764
