-1.221,-10.248,-10.072,0.0,0.0,0.0,0.36,-9.31,-12.089,0.0,0.0,0.0
-1.168,-10.378,-10.088,0.0,0.0,0.0,0.29,-9.343,-12.113,0.0,0.0,0.0
-0.966,-10.192,-10.125,0.0,-0.126,0.0,0.263,-9.243,-12.072,0.0,0.0,0.0
-1.697,-10.873,-9.79,0.0,-0.298,0.0,0.237,-9.253,-11.993,0.0,0.0,0.0
-6.632,-13.296,-8.699,0.868,-1.383,0.544,0.158,-9.294,-11.981,0.0,0.213,0.0
-8.518,-16.09,-7.885,1.58,-1.667,2.478,0.48,-9.413,-12.025,0.0,0.15,0.0
-8.859,-13.664,-6.1,1.794,-0.466,3.965,0.387,-9.339,-12.018,0.0,0.126,-0.193
-9.721,-11.423,-5.075,2.139,-0.92,4.357,0.648,-9.448,-11.939,0.115,0.153,-0.276
-6.638,-6.197,-6.142,2.49,-1.098,4.357,0.626,-10.636,-11.825,0.0,0.314,-0.366
-5.235,0.853,-6.902,1.594,-1.487,4.018,2.424,-10.345,-11.264,-0.213,-0.134,-0.451
-4.127,3.809,-5.145,0.442,-1.186,2.547,7.66,-9.889,-6.862,0.159,2.059,-0.241
-1.612,5.546,-4.612,1.528,-1.079,2.325,6.085,-9.719,-4.547,1.025,1.596,-0.653
-3.319,5.948,-4.909,0.0,-0.819,0.366,2.879,-10.081,-7.649,1.857,2.227,-0.104
0.777,3.541,-6.309,-0.771,-0.534,-0.94,0.982,-11.411,-8.173,2.351,1.833,1.162
-2.724,-8.349,-4.747,-3.024,-0.869,-2.455,0.104,-11.958,-11.621,2.112,-0.467,1.27
-4.953,-6.958,4.775,-1.305,-0.812,0.578,0.748,-6.981,-14.082,0.837,-0.904,-0.656
0.94,-4.411,-3.631,1.188,0.577,2.061,-1.571,-5.687,-12.563,-0.355,-0.819,-1.131
1.799,1.861,-5.426,0.0,0.0,0.695,-1.198,-6.692,-12.705,-1.253,-1.145,-0.57
-0.213,2.291,-4.659,-1.177,1.658,-1.304,1.774,-10.108,-10.979,-2.007,-0.449,0.77
-3.485,0.0,-3.6,-1.756,2.921,-2.993,3.436,-12.0,-7.458,-1.94,-0.37,1.297
-5.152,-4.021,-7.494,-2.083,4.376,-3.997,6.519,-12.991,-7.676,-1.475,-2.527,1.594
-10.459,-11.607,-7.871,-0.919,3.951,-4.374,5.07,-11.848,-7.071,-0.894,-2.035,1.131
-12.765,-13.293,-7.282,0.0,0.562,-4.228,10.081,-12.164,-8.833,-0.343,-0.96,0.255
-6.495,-14.51,-11.073,-0.999,2.365,-3.733,-0.921,-9.817,-12.258,0.0,-0.186,-0.247
-4.595,-13.352,-10.69,-1.255,1.968,-2.042,-0.365,-9.521,-11.08,0.0,0.202,0.16
