-1.7,-10.117,-9.197,0.0,0.0,0.0,-0.23,-9.322,-12.009,0.0,0.0,0.0
-1.915,-10.073,-9.035,0.0,0.0,0.0,-0.228,-9.301,-12.028,0.0,0.0,0.0
-1.958,-10.097,-9.027,0.0,0.0,0.0,-0.232,-9.284,-12.06,0.0,0.0,0.0
-2.114,-10.255,-9.172,0.0,0.0,0.0,-0.119,-9.249,-12.003,0.0,0.0,0.0
-4.56,-11.529,-8.663,0.143,-0.199,0.215,0.0,-9.251,-12.027,0.0,0.0,0.0
-9.05,-14.07,-7.693,1.132,-0.862,1.829,0.0,-9.315,-12.278,0.0,0.211,0.0
-11.071,-14.372,-6.402,1.611,-0.728,3.515,-0.389,-9.306,-12.238,0.0,0.185,0.0
-10.716,-10.145,-5.462,1.304,-0.551,4.182,-0.304,-9.405,-12.09,0.116,0.131,0.0
-7.389,-5.567,-5.824,1.292,-0.716,4.357,0.0,-9.709,-12.121,0.16,0.1,0.0
-5.371,-1.218,-5.504,1.06,-1.604,3.813,1.335,-10.012,-11.207,0.234,0.39,0.171
-5.003,2.287,-6.135,0.727,-1.578,2.365,7.939,-10.784,-11.284,0.325,0.164,0.106
-3.389,3.806,-5.255,0.0,-1.912,0.946,9.211,-11.302,-9.587,0.493,0.922,-1.462
-4.673,2.087,-3.326,-0.274,-1.854,0.0,5.677,-12.847,-11.111,0.685,1.465,-1.942
0.171,0.373,-3.911,0.425,-1.811,-0.573,2.503,-12.731,-11.275,1.018,2.743,-1.722
-0.909,-3.424,-3.636,-0.549,-0.407,-1.401,0.236,-10.832,-10.254,1.39,2.904,-1.12
-5.136,-4.4,0.238,-1.58,-0.161,-1.08,-1.47,-8.78,-10.88,1.183,1.068,-1.04
-3.622,-3.847,-0.368,0.316,0.642,1.068,-1.967,-6.643,-11.779,0.457,-1.081,-1.133
-1.816,-4.559,-2.115,0.488,0.796,1.353,-2.393,-5.984,-12.316,-0.26,-1.563,-0.485
-1.202,-2.65,-3.6,-0.326,1.027,0.266,-1.968,-7.296,-12.561,-0.775,-1.296,0.807
-0.247,-0.767,-5.611,-1.574,1.351,-1.299,0.142,-10.668,-11.107,-1.183,-1.365,2.023
-6.908,-2.185,-3.962,-1.993,1.297,-2.754,5.255,-13.191,-9.74,-0.916,-1.471,2.71
-8.794,-4.123,-2.895,-0.952,1.158,-2.593,7.537,-13.501,-9.966,-0.505,-1.937,2.181
-9.78,-6.112,-3.157,-0.864,0.584,-2.311,7.075,-11.536,-10.615,-0.267,-1.553,1.378
-4.053,-5.611,-5.764,-1.657,0.915,-1.938,5.455,-10.294,-12.968,-0.343,-0.835,0.311
-6.953,-10.662,-2.163,-1.469,1.224,-2.839,0.512,-9.829,-10.157,0.0,0.561,-0.199
