-1.599,-10.211,-10.751,0.0,0.0,0.0,0.31,-9.301,-11.802,0.0,0.0,0.0
-1.487,-10.238,-10.725,0.0,0.0,0.0,0.329,-9.308,-11.788,0.0,0.0,0.0
-1.407,-10.224,-10.691,0.0,0.0,0.0,0.348,-9.321,-11.763,0.0,0.0,0.0
-1.359,-10.183,-10.781,0.0,0.0,0.0,0.305,-9.363,-11.707,0.0,0.0,0.0
-1.424,-10.125,-10.815,0.0,0.0,0.0,0.363,-9.386,-11.706,0.0,0.0,0.0
-1.668,-10.223,-10.775,0.0,0.0,0.0,0.259,-9.35,-11.72,0.0,0.0,0.0
-1.487,-10.23,-10.592,0.0,0.0,0.0,0.314,-9.367,-11.718,0.0,0.0,0.0
-1.36,-10.205,-10.721,0.0,0.0,0.0,0.308,-9.318,-11.732,0.0,0.0,0.0
-1.707,-10.476,-10.813,0.0,0.0,0.0,0.396,-9.304,-11.714,0.0,0.12,0.0
-6.69,-12.804,-11.516,0.391,-1.608,0.283,0.306,-9.343,-11.749,0.0,0.278,0.0
-10.167,-15.444,-12.68,0.768,-3.123,2.236,0.382,-9.513,-11.705,0.0,0.213,-0.189
-12.46,-15.324,-9.524,1.206,-3.556,4.327,0.734,-9.47,-11.541,0.104,0.1,-0.261
-9.024,-11.68,-7.5,1.245,-2.512,4.357,1.129,-9.766,-11.175,0.157,0.134,-0.172
-4.261,-6.317,-7.63,1.75,-2.064,4.357,3.303,-10.006,-9.642,0.0,-0.567,0.109
-5.319,-2.167,-4.658,1.693,-2.339,3.501,6.968,-11.338,-4.851,0.838,-0.771,-0.19
-2.03,3.944,-4.244,1.446,-1.553,2.649,4.19,-13.63,-4.445,1.801,2.66,-0.572
-1.528,5.097,-3.306,0.0,-2.047,0.597,1.968,-13.319,-7.029,2.577,2.53,-0.239
-0.194,1.854,-3.917,-0.219,-1.597,-0.491,-0.966,-9.856,-11.711,2.181,0.0,-0.391
1.781,-6.078,-4.403,-1.319,-1.011,-1.664,-1.291,-6.931,-14.259,1.234,-0.847,-0.574
-5.427,-7.445,-0.433,-1.365,0.544,-1.21,-1.379,-5.33,-14.064,-0.13,-0.636,-0.4
-3.107,-6.7,-2.674,1.009,0.374,1.938,-1.092,-6.549,-13.035,-1.274,-0.934,0.0
0.0,-2.24,-4.584,0.743,0.825,1.734,0.374,-9.899,-11.685,-1.977,-1.228,0.647
1.041,1.352,-3.748,-1.334,1.054,0.403,1.686,-12.805,-9.1,-2.125,-2.037,1.133
-2.18,1.472,-2.067,-1.662,1.375,-1.02,1.166,-13.189,-6.729,-1.603,-1.378,1.544
-5.378,-0.624,-2.397,-1.197,3.609,-2.73,3.687,-11.861,-4.712,-0.64,0.309,1.405
