-0.413,-10.242,-8.927,0.0,0.0,-0.111,0.333,-9.777,-11.416,0.0,0.0,0.0
-0.861,-10.143,-8.804,0.0,0.0,-0.143,0.44,-9.658,-11.422,0.0,0.0,0.0
-0.759,-10.326,-9.081,0.0,0.0,0.0,0.516,-9.655,-11.353,0.0,0.0,0.0
-0.825,-10.228,-9.137,0.0,-0.226,0.0,0.596,-9.621,-11.352,0.0,0.106,0.143
-5.192,-12.006,-8.619,0.286,-0.706,0.376,0.333,-9.649,-11.419,0.0,0.159,0.126
-13.186,-16.359,-8.517,1.321,0.0,3.444,-0.111,-10.05,-11.285,0.0,0.124,0.0
-17.243,-15.427,-9.762,0.679,-0.532,4.394,0.191,-10.015,-11.218,0.124,0.0,-0.107
-9.626,-10.612,-6.492,0.218,-1.527,4.394,0.921,-10.167,-10.853,0.132,-0.178,0.0
-4.869,-4.658,-7.454,0.345,-2.163,4.394,2.152,-10.392,-9.486,0.263,-0.821,0.504
-5.081,-0.529,-7.26,0.188,-1.763,2.724,15.372,-11.876,-8.544,0.296,-0.281,-0.596
-0.396,0.71,-8.553,-0.392,-1.638,0.909,8.343,-15.596,-6.556,0.925,0.763,-2.91
0.49,-1.849,-4.378,0.0,-2.12,-0.503,3.969,-14.963,-8.604,1.325,0.889,-3.598
2.267,-6.996,-3.275,-1.055,-0.851,-1.812,2.63,-11.656,-10.867,1.084,0.189,-3.123
-3.704,-6.84,-0.682,-0.316,-0.85,-2.137,0.415,-8.047,-11.971,0.845,0.353,-2.136
-4.049,-4.052,-0.798,0.0,0.0,0.553,-0.645,-6.157,-11.82,0.302,0.633,-1.12
-3.29,-6.756,-1.849,-0.369,1.82,1.704,-0.416,-5.413,-11.024,-0.118,0.132,-0.158
0.146,-6.514,-1.839,-0.844,0.84,1.529,1.5,-5.732,-10.568,-0.49,-0.445,0.829
-0.559,-2.631,-5.362,-1.146,1.233,-0.29,3.474,-7.191,-9.863,-0.78,-0.416,1.998
-2.439,-4.435,-6.178,-2.016,0.962,-1.947,4.589,-9.039,-9.61,-1.014,-1.061,3.051
-1.043,-9.1,-8.915,-1.437,3.081,-3.914,4.942,-13.455,-10.669,-1.149,-0.713,4.031
-4.21,-17.272,-9.397,-0.484,2.493,-4.336,8.254,-15.106,-8.866,-1.066,-0.302,3.007
-6.693,-20.155,-9.267,-1.93,0.673,-4.336,18.937,-12.049,-9.726,-0.76,2.652,-0.164
-2.405,-20.155,-7.557,-1.088,1.581,-4.221,-0.592,-9.793,-9.559,-0.39,-1.895,-0.548
-9.026,-12.875,-11.207,-0.668,2.757,-1.85,1.594,-10.234,-10.503,-0.106,0.636,0.504
-4.418,-12.215,-8.823,-1.252,2.297,0.859,0.741,-9.699,-12.273,-0.153,0.0,0.466
