-3.133,-13.284,-9.385,-0.173,1.02,-0.6,0.0,-9.784,-11.651,-0.124,0.0,-0.27
-1.959,-10.229,-11.713,0.279,3.578,0.186,0.588,-9.734,-11.481,0.0,0.0,0.0
-3.359,-9.822,-12.14,-0.79,4.133,0.812,0.616,-9.731,-11.431,0.0,0.0,0.0
-0.717,-10.338,-8.701,0.0,0.0,-0.109,0.571,-9.665,-11.394,0.0,0.0,0.0
-0.832,-10.234,-8.753,0.0,0.0,0.0,0.64,-9.469,-11.643,0.0,0.0,0.0
-0.66,-10.151,-8.981,0.0,0.0,0.0,0.158,-9.779,-11.202,0.0,0.171,0.0
-0.351,-10.179,-9.087,0.0,0.0,0.0,0.672,-10.008,-11.431,0.0,0.0,-0.131
-1.823,-10.618,-8.557,0.0,0.0,0.343,0.669,-10.072,-11.202,0.221,-0.15,0.0
-13.419,-15.642,-7.077,1.58,-0.166,2.958,1.57,-10.151,-11.394,0.244,-0.409,0.476
-20.159,-13.496,-11.686,1.318,0.374,4.394,5.118,-10.834,-9.358,0.379,-1.062,0.385
-16.667,-9.85,-9.145,-0.623,-0.628,4.394,9.946,-15.377,-7.078,0.775,1.244,-2.957
-7.421,-8.083,-8.159,0.44,-1.332,4.394,3.407,-15.492,-8.052,1.218,1.003,-4.0
-7.154,-3.137,-7.364,-0.572,-1.194,3.805,3.103,-11.767,-9.705,1.188,-0.415,-3.713
-0.206,2.72,-9.24,-0.439,-1.681,2.041,2.496,-8.179,-12.178,0.579,-0.321,-3.22
-1.787,-1.63,-4.413,-0.884,-0.95,-0.709,1.291,-5.566,-11.918,0.271,0.47,-2.137
1.9,-5.74,-4.751,-0.805,-0.734,-1.925,1.645,-3.549,-10.663,0.0,0.259,-0.795
0.124,-7.737,1.676,-0.366,-1.866,-2.049,2.804,-2.209,-10.277,-0.342,-0.483,0.716
-9.146,-2.91,2.861,-0.449,-0.681,0.0,3.302,-3.962,-10.672,-0.438,-1.01,2.546
-2.997,-2.722,-2.06,0.0,0.798,1.04,3.996,-6.724,-9.499,-0.556,0.0,4.378
-3.314,-7.396,-1.45,-0.581,1.893,2.163,5.277,-15.279,-8.74,-1.359,-1.272,4.378
-0.637,-2.638,-4.858,-0.913,1.323,1.402,9.973,-15.903,-11.141,-0.743,0.298,3.757
-0.915,0.57,-5.797,-1.287,1.321,-0.925,-7.473,-10.968,-7.718,-0.357,1.758,0.0
-3.46,-2.735,-4.704,-2.369,0.427,-2.988,0.558,-9.297,-11.521,-0.18,1.425,0.321
-6.608,-10.125,-4.671,-2.129,2.05,-4.336,1.134,-9.261,-12.617,-0.215,0.0,0.184
-4.826,-13.943,-8.713,-0.441,2.776,-4.336,-0.115,-10.1,-11.814,-0.167,0.0,0.0
