-9.937,-17.242,-9.453,-0.708,2.526,-3.158,0.231,-9.764,-11.548,0.0,0.0,0.0
-0.37,-10.234,-9.081,0.0,0.121,0.153,0.112,-9.785,-11.503,0.0,0.0,0.0
-0.423,-10.095,-8.976,0.0,0.0,0.0,0.168,-9.693,-11.568,0.0,0.0,0.0
-0.413,-10.173,-8.71,0.0,0.0,0.0,0.248,-9.675,-11.505,0.0,0.0,0.0
-0.376,-10.239,-8.784,0.0,0.0,-0.15,0.199,-9.717,-11.527,0.0,0.0,0.0
-1.03,-10.376,-8.611,0.0,0.0,-0.214,0.271,-9.659,-11.497,0.0,0.0,0.0
-7.212,-13.093,-8.471,0.536,-0.608,0.916,0.733,-9.389,-11.111,0.0,0.323,0.0
-17.203,-16.224,-9.158,1.449,0.255,3.897,-0.619,-9.924,-11.297,0.0,0.206,0.0
-19.566,-14.899,-11.028,0.0,0.0,4.394,0.163,-9.93,-11.699,0.13,0.0,-0.133
-11.895,-12.839,-9.187,-0.349,-1.404,4.394,0.96,-10.08,-11.327,0.225,-0.261,0.124
-2.975,-5.267,-10.715,-0.263,-2.618,4.394,2.386,-10.892,-9.57,0.309,-0.453,0.642
-1.035,1.317,-8.107,0.619,-1.529,2.945,16.062,-12.862,-8.963,0.337,0.0,-1.382
-1.019,0.0,-4.696,-1.153,-1.332,0.233,6.915,-19.179,-6.066,1.18,1.805,-4.181
1.104,-2.112,-5.899,-0.988,-1.308,-1.511,3.686,-14.28,-7.679,1.842,0.0,-4.352
1.852,-6.287,-4.343,-1.716,-0.485,-1.639,4.797,-10.197,-12.101,1.27,-0.341,-3.967
-10.425,-7.086,-1.503,0.0,-0.857,-3.124,0.115,-6.132,-12.076,0.563,0.981,-2.639
-3.222,-4.155,-1.218,0.345,0.158,1.154,0.176,-4.324,-10.912,0.209,0.812,-1.064
-3.73,-7.878,-1.416,-0.116,1.14,2.264,2.22,-3.503,-10.74,0.0,-0.475,0.0
-1.206,-4.38,-4.75,-0.246,0.605,1.762,5.602,-2.057,-9.489,-0.105,-0.353,1.159
0.456,-0.777,-5.001,-1.277,1.79,-0.328,5.023,-2.634,-9.232,-0.276,-1.045,2.332
-0.633,-3.961,-3.441,-2.541,0.876,-2.492,4.163,-4.981,-9.957,-0.471,-0.886,3.949
-6.992,-12.847,-3.344,-3.225,2.021,-4.336,6.329,-11.625,-10.994,-1.025,-0.831,4.378
-8.137,-15.753,-3.721,-1.863,1.08,-4.336,10.364,-16.616,-9.963,-0.968,1.11,4.031
-7.433,-17.436,-7.623,-0.436,1.706,-4.336,18.937,-16.641,-6.336,-0.525,2.856,0.0
-5.64,-14.936,-8.189,-1.174,2.8,-3.209,0.353,-11.874,-5.628,-0.472,1.417,0.119
