-0.635,-10.282,-8.933,0.0,0.0,0.0,-0.268,-9.752,-11.673,0.0,0.0,0.0
-0.656,-10.15,-8.911,0.0,0.0,0.0,-0.334,-9.784,-11.645,0.0,0.0,0.0
-0.438,-10.166,-8.921,0.0,0.0,0.0,-0.316,-9.719,-11.601,0.0,0.0,0.0
-0.491,-10.263,-8.932,0.0,0.0,0.0,-0.358,-9.731,-11.535,0.0,0.0,0.0
-0.537,-10.178,-8.733,0.0,0.0,0.0,-0.123,-9.714,-11.366,0.0,0.0,0.0
-6.315,-12.225,-8.96,0.568,-0.206,1.037,0.21,-9.623,-11.772,0.0,0.164,0.0
-13.97,-15.374,-9.607,1.329,0.6,3.844,-0.727,-9.95,-11.631,0.0,0.18,0.102
-18.055,-13.182,-9.586,0.348,-0.696,4.394,-0.695,-9.957,-11.722,0.121,0.0,-0.101
-14.247,-10.941,-7.389,-0.208,-1.524,4.394,0.461,-9.877,-11.032,0.142,-0.295,0.0
-5.667,-7.478,-9.804,0.637,-2.074,4.394,2.351,-11.557,-8.791,0.228,-0.422,0.78
-1.572,0.0,-9.103,0.529,-1.539,3.81,17.873,-13.931,-6.837,0.46,-0.901,-1.55
-2.361,3.128,-8.129,-0.373,-0.672,1.454,5.326,-17.666,-4.96,1.467,1.104,-3.284
-1.258,0.671,-4.835,-1.277,0.303,-0.667,4.203,-16.271,-9.183,1.815,0.811,-3.559
2.154,-5.969,-3.403,0.266,-2.961,-1.576,1.995,-12.313,-11.623,1.511,0.323,-3.312
-1.85,-9.81,2.426,-0.712,-1.514,-2.22,-1.056,-8.031,-12.592,1.099,0.65,-2.256
-6.236,-3.661,-1.987,-0.685,0.876,0.907,-2.571,-5.904,-12.835,0.483,0.0,-1.291
1.055,-6.473,-3.299,-0.272,1.565,2.045,-1.175,-4.914,-12.814,-0.33,0.0,-0.337
0.599,-3.777,-3.786,-1.813,0.92,0.442,2.063,-5.0,-11.143,-0.849,-0.233,0.876
-0.548,-3.796,-5.359,-2.904,1.416,-2.062,4.604,-5.464,-9.784,-1.291,-0.788,2.766
-6.04,-10.771,-3.811,-2.718,2.047,-4.119,7.431,-11.625,-8.405,-2.028,-0.956,4.176
-7.025,-14.033,-6.854,-2.298,0.755,-4.336,8.215,-17.114,-6.25,-1.438,0.308,4.294
-7.192,-15.463,-7.535,-1.266,1.818,-4.336,4.94,-13.33,-5.74,-0.878,-1.363,1.851
-1.949,-15.998,-10.464,-0.13,3.687,-3.244,5.041,-11.022,-7.669,-0.278,0.0,0.254
-3.38,-17.007,-10.376,-0.219,2.713,-3.588,-1.916,-13.214,-7.246,-0.107,0.949,-0.414
-5.39,-11.891,-10.377,-0.875,1.132,-1.676,1.287,-9.087,-11.83,-0.121,0.61,0.0
