-9.413,-17.713,-7.954,-0.32,2.37,-3.847,1.833,-9.519,-11.484,0.0,0.288,0.58
-1.315,-10.202,-8.659,0.133,0.153,0.0,-0.109,-9.702,-11.462,0.0,0.0,0.0
-1.445,-10.144,-8.393,0.158,0.255,0.0,0.0,-9.695,-11.564,0.0,0.0,0.0
-5.847,-11.791,-8.407,0.489,-0.736,1.007,0.16,-9.555,-11.514,0.0,0.197,0.0
-13.76,-13.834,-8.263,0.558,0.0,2.323,0.0,-9.829,-11.615,0.0,0.137,0.0
-16.898,-13.106,-9.788,0.337,-1.342,4.394,0.0,-9.941,-11.642,0.0,0.0,-0.122
-12.813,-10.216,-7.627,0.53,-1.743,4.394,-0.237,-9.815,-11.636,0.128,-0.121,-0.179
-7.289,-5.943,-7.771,0.851,-1.8,4.394,0.717,-9.888,-11.043,0.136,-0.34,-0.148
-5.392,-2.798,-7.223,0.931,-1.422,3.783,2.878,-10.117,-9.424,0.152,-0.436,0.533
-2.625,0.288,-6.404,0.555,-1.291,2.235,6.212,-11.71,-8.335,0.63,-1.615,-0.366
0.0,1.856,-7.333,-0.842,0.0,-0.179,6.062,-14.686,-6.983,0.851,1.055,-2.839
-2.622,-1.381,-2.711,-1.051,-1.141,-1.138,3.246,-13.558,-8.836,1.217,0.0,-2.868
-0.329,-8.754,-0.531,0.0,-2.78,-2.669,3.598,-12.094,-11.366,0.981,0.0,-3.06
-10.016,-1.636,-0.599,-0.604,0.784,-0.64,0.895,-8.479,-12.379,0.598,0.764,-2.261
-1.109,-0.691,-0.974,0.784,-1.19,0.742,-1.076,-5.869,-11.741,0.283,0.831,-1.211
-1.139,-3.92,-1.457,-0.528,0.785,0.881,0.0,-4.733,-11.192,0.0,-0.236,-0.338
-3.527,-5.862,-2.418,-0.618,2.072,1.344,3.091,-5.857,-10.545,-0.312,-0.42,0.944
-0.701,-0.908,-5.713,-1.059,0.0,0.544,4.079,-6.864,-9.748,-0.522,-1.045,1.794
-1.889,-0.81,-5.337,-2.431,1.076,-1.724,5.165,-8.847,-10.55,-0.411,-1.611,2.603
-3.358,-6.161,-4.815,-2.65,1.629,-3.249,6.015,-10.879,-12.412,-0.507,-0.562,3.458
-7.538,-12.214,-3.658,-2.411,1.381,-3.931,7.379,-11.608,-10.798,-0.93,1.327,2.877
-3.414,-15.192,-7.748,-1.691,1.999,-4.2,18.937,-13.245,-5.687,-0.694,3.231,0.0
-2.897,-20.155,-9.779,-1.055,4.378,-4.336,2.762,-9.69,-14.101,-0.254,-2.099,-0.378
-7.887,-17.306,-9.343,-0.171,2.917,-3.827,-0.802,-10.032,-8.268,0.0,0.431,0.619
-5.743,-13.513,-11.437,-0.605,2.482,-0.878,-0.78,-10.048,-11.502,0.0,0.445,0.649
