-0.838,-10.351,-8.901,0.0,0.0,0.114,0.252,-9.767,-11.608,0.0,0.0,0.0
-0.49,-10.221,-8.993,0.0,0.0,0.108,0.0,-9.796,-11.54,0.0,0.0,0.0
-0.459,-10.2,-9.069,0.0,0.0,0.0,0.0,-9.731,-11.502,0.0,0.0,0.0
-0.452,-10.241,-9.039,0.0,0.0,0.0,0.0,-9.762,-11.438,0.0,0.0,0.0
-0.42,-10.32,-9.106,0.0,0.0,0.0,0.0,-9.736,-11.651,0.0,0.238,0.0
-0.997,-10.231,-9.09,0.0,-0.156,-0.112,-0.288,-9.792,-11.539,0.119,0.209,0.0
-8.492,-13.066,-9.188,0.609,-0.609,1.275,-0.387,-9.847,-11.359,0.211,0.131,-0.14
-13.281,-15.216,-10.881,1.351,0.45,4.394,0.186,-9.841,-10.973,0.244,0.0,-0.247
-15.343,-11.658,-10.633,-0.122,-0.201,4.394,1.158,-9.837,-10.308,0.189,-0.734,-0.217
-14.593,-10.111,-8.009,-0.521,-0.294,4.394,2.463,-11.486,-5.707,0.272,-1.744,0.201
-7.014,-6.772,-8.638,-0.326,-1.733,4.394,15.64,-13.065,-9.066,0.437,-3.404,-2.316
-4.54,-1.201,-9.775,-0.226,-1.116,3.737,6.41,-17.129,-7.933,1.23,1.756,-3.694
-2.772,5.054,-8.11,0.609,-1.388,2.34,4.221,-12.961,-9.146,1.503,-0.822,-4.352
2.594,7.685,-8.202,-1.234,-2.876,-0.685,4.25,-9.154,-12.409,0.95,-0.558,-3.854
7.191,-7.108,-6.894,-1.808,-1.56,-3.055,0.974,-5.839,-11.795,0.35,1.312,-2.604
-5.206,-20.155,9.229,-1.264,-3.104,-3.686,0.0,-3.298,-9.639,0.287,0.942,-0.92
-4.592,-3.398,-0.344,-1.126,2.012,1.9,1.619,-2.52,-10.457,0.0,-0.698,0.614
-2.454,-5.471,-4.951,-0.283,1.069,2.456,5.558,-3.516,-10.709,-0.203,-0.706,1.825
-1.033,-4.937,-2.95,-1.157,0.0,1.893,5.834,-4.914,-10.944,-0.293,-0.65,2.94
0.269,-0.846,-4.868,-1.859,0.629,0.229,4.044,-7.375,-9.074,-0.601,-0.561,4.217
-1.492,-2.43,-5.163,-2.189,1.618,-1.967,5.997,-14.934,-11.58,-1.108,-1.18,4.378
-4.337,-9.344,-6.46,-2.984,2.491,-3.906,10.75,-15.042,-13.747,-1.307,1.79,3.37
-7.039,-16.974,-4.359,-1.948,2.249,-4.336,-6.013,-12.899,-1.383,-0.324,1.556,-0.256
-4.951,-20.155,-7.652,-1.39,1.53,-4.336,2.713,-7.693,-14.114,-0.112,1.549,0.207
-5.255,-16.471,-10.784,-0.648,4.378,-3.007,2.708,-9.322,-13.275,-0.216,-0.305,0.287
