-0.825,-10.344,-9.005,0.0,0.0,-0.115,-0.141,-9.749,-11.645,0.0,0.0,0.0
-0.683,-10.588,-8.978,0.0,0.265,0.0,0.166,-9.752,-11.545,0.0,0.0,-0.128
-0.638,-10.067,-8.954,0.0,0.0,0.0,0.363,-9.692,-11.486,0.0,0.0,0.0
-0.748,-9.998,-8.901,0.0,0.106,0.0,0.131,-9.753,-11.532,0.0,0.0,0.0
-0.95,-10.344,-9.156,0.0,0.218,0.0,0.173,-9.73,-11.594,0.0,0.0,-0.119
-1.124,-10.193,-8.915,0.0,0.0,0.0,0.678,-9.54,-11.49,0.0,0.0,0.0
-0.842,-10.281,-9.277,0.0,0.171,0.102,0.817,-9.47,-11.425,0.0,0.0,0.112
-0.762,-10.199,-9.342,0.0,0.0,0.0,0.72,-9.82,-11.287,0.0,0.0,0.263
-2.53,-10.255,-8.554,0.0,-0.394,0.192,0.0,-9.81,-11.712,0.0,0.0,0.329
-9.195,-14.157,-7.272,1.291,0.6,3.502,-0.518,-9.916,-11.787,0.0,0.0,0.162
-14.13,-12.709,-9.1,1.222,1.273,3.67,-0.924,-9.862,-11.632,0.156,0.0,-0.114
-16.374,-8.918,-9.304,0.432,-0.654,3.7,0.675,-10.1,-10.908,0.0,-0.199,-0.13
-11.932,-6.255,-9.006,0.136,-1.186,4.394,2.972,-11.173,-8.23,0.159,-0.128,0.528
-8.306,-6.234,-9.054,0.105,-2.213,4.394,16.437,-14.182,-6.378,0.457,-1.348,-1.076
-3.706,-0.651,-9.05,0.132,-1.163,3.837,6.517,-17.412,-4.751,1.449,0.594,-3.242
0.765,5.423,-8.265,0.0,-1.31,1.862,3.368,-15.379,-10.392,1.638,0.0,-3.782
2.54,6.376,-6.907,-1.347,-2.088,-0.56,1.413,-11.06,-12.42,1.138,0.15,-3.483
5.663,-4.451,-5.41,-2.238,-0.895,-2.588,0.0,-7.33,-12.62,0.705,0.762,-2.344
-5.315,-19.788,7.484,-1.391,-2.615,-4.202,-0.463,-5.833,-12.479,0.288,0.361,-1.431
-9.634,-5.54,-3.099,-0.163,2.749,1.581,-0.759,-4.47,-12.475,-0.188,0.0,-0.349
0.373,-8.876,-4.704,0.0,1.516,3.491,0.556,-4.028,-10.433,-0.857,-0.272,1.338
1.472,-1.687,-6.366,-1.632,-0.112,0.894,2.762,-6.637,-9.626,-1.56,-0.465,3.476
1.642,-3.837,-2.316,-3.113,1.579,-1.752,5.821,-13.557,-8.284,-1.971,-0.836,4.366
-5.076,-9.617,-4.129,-2.104,2.415,-3.692,6.716,-15.771,-8.102,-1.423,0.0,3.6
-6.916,-12.695,-7.042,-1.488,2.394,-3.802,7.181,-13.22,-5.79,-0.885,-0.604,1.637
