-9.312,-11.824,-2.989,-2.064,0.73,-4.336,-0.524,-9.79,-11.609,0.0,0.0,0.0
-1.643,-10.281,-8.666,0.0,-0.119,-0.135,-0.451,-9.765,-11.686,0.0,0.0,0.0
-1.544,-10.364,-8.822,0.0,0.0,-0.126,-0.211,-9.719,-11.553,0.0,0.0,0.0
-1.488,-10.19,-8.841,0.0,0.0,0.0,-0.267,-9.717,-11.63,0.0,0.0,0.0
-1.474,-10.142,-8.901,0.0,0.0,0.0,-0.244,-9.674,-11.601,0.0,0.0,0.0
-1.28,-10.322,-9.042,0.0,0.0,0.0,0.0,-9.822,-11.632,0.0,0.0,0.0
-1.125,-10.247,-8.987,0.0,-0.204,0.0,-0.347,-9.789,-11.724,0.0,0.0,0.0
-1.072,-10.125,-8.932,0.0,-0.359,0.0,-0.199,-9.819,-11.823,0.0,0.0,0.0
-3.358,-11.056,-8.33,0.487,-0.209,0.447,-0.616,-9.876,-11.802,0.0,0.119,0.148
-6.255,-11.715,-7.488,0.697,0.0,1.489,-0.511,-9.889,-11.803,0.191,0.0,0.168
-10.799,-13.726,-5.74,1.326,0.881,2.271,0.0,-10.459,-11.011,0.19,-0.106,0.288
-13.952,-12.858,-6.719,1.707,0.719,3.578,2.057,-11.836,-7.697,0.438,-0.433,0.434
-12.443,-7.315,-7.852,0.956,0.52,4.324,8.968,-15.197,-3.968,0.993,1.364,-1.829
-10.808,-6.176,-8.49,0.248,-0.31,4.394,4.931,-16.692,-5.616,1.798,0.467,-3.002
-5.639,-3.226,-7.643,0.31,-1.047,4.394,2.786,-15.915,-9.179,2.002,0.282,-3.512
1.207,4.869,-9.849,0.391,-1.01,3.539,1.524,-11.271,-11.748,1.62,-0.409,-3.382
-0.133,7.541,-8.173,-1.194,-0.627,0.325,-1.169,-7.039,-13.661,1.088,0.596,-2.332
4.166,2.695,-7.289,-1.401,-2.563,-1.645,-2.234,-4.812,-13.275,0.339,0.435,-1.172
3.079,-20.155,-0.145,-3.605,-0.179,-4.336,-1.734,-4.003,-12.201,-0.434,-0.175,0.207
-13.091,-4.053,-7.004,1.206,1.397,-0.92,1.402,-5.395,-11.024,-1.267,0.121,1.931
-2.386,-7.481,-1.155,-1.153,0.66,2.567,3.932,-9.075,-8.046,-1.968,-0.158,3.407
1.142,-2.52,-3.749,-1.264,-0.219,1.263,5.961,-15.106,-6.749,-1.843,-0.545,3.795
0.0,-2.121,-1.368,-2.801,0.197,-1.06,5.174,-15.083,-6.651,-1.347,-1.162,2.922
-3.873,-5.445,-0.969,-1.968,1.751,-3.1,3.893,-12.459,-6.682,-0.773,-1.802,1.556
-7.828,-10.233,-2.725,-1.849,0.786,-3.768,6.224,-11.196,-9.03,-0.174,0.17,0.499
