-0.729,-9.417,-10.326,-0.11,0.0,0.0,0.0,-9.473,-12.637,0.0,0.0,0.0
0.0,-10.549,-9.515,0.284,-0.355,-0.112,-0.513,-9.771,-12.75,0.117,-0.114,0.0
0.247,-11.45,-10.482,0.174,0.965,0.0,-0.108,-9.394,-12.461,0.125,0.0,0.0
-0.729,-10.264,-10.542,0.0,0.726,0.0,-0.193,-9.565,-12.022,0.18,0.276,0.242
-2.792,-10.349,-8.288,0.101,-0.674,0.0,-1.475,-9.712,-12.069,0.227,0.468,0.152
-10.286,-14.619,-8.604,1.514,0.103,2.44,-0.91,-9.762,-11.994,0.27,0.209,0.0
-18.953,-15.554,-9.096,1.003,1.255,4.394,-0.46,-9.999,-11.378,0.244,-0.158,-0.172
-15.53,-11.53,-9.862,0.0,0.264,4.394,3.013,-11.009,-10.354,0.328,-0.339,0.633
-8.859,-8.277,-8.355,0.0,-1.321,4.394,17.404,-12.828,-8.984,0.375,-0.441,-1.203
-5.29,-1.151,-10.536,-0.368,-1.641,3.97,8.016,-17.069,-8.016,0.876,1.437,-3.421
-0.671,4.228,-8.224,0.0,-0.956,2.17,5.837,-17.29,-9.424,1.376,0.607,-4.352
-1.485,1.777,-6.84,-2.349,-1.997,-1.224,3.13,-13.75,-11.965,0.961,0.0,-4.352
3.461,-10.737,-4.727,-0.83,-1.341,-2.526,-1.242,-7.448,-12.82,0.549,1.016,-2.867
-12.977,-10.18,1.99,0.0,-1.725,-2.714,-2.537,-5.687,-11.86,0.166,0.658,-1.361
2.144,-3.469,-2.301,0.54,0.146,1.568,0.0,-3.936,-11.382,-0.246,0.118,0.0
-1.77,-5.763,-3.141,-0.676,0.911,1.282,2.296,-4.222,-10.017,-0.796,-0.138,1.807
-1.343,-7.284,-2.104,-0.401,0.741,1.352,4.908,-7.185,-9.884,-1.249,-0.707,3.448
-0.431,-2.361,-6.689,-1.489,0.412,-0.344,5.284,-11.366,-8.563,-1.117,-1.357,4.378
-3.928,-3.489,-6.193,-2.755,0.833,-2.403,6.732,-17.303,-9.74,-0.875,-1.048,4.378
-5.55,-10.64,-5.791,-3.012,1.58,-4.119,18.937,-19.656,4.204,-0.539,-1.119,2.373
-2.957,-16.502,-7.906,-0.738,3.274,-4.336,-3.025,-11.684,-13.187,-0.417,-2.145,-0.938
-10.088,-19.271,-4.475,0.694,2.367,-4.336,-1.02,-10.221,-8.844,0.0,0.71,0.183
-6.048,-17.977,-12.822,0.311,3.982,-4.336,0.351,-10.008,-11.475,0.0,0.216,0.768
-9.219,-13.479,-11.137,-1.391,2.431,-2.494,-2.041,-9.912,-11.587,-0.181,-0.195,0.261
-4.096,-11.894,-8.805,-0.806,0.662,0.652,-1.469,-9.884,-11.489,-0.103,0.216,-0.31
