-3.275,-18.549,-6.935,-1.697,1.961,-4.336,0.241,-9.725,-11.451,0.0,0.0,0.0
-0.153,-9.741,-8.935,-0.14,-0.279,0.246,0.0,-9.754,-11.491,0.0,0.0,0.0
-0.444,-10.36,-9.265,-0.163,0.0,0.0,0.0,-9.758,-11.541,0.0,0.0,0.0
-0.654,-10.014,-8.823,-0.259,-0.54,-0.219,0.434,-9.603,-11.03,0.0,0.0,0.0
-0.728,-11.295,-8.109,0.0,-0.421,-0.31,0.0,-9.811,-11.437,0.0,0.471,0.152
-2.748,-10.649,-8.909,0.105,0.311,0.242,-0.659,-10.099,-11.296,0.0,0.183,0.0
-7.854,-12.838,-8.226,0.795,-0.323,1.993,0.0,-9.899,-11.375,0.1,-0.143,-0.197
-13.731,-12.686,-8.36,1.093,-0.26,3.618,0.474,-10.19,-10.884,0.192,-0.242,0.0
-17.314,-11.456,-8.844,0.225,0.0,4.394,2.108,-10.555,-8.888,0.206,-0.514,0.51
-12.517,-9.085,-8.105,0.325,-1.445,4.394,13.912,-12.957,-8.139,0.429,-2.482,-1.063
-6.097,-4.6,-9.324,0.503,-1.602,4.394,5.916,-16.409,-6.178,1.218,1.366,-3.073
-1.527,2.167,-10.11,0.0,-1.569,3.273,3.181,-15.079,-7.614,1.753,0.787,-3.411
1.498,4.559,-9.191,-1.185,-1.58,0.259,2.746,-12.404,-11.074,1.434,0.142,-3.371
-0.125,-1.543,-3.768,-1.072,-2.221,-1.765,0.612,-8.193,-13.027,0.871,0.299,-2.775
3.124,-20.155,3.827,-1.579,-0.978,-4.336,-2.497,-5.07,-12.707,0.404,0.6,-1.436
-15.824,-4.46,-3.628,-1.186,0.682,-0.123,-1.902,-3.335,-11.935,-0.151,0.0,0.0
0.0,-3.756,-3.147,0.826,-1.133,1.381,2.347,-3.66,-11.569,-0.822,-0.271,1.654
2.904,-6.665,-4.526,-0.879,0.678,1.523,6.305,-7.183,-10.965,-1.364,-0.736,3.028
-1.934,-5.848,-4.893,-1.443,1.93,0.507,4.816,-11.672,-7.563,-1.777,-0.718,3.75
0.0,-5.972,-6.479,-2.648,1.28,-1.186,4.46,-15.95,-7.535,-1.621,-0.497,4.277
-1.681,-10.703,-7.946,-2.098,2.962,-3.469,6.91,-14.51,-11.073,-1.582,-0.765,2.864
-5.001,-17.414,-7.268,-1.841,1.673,-4.336,-8.475,-9.901,-9.131,-1.014,-1.197,-0.503
-4.536,-20.155,-12.137,0.143,4.071,-4.336,-1.689,-10.716,-8.502,0.0,1.746,0.289
-15.323,-20.155,-5.643,-0.7,2.422,-4.238,1.164,-9.626,-12.288,-0.109,0.398,0.485
-6.33,-10.639,-11.775,-0.663,3.397,-0.706,-0.853,-9.893,-11.948,-0.235,-0.14,0.309
