-10.808,-15.691,-6.747,-1.596,0.438,-3.22,-1.183,-9.939,-9.193,-0.188,0.445,-0.108
-6.793,-11.156,-10.713,-0.906,2.45,-1.671,0.34,-9.667,-11.905,-0.138,0.0,0.263
-0.745,-10.332,-8.967,0.0,0.199,0.0,0.471,-9.734,-11.517,0.0,0.0,0.0
-0.905,-10.033,-8.696,0.0,-0.347,0.0,0.412,-9.761,-11.129,0.0,0.0,0.0
-0.419,-10.324,-8.897,0.0,-0.103,0.0,0.0,-9.832,-11.311,0.0,0.0,0.0
-0.933,-10.1,-8.89,0.0,0.192,0.0,0.271,-9.621,-11.395,0.0,0.0,0.0
-0.447,-10.053,-9.066,0.0,-0.117,0.0,0.358,-9.577,-11.307,0.0,0.0,0.0
-3.034,-10.733,-8.277,0.281,-0.9,0.0,0.759,-9.445,-11.05,0.0,0.0,0.0
-11.361,-14.514,-6.741,0.935,-0.282,2.396,0.106,-10.016,-11.383,0.0,0.0,0.297
-15.693,-14.652,-4.631,2.028,1.576,4.394,-0.873,-9.98,-11.347,0.0,0.0,0.229
-16.535,-10.318,-7.403,1.043,0.465,4.394,-0.485,-10.194,-11.899,0.141,-0.136,0.0
-8.715,-6.018,-9.38,0.572,-0.89,4.394,0.0,-10.912,-11.099,0.11,-0.279,0.271
-4.239,-2.228,-10.713,0.661,-0.972,4.394,6.748,-12.963,-5.696,0.445,-1.1,0.423
-1.586,3.987,-8.514,-0.26,-1.051,3.091,11.339,-16.011,-5.711,1.001,1.34,-2.824
2.29,6.751,-10.067,-1.091,-2.043,0.332,3.857,-16.989,-8.1,1.539,0.849,-3.837
2.34,-2.814,-2.668,-1.817,-1.931,-2.363,1.541,-14.463,-10.861,1.494,0.454,-3.605
-3.756,-18.943,6.974,-1.695,-2.812,-4.336,1.493,-9.811,-12.172,0.978,0.475,-2.936
-9.402,-4.807,-0.299,-0.525,1.617,2.213,-1.321,-7.177,-11.879,0.721,0.629,-1.949
0.686,-5.128,-5.073,0.571,-0.104,2.919,-0.976,-5.387,-12.553,0.168,0.102,-1.015
2.144,-3.832,-2.936,-1.773,0.835,1.478,0.899,-3.528,-11.496,-0.51,0.147,0.251
1.357,-2.027,-2.191,-1.648,1.697,-0.251,1.772,-5.205,-9.537,-1.25,-0.4,2.171
-2.326,-2.473,-3.512,-1.696,2.094,-2.252,2.489,-9.357,-7.647,-1.573,-0.34,3.971
-4.979,-6.786,-6.343,-2.205,2.038,-4.083,5.666,-15.671,-10.104,-1.66,-1.858,4.378
-6.269,-13.55,-5.99,-1.435,1.449,-4.336,7.716,-17.63,-9.702,-1.407,-0.3,4.002
-8.648,-16.258,-5.143,-0.805,0.642,-3.931,8.994,-11.522,-7.362,-0.84,-1.055,0.258
