-1.322,-9.962,-8.921,0.0,-0.511,0.0,-0.3,-9.695,-11.511,0.0,0.0,0.0
-0.928,-10.385,-8.833,0.0,-0.259,0.109,0.531,-9.702,-11.475,0.0,0.102,-0.188
-0.805,-10.003,-8.754,0.0,0.0,0.3,0.684,-9.696,-11.419,0.0,0.0,-0.117
-0.303,-9.944,-8.846,0.0,-0.305,0.107,0.492,-9.759,-11.335,0.0,0.0,0.0
-0.698,-10.093,-8.469,0.0,-0.267,-0.137,0.423,-9.686,-11.256,0.0,0.0,0.0
-0.854,-10.21,-9.008,0.0,-0.214,-0.175,0.606,-9.741,-11.309,0.0,0.0,0.0
-0.967,-10.211,-9.325,0.0,-0.149,-0.105,0.546,-9.764,-11.192,0.0,0.0,0.0
-0.806,-10.401,-9.357,0.0,-0.124,0.0,0.833,-9.608,-11.047,0.0,0.183,0.105
-1.522,-10.373,-8.859,0.0,-0.201,0.0,0.0,-9.931,-11.541,0.0,0.279,0.102
-11.804,-15.105,-7.777,1.513,0.0,2.706,0.156,-9.825,-11.703,0.107,0.0,0.0
-20.301,-15.114,-10.286,1.602,0.643,4.394,0.455,-11.157,-10.507,0.2,-0.602,0.191
-16.748,-10.83,-7.466,0.0,-0.425,4.394,5.432,-12.511,-4.482,0.642,-1.489,-0.383
-5.118,-10.296,-7.311,0.9,-1.58,4.394,13.808,-16.807,-8.93,0.86,1.482,-3.369
-4.347,-2.006,-8.605,-0.43,-1.461,3.856,2.565,-15.654,-7.611,1.654,0.435,-4.352
2.897,4.621,-9.735,0.0,-2.316,1.648,3.636,-9.561,-11.935,1.166,-1.072,-4.063
-1.772,2.129,-4.867,-1.43,-0.173,-0.649,2.754,-6.906,-13.343,0.371,0.182,-3.164
3.127,-10.945,-3.654,-1.364,-1.357,-2.364,1.121,-5.193,-10.7,0.168,1.32,-1.857
-8.146,-6.154,-0.813,0.836,-0.326,-1.795,0.899,-2.453,-10.101,0.0,-0.283,-0.378
-5.41,-3.832,-2.19,-1.034,0.896,0.788,3.268,-1.794,-10.349,-0.529,-0.875,1.377
-0.489,-6.773,-4.332,-0.965,0.34,1.737,3.514,-3.604,-10.524,-0.564,-0.464,3.43
1.249,-1.887,-4.046,-1.704,0.22,0.375,2.915,-8.656,-9.567,-0.85,-0.57,4.378
0.321,-2.647,-5.574,-1.947,1.284,-2.562,6.645,-19.405,-11.955,-1.134,-0.794,4.378
-5.613,-9.841,-5.208,-2.96,2.752,-4.336,18.937,-19.076,-6.826,-1.407,0.434,2.252
-6.429,-15.763,-6.089,-1.036,1.359,-4.336,-7.477,-9.392,-7.179,-0.536,-2.812,-0.715
-7.226,-18.379,-8.422,-1.289,1.532,-4.336,-2.155,-10.993,-8.115,0.0,0.58,0.0
