-0.709,-10.216,-8.762,0.0,-0.108,0.0,0.114,-9.791,-11.509,0.0,0.0,0.0
-0.57,-10.265,-8.718,0.0,-0.13,0.0,0.212,-9.609,-11.425,0.0,0.0,0.0
-0.431,-10.301,-8.844,0.0,0.0,0.0,0.0,-9.72,-11.198,0.0,0.0,0.0
-0.692,-10.174,-8.874,0.0,-0.119,0.0,-0.308,-9.961,-11.593,0.0,0.136,0.0
-5.77,-12.077,-8.244,0.43,-0.577,0.43,0.0,-9.801,-11.393,0.134,0.103,-0.172
-16.835,-18.688,-9.81,2.145,0.844,4.007,0.841,-9.924,-11.05,0.118,0.0,-0.138
-20.301,-16.996,-10.344,-0.118,-0.249,4.394,1.887,-10.326,-9.934,0.124,-0.589,0.507
-9.769,-15.07,-5.79,0.0,-2.88,4.394,11.404,-12.401,-8.589,0.306,-1.049,0.176
0.12,-4.93,-10.322,0.983,-1.893,4.394,9.345,-15.903,-7.224,0.742,0.97,-3.239
1.226,0.91,-9.478,-0.242,-1.547,1.573,3.629,-15.636,-8.947,1.138,0.736,-3.955
1.105,-1.806,-4.981,-1.081,-1.782,-0.923,4.033,-12.256,-11.248,0.925,-0.397,-3.715
4.053,-7.78,-3.521,-0.611,-0.373,-2.372,1.0,-8.881,-13.033,0.427,0.634,-2.918
-6.534,-9.974,4.582,0.843,-3.27,-2.498,-1.488,-6.577,-11.752,0.165,1.147,-1.649
-4.116,-3.936,-2.214,-0.327,2.442,1.091,-1.669,-5.197,-11.429,0.0,0.0,-0.475
-0.107,-5.805,-5.639,-0.18,0.22,2.149,1.505,-4.525,-11.329,-0.533,-0.402,1.022
0.692,-4.521,-4.007,-1.528,1.788,0.705,2.751,-5.883,-11.304,-0.779,-0.804,3.022
-1.103,-3.952,-4.875,-1.691,0.958,-1.067,3.988,-10.833,-9.852,-0.915,-1.46,4.378
-2.89,-6.413,-6.303,-1.914,1.512,-2.656,8.22,-18.76,-11.941,-0.944,-0.549,4.378
-5.471,-11.862,-6.655,-2.218,1.358,-4.192,18.937,-18.658,-9.015,-0.888,1.493,0.652
-3.564,-16.596,-8.332,-0.885,2.064,-4.336,10.512,-11.91,-18.487,-0.453,-3.575,-1.265
-7.165,-20.155,-10.575,-0.147,4.207,-4.336,-0.503,-10.173,-8.961,-0.213,-0.323,0.0
-9.645,-16.816,-8.804,-1.648,0.935,-2.9,0.0,-9.728,-10.698,-0.11,0.0,0.262
-5.726,-12.712,-9.32,0.0,-0.169,-0.94,0.509,-9.805,-11.858,0.0,0.151,0.0
-2.862,-10.95,-9.85,-0.33,1.393,0.408,0.0,-9.726,-11.854,0.0,0.0,0.0
-1.825,-10.594,-9.319,-0.369,2.114,0.96,0.703,-9.679,-11.89,0.0,0.0,-0.148
