-0.4,-10.018,-8.634,0.0,0.0,0.0,0.316,-9.69,-11.73,0.0,0.0,0.0
-0.508,-10.172,-8.759,0.0,0.0,-0.127,0.447,-9.67,-11.682,0.0,0.0,0.0
-0.712,-10.206,-8.745,0.0,0.0,-0.183,0.326,-9.714,-11.663,0.0,0.0,0.0
-0.811,-10.321,-8.771,0.0,0.0,-0.172,0.24,-9.659,-11.535,0.0,0.0,0.0
-1.287,-10.336,-8.469,0.0,0.0,0.0,0.398,-9.621,-11.266,0.0,0.166,0.0
-3.993,-11.007,-7.201,0.61,0.0,0.814,0.0,-9.76,-11.84,0.0,0.218,0.0
-10.17,-14.311,-8.238,2.163,0.497,2.971,0.17,-9.829,-11.817,0.162,0.0,0.0
-17.046,-12.112,-7.97,0.486,0.618,4.217,0.62,-10.294,-11.243,0.137,-0.42,0.31
-13.21,-8.229,-5.719,-0.116,-0.151,4.394,4.274,-11.208,-9.182,0.348,-0.73,0.842
-9.159,-7.398,-8.367,0.677,-0.243,4.394,12.304,-13.531,-7.581,0.534,1.362,-1.58
-5.594,-4.836,-9.17,0.421,-1.164,4.394,4.349,-15.094,-7.329,1.206,1.248,-2.662
-2.81,1.379,-6.302,0.317,-0.951,3.315,1.437,-13.702,-10.427,1.236,0.0,-2.956
2.271,8.384,-8.584,0.116,-2.386,1.082,0.652,-10.846,-12.382,0.765,-0.326,-2.911
-1.045,1.737,-4.186,-1.242,-1.39,-2.0,-0.126,-7.658,-12.133,0.35,0.837,-1.91
-1.17,-16.273,4.239,-2.035,-3.497,-4.336,-0.908,-7.044,-10.272,0.225,0.287,-0.832
-14.732,-0.272,-4.612,-0.596,3.327,-0.505,0.371,-6.584,-11.48,0.0,-0.782,-0.291
-2.093,-4.07,-3.528,0.0,0.0,2.263,2.967,-6.463,-11.568,-0.399,-0.261,0.641
-2.168,-3.555,-3.086,-1.473,0.882,1.01,4.296,-6.766,-9.961,-0.605,-0.727,1.885
-2.406,-1.216,-2.998,-1.691,0.72,0.169,4.02,-8.921,-8.203,-0.572,-1.034,3.194
-2.761,0.0,-4.773,-1.644,1.396,-1.516,7.987,-12.816,-10.651,-0.524,-1.027,4.156
-5.214,-3.525,-4.8,-1.845,0.758,-3.076,9.018,-13.311,-11.621,-0.623,0.0,2.879
-7.962,-9.196,-3.734,-1.766,0.825,-3.919,-8.234,-9.655,-9.706,-0.345,0.688,-0.484
-2.266,-14.043,-7.414,0.0,1.292,-4.336,1.197,-9.407,-11.32,0.0,1.275,0.0
-8.313,-17.458,-6.931,-1.36,3.112,-4.336,2.059,-9.155,-12.203,0.0,0.0,0.212
-6.135,-17.676,-6.053,0.0,1.97,-3.301,0.306,-9.892,-11.022,0.0,-0.119,0.425
