-10.709,-17.869,-11.402,-0.592,4.047,-4.336,0.231,-9.75,-11.351,0.0,0.0,0.0
-10.963,-16.49,-4.665,-1.287,0.147,-2.805,0.172,-9.789,-11.429,0.0,0.0,0.0
-3.722,-12.35,-9.72,0.65,-0.237,-1.687,0.179,-9.77,-11.401,0.0,0.0,0.0
-0.538,-10.089,-8.676,0.0,0.105,0.0,0.365,-9.586,-11.356,0.0,0.0,0.0
-0.836,-10.112,-8.778,0.0,0.0,-0.263,0.0,-9.832,-11.422,0.0,0.3,0.0
-1.201,-10.283,-8.87,0.0,0.0,-0.224,-0.292,-9.85,-11.173,0.0,0.0,-0.213
-2.354,-10.507,-8.832,0.165,0.0,0.115,0.923,-10.151,-11.229,0.134,-0.186,-0.187
-13.283,-14.424,-8.067,1.103,-0.348,1.871,2.578,-10.059,-9.955,0.298,-0.593,0.512
-20.301,-15.871,-10.207,1.233,0.9,4.394,9.028,-11.357,-8.736,0.45,-0.154,-0.301
-17.588,-13.193,-7.534,-0.357,0.0,4.394,8.331,-17.739,-8.446,0.915,1.572,-3.9
-2.977,-7.914,-7.928,0.227,-2.092,4.394,4.497,-13.806,-7.228,1.632,0.308,-4.352
-1.967,0.239,-10.305,-0.722,-1.088,2.634,4.905,-9.117,-10.29,1.362,-0.612,-4.328
-2.293,0.316,-9.204,-0.645,-1.445,0.752,2.222,-5.406,-12.119,0.624,-0.196,-2.95
1.209,-2.842,-5.459,-1.112,-0.902,-0.448,1.017,-4.227,-11.283,0.258,0.454,-1.278
-1.784,-5.898,-2.165,-0.793,-0.562,-1.67,1.594,-2.683,-11.037,-0.181,-0.323,0.351
-2.578,-4.648,-1.914,0.553,-0.552,-2.038,3.546,-3.693,-10.827,-0.514,-0.707,1.89
-10.261,-2.982,2.158,-0.283,0.0,0.0,4.062,-4.901,-10.833,-0.871,-0.13,3.606
-2.848,-2.92,-3.453,0.0,-0.479,0.966,2.811,-10.404,-9.25,-1.066,-0.722,4.378
-2.154,-3.566,-3.696,-1.1,0.88,0.582,6.192,-18.998,-12.261,-0.837,-0.3,4.378
-3.141,-3.184,-4.469,-1.205,0.934,0.334,18.937,-19.045,-0.755,0.474,2.54,-0.591
-1.414,-2.783,-5.641,-1.1,0.816,-0.936,9.959,-9.649,-16.496,-0.202,-0.28,0.0
-2.525,-5.416,-7.539,-1.369,1.873,-2.749,3.015,-9.645,-12.84,-0.178,-0.628,0.498
-8.217,-12.899,-8.915,-1.669,3.176,-4.336,-2.23,-9.711,-11.529,-0.134,0.0,0.472
-9.522,-16.696,-8.771,0.459,0.857,-4.336,-0.117,-10.044,-11.808,0.0,0.0,-0.27
-13.496,-17.613,-10.843,-0.123,1.822,-4.336,-0.339,-9.729,-11.733,0.0,0.109,-0.477
