-1.061,-10.141,-8.799,-0.158,-0.228,0.0,-0.25,-9.802,-11.586,0.0,0.0,0.0
-0.571,-10.109,-8.458,0.0,-0.31,0.0,-0.249,-9.701,-11.614,0.0,0.0,0.0
-0.997,-10.248,-8.496,0.0,0.17,0.0,-0.229,-9.76,-11.656,0.0,0.0,0.0
-0.654,-10.299,-9.182,0.0,0.0,0.0,-0.187,-9.725,-11.686,0.0,0.0,0.0
-0.735,-10.112,-8.978,0.0,0.0,0.0,-0.112,-9.699,-11.629,0.0,0.0,0.0
-0.824,-10.156,-8.814,0.0,0.0,0.0,-0.12,-9.754,-11.578,0.0,0.0,0.0
-0.79,-10.278,-8.966,0.0,0.0,0.119,-0.151,-9.724,-11.595,0.0,0.0,0.0
-0.431,-9.986,-8.937,0.0,-0.124,0.0,0.0,-9.682,-11.461,0.0,0.0,0.0
-0.485,-10.227,-9.143,0.0,-0.282,-0.188,0.507,-9.491,-11.359,0.0,0.0,0.139
-6.206,-12.05,-8.186,0.273,-0.547,0.57,-0.892,-10.058,-11.653,0.0,0.201,0.276
-12.141,-16.297,-6.719,1.231,0.831,3.538,-0.984,-9.787,-11.559,0.0,0.0,0.0
-15.304,-12.532,-7.411,1.749,0.927,4.394,-0.709,-10.1,-11.863,0.192,-0.118,0.0
-13.778,-8.42,-7.151,0.639,-0.172,4.394,0.236,-10.642,-10.777,0.129,-0.151,0.341
-9.854,-6.57,-8.876,0.458,-1.069,4.394,3.818,-11.759,-7.277,0.351,-0.624,0.669
-6.419,-2.495,-8.712,0.0,-1.321,4.394,10.044,-14.249,-6.27,0.83,1.152,-1.729
-0.8,3.723,-7.727,0.755,-1.204,3.034,4.337,-16.892,-5.51,1.554,0.418,-2.999
1.797,6.38,-8.45,0.0,-2.325,0.264,2.701,-16.966,-8.982,1.877,0.577,-3.624
8.467,-7.012,-10.576,-3.12,-0.761,-2.649,1.053,-12.664,-11.274,1.544,0.0,-3.694
-16.173,-16.758,9.229,-0.355,-3.367,-3.288,-1.383,-7.408,-12.267,1.056,0.842,-2.492
-3.955,-4.478,1.29,-0.651,1.373,2.706,-1.538,-5.219,-12.271,0.431,0.473,-1.217
2.632,-4.349,-5.631,0.0,1.328,2.541,-0.919,-3.685,-12.136,-0.412,0.487,0.0
1.249,-2.095,-4.269,-2.354,0.375,0.412,0.403,-4.163,-10.33,-1.056,0.0,1.4
0.151,-4.801,-3.135,-2.158,2.148,-2.094,2.43,-7.944,-10.837,-1.254,-1.76,2.932
-5.038,-7.588,-4.326,-1.951,2.491,-3.47,5.084,-14.397,-11.201,-1.718,-1.805,4.378
-9.765,-12.052,-6.721,-1.622,0.685,-4.323,4.734,-19.656,-7.347,-1.64,0.0,4.378
