-0.538,-9.747,-7.676,0.0,-0.147,0.0,-0.686,-9.401,-11.519,0.0,0.0,0.0
-0.703,-9.833,-7.789,0.0,0.0,-0.355,-0.687,-9.427,-11.414,0.0,0.0,0.0
-1.31,-10.082,-7.823,0.0,0.148,-0.562,-0.738,-9.386,-11.473,0.0,0.0,0.0
-1.615,-10.289,-7.819,0.0,0.24,-0.469,-0.76,-9.364,-11.419,0.0,0.0,0.0
-2.157,-10.095,-7.907,0.0,0.12,-0.473,-0.717,-9.43,-11.416,0.0,0.0,0.0
-6.006,-11.536,-6.633,0.345,0.21,0.484,-0.704,-9.442,-11.333,0.0,0.0,0.0
-13.282,-14.407,-5.67,1.419,-1.075,3.528,-0.814,-9.33,-11.389,0.0,0.0,0.0
-13.822,-12.194,-6.862,1.109,-2.048,4.213,-0.806,-9.117,-11.434,0.0,0.0,0.0
-10.515,-9.881,-7.316,0.461,-2.381,4.217,-0.972,-9.893,-11.243,0.105,0.0,0.158
-7.254,-7.509,-7.275,0.647,-2.209,3.911,-1.786,-9.831,-10.636,0.0,0.174,-0.178
-4.891,-1.533,-8.226,0.0,-2.853,3.015,3.929,-13.24,-8.254,-0.425,1.208,-0.348
-4.635,-0.989,-2.796,-0.481,-2.305,1.754,16.223,-15.309,1.092,0.66,0.0,-1.169
-4.955,-2.201,-0.6,0.112,-1.835,0.852,1.459,-18.418,-0.6,3.605,0.0,-1.326
-1.109,-3.114,-2.599,1.903,-3.142,1.708,3.549,-19.189,-8.163,4.411,-0.387,-1.325
6.143,-17.421,-6.359,0.706,0.0,-2.001,-2.265,-13.276,-14.129,3.184,1.543,-1.832
8.458,-2.969,0.621,-0.827,-0.193,2.09,-7.262,-4.736,-16.879,1.291,0.397,-1.271
0.733,-4.818,4.732,-1.807,-1.006,-1.553,-6.381,-1.682,-16.817,-0.665,-2.115,-0.115
1.418,-7.148,0.242,-0.444,-0.141,-0.793,-3.717,-5.708,-13.995,-1.775,0.0,1.178
0.55,-7.069,-2.938,-0.857,1.575,-0.109,-0.933,-11.187,-11.463,-2.331,-0.256,2.09
0.836,-5.381,-6.435,0.0,1.398,-1.031,3.48,-16.082,-8.599,-2.509,-0.955,2.214
-1.114,-5.2,-8.962,-1.473,2.334,-2.784,5.064,-16.111,-5.347,-2.281,-0.144,1.86
-6.437,-8.882,-7.741,-1.442,2.907,-3.923,4.714,-12.443,-7.154,-1.594,0.77,1.371
-5.938,-12.892,-7.588,-1.795,2.266,-4.374,9.606,-13.748,0.14,0.161,1.52,0.439
-8.797,-19.433,-6.003,-3.919,1.111,-4.374,0.385,-8.906,-14.24,-0.183,-0.737,-0.15
-6.431,-20.122,-3.07,-4.289,1.277,-4.374,-1.403,-8.981,-10.325,-0.387,-0.599,0.0
