-2.212,-9.694,-6.504,0.0,0.0,0.247,-0.548,-9.443,-10.789,0.0,0.0,0.0
-1.989,-9.585,-6.724,0.121,0.0,0.329,-0.611,-9.425,-10.811,0.0,0.0,0.0
-1.486,-9.669,-6.801,0.136,0.0,0.329,-0.601,-9.453,-10.847,0.0,0.0,0.0
-1.39,-9.372,-7.054,0.0,0.105,0.179,-0.612,-9.415,-10.919,0.0,0.0,0.0
-1.503,-9.349,-7.151,0.0,0.0,0.0,-0.526,-9.394,-10.973,0.0,0.0,0.0
-5.981,-10.606,-6.176,-0.441,-0.41,0.0,-0.72,-9.444,-10.842,0.0,0.0,0.0
-12.543,-11.856,-5.236,-0.185,-1.173,1.978,-0.631,-9.421,-10.845,0.0,0.0,0.0
-14.16,-12.896,-4.293,0.189,-1.207,3.38,-0.914,-9.693,-10.874,0.105,0.0,0.0
-13.795,-11.721,-8.218,0.941,-2.374,4.168,-0.94,-9.838,-10.649,0.187,0.104,0.0
-11.911,-10.077,-8.926,1.233,-3.5,4.229,1.451,-12.368,-8.071,0.156,-0.18,-0.126
-8.189,-5.917,-8.424,1.297,-2.48,3.942,12.907,-16.123,0.0,1.028,-0.885,-1.085
-5.402,-4.07,-7.565,0.261,-3.14,3.592,12.862,-16.074,-8.24,0.578,-1.656,-2.83
-0.151,-2.319,-6.649,-0.165,-0.974,2.976,2.106,-16.457,-6.868,1.534,1.246,-3.032
-0.49,-1.076,-6.472,-0.599,-1.301,1.705,4.035,-13.529,-9.761,2.07,1.951,-2.775
2.803,-1.119,-6.192,-1.294,0.191,0.847,-3.139,-8.459,-11.753,2.116,1.054,-2.085
3.199,-4.486,-2.762,-1.528,-0.65,-0.416,-4.661,-2.234,-11.829,1.02,-0.34,-1.483
4.492,-15.852,7.995,0.259,0.38,-2.026,-5.345,-0.337,-13.388,0.142,0.0,0.0
2.531,-6.804,-2.863,-0.462,1.917,2.219,-4.337,-2.526,-13.384,-0.677,-0.422,1.533
5.955,-7.695,2.493,-0.449,-0.955,-0.653,0.449,-7.974,-11.91,-1.366,0.108,2.528
-2.04,-9.427,2.101,-0.423,-0.81,0.206,3.596,-13.665,-10.388,-2.278,0.145,2.483
1.055,-7.845,-1.9,0.204,-0.326,0.805,4.86,-15.783,-8.078,-2.617,0.0,2.055
2.083,-4.098,-6.651,1.186,1.201,-0.446,4.735,-15.047,-6.725,-2.473,-0.142,1.625
0.9,-3.236,-7.062,1.54,2.557,-2.096,4.691,-13.028,-2.844,-1.447,0.332,1.428
-1.69,-3.164,-9.927,1.109,2.723,-3.503,12.068,-15.259,0.422,0.201,1.721,1.072
-4.514,-3.646,-10.795,0.761,2.761,-4.374,-2.951,-8.692,-12.565,0.0,-1.27,0.0
