-1.835,-9.861,-7.553,0.0,0.0,0.0,-0.448,-9.461,-10.961,0.0,0.0,0.0
-1.996,-9.868,-7.431,0.0,0.0,0.0,-0.483,-9.481,-10.953,0.0,0.0,0.0
-2.04,-9.996,-7.293,0.0,-0.114,0.0,-0.521,-9.467,-10.953,0.0,0.0,0.0
-2.145,-10.004,-7.242,0.0,-0.115,0.0,-0.502,-9.413,-10.957,0.0,0.0,0.0
-2.046,-9.898,-7.303,0.13,0.0,0.145,-0.493,-9.398,-10.988,0.0,0.0,0.0
-1.568,-9.675,-7.594,0.0,0.0,0.0,-0.474,-9.449,-10.961,0.0,0.0,0.0
-1.714,-9.78,-7.639,0.0,0.0,0.0,-0.45,-9.5,-10.985,0.0,0.0,0.0
-1.686,-9.826,-7.471,0.0,0.0,0.0,-0.513,-9.5,-10.926,0.0,0.0,0.0
-1.879,-9.722,-7.395,0.0,0.0,-0.113,-0.599,-9.316,-10.863,0.0,0.0,0.0
-4.131,-10.714,-7.141,0.0,-0.222,-0.107,-0.56,-9.314,-10.965,0.0,0.0,0.0
-8.969,-12.429,-6.363,0.129,-1.119,0.984,-0.553,-9.619,-10.895,0.0,0.0,0.0
-13.038,-13.654,-5.542,0.737,-0.793,2.788,-0.55,-9.837,-10.701,0.157,0.171,0.0
-13.831,-12.637,-6.886,1.143,-1.601,4.201,1.301,-11.358,-8.487,0.0,-0.412,-0.196
-11.343,-8.934,-8.52,1.045,-2.88,4.193,10.264,-14.063,-2.397,0.518,-1.831,-0.58
-7.825,-6.582,-7.912,0.642,-3.457,4.357,13.94,-16.348,-5.486,1.578,0.458,-2.04
-4.248,-3.509,-7.778,0.61,-3.289,3.671,4.264,-18.583,-4.838,2.448,0.495,-2.782
-4.55,-2.204,-6.189,0.196,-2.374,2.626,1.973,-15.376,-9.346,2.695,0.843,-2.602
1.255,-3.418,-4.604,0.0,-0.833,1.497,-2.511,-9.562,-13.356,2.353,1.072,-2.195
3.189,-16.679,-4.701,0.296,-0.77,-0.49,-6.159,-1.905,-16.357,1.07,0.725,-1.434
8.246,-5.174,-0.997,-1.237,3.174,2.939,-8.199,0.509,-17.244,-0.735,0.0,-0.22
3.864,-5.594,0.153,-1.336,-0.698,-3.017,-4.159,-3.452,-14.123,-1.854,-1.673,1.059
-1.262,-7.849,3.558,-0.645,-0.983,-1.0,-1.968,-11.264,-13.087,-2.025,-0.544,2.908
-2.299,-7.375,-2.238,0.289,0.235,-0.473,3.567,-17.215,-8.058,-2.256,0.456,3.359
-0.189,-6.141,-3.915,0.162,0.778,0.537,5.989,-18.428,-4.231,-2.522,0.0,2.351
0.365,-4.166,-6.508,0.435,0.751,-0.528,5.59,-13.16,-10.082,-2.012,0.436,1.477
