-2.416,-9.791,-7.24,0.0,0.0,0.0,-1.005,-9.463,-11.012,0.0,0.0,0.0
-2.148,-9.699,-7.343,0.0,0.0,0.0,-1.094,-9.483,-11.132,0.0,0.0,0.0
-2.043,-9.693,-7.139,0.0,0.0,0.0,-1.091,-9.425,-11.114,0.0,0.0,0.0
-2.063,-9.786,-7.116,0.0,0.0,0.0,-1.098,-9.381,-11.192,0.0,0.0,0.0
-6.611,-10.657,-6.444,0.0,-0.328,0.334,-0.862,-9.307,-11.39,0.0,0.0,0.0
-13.46,-12.159,-7.103,0.308,-1.545,2.294,-1.183,-9.447,-11.129,0.107,0.42,0.0
-14.512,-11.729,-6.649,0.116,-2.303,3.746,-1.407,-9.533,-11.009,0.0,0.0,0.0
-13.292,-11.467,-6.711,0.547,-3.177,4.357,-1.452,-9.611,-11.074,0.0,-0.13,-0.174
-10.277,-9.315,-7.461,0.65,-3.713,4.357,-0.887,-9.624,-10.694,-0.113,-0.351,-0.23
-7.429,-5.024,-7.568,0.261,-3.349,4.357,0.486,-11.429,-9.055,-0.42,-0.819,-0.302
-3.299,-1.28,-8.015,0.293,-3.024,3.33,8.458,-13.326,-3.273,0.0,-4.078,-1.789
-1.843,-1.274,-2.738,0.0,-0.75,1.319,15.08,-16.003,-10.628,0.488,-0.232,-2.803
-1.472,-1.81,-5.649,0.112,-0.444,0.457,3.364,-16.452,-10.907,1.198,1.445,-3.224
-0.106,-3.48,-3.92,0.386,-2.441,0.402,2.982,-13.111,-12.324,1.498,1.768,-2.438
3.952,-8.226,-1.571,-1.215,-1.68,-1.43,0.0,-9.085,-11.006,1.686,1.534,-1.736
2.517,-6.244,0.0,0.116,3.089,0.296,-2.533,-4.234,-12.737,0.966,-0.509,-1.44
6.536,-2.757,-0.274,-0.448,-0.617,0.0,-4.277,-1.767,-11.764,0.0,-0.545,-0.829
0.231,-5.429,6.419,-1.003,-0.455,-0.533,-2.623,-2.527,-11.559,-0.386,-0.333,0.769
-2.128,-8.829,1.69,0.0,-0.526,0.98,0.117,-5.877,-11.282,-0.575,-0.203,2.019
0.951,-8.879,-1.719,-0.32,-0.486,2.347,2.738,-9.732,-12.188,-1.157,-0.595,2.385
2.287,-5.286,-3.833,0.295,-0.433,1.058,4.009,-12.913,-11.984,-1.431,-0.501,2.592
3.547,-2.239,-8.07,0.656,1.758,-0.969,5.64,-14.114,-10.107,-1.338,0.205,2.678
-2.014,-1.535,-8.545,1.141,2.855,-2.67,4.778,-14.205,-6.146,-0.734,0.925,2.764
-5.188,-0.345,-8.956,0.951,3.524,-4.183,17.323,-16.21,5.09,-0.241,2.969,0.983
-9.075,-5.412,-7.765,0.0,3.952,-4.374,-2.652,-7.819,-16.896,-0.135,-0.1,0.282
