-2.412,-9.72,-7.2,0.111,0.119,0.0,-0.716,-9.403,-11.091,0.0,0.0,0.0
-2.266,-9.653,-7.279,0.0,0.142,0.0,-0.722,-9.445,-11.125,0.0,0.0,0.0
-2.062,-9.619,-7.212,0.0,0.0,0.0,-0.734,-9.462,-11.131,0.0,0.0,0.0
-2.09,-9.714,-6.818,0.0,0.0,0.0,-0.794,-9.457,-11.149,0.0,0.0,0.0
-2.175,-9.718,-6.791,0.0,0.0,0.0,-0.813,-9.444,-11.109,0.0,0.0,0.0
-2.107,-9.744,-6.848,0.0,0.0,0.0,-0.803,-9.447,-11.156,0.0,0.0,0.0
-2.202,-9.732,-6.912,0.0,0.0,0.0,-1.003,-9.377,-11.169,0.0,0.123,0.0
-2.613,-9.905,-7.062,0.0,0.0,0.0,-0.935,-9.407,-11.066,0.0,0.0,0.0
-7.475,-11.949,-5.602,0.397,-0.994,0.965,-0.729,-9.439,-11.153,0.0,0.0,0.0
-14.263,-14.061,-4.68,0.936,-0.766,3.13,-1.043,-9.618,-10.835,0.15,0.0,0.0
-14.428,-9.991,-5.778,0.889,-2.227,4.357,0.421,-10.875,-9.084,0.131,0.217,0.114
-13.506,-7.508,-8.076,0.598,-3.178,4.357,10.373,-14.743,-3.245,0.263,-2.197,-0.715
-8.557,-5.371,-9.471,0.572,-4.069,4.357,13.651,-13.69,-14.548,0.264,-3.561,-3.019
-2.95,-2.367,-8.682,0.237,-2.602,3.343,3.214,-17.337,-9.432,0.725,1.228,-3.159
-1.467,-1.949,-4.475,0.118,-2.807,2.425,2.106,-13.328,-11.486,1.337,2.117,-2.893
-2.183,-0.627,-2.961,0.735,0.296,1.935,0.0,-9.613,-11.401,1.207,1.505,-2.399
3.057,-3.065,-3.282,0.657,-1.173,0.0,-3.741,-4.543,-12.048,0.371,0.0,-1.982
4.847,-12.667,-2.548,-0.467,-0.842,-1.839,-3.323,-2.223,-10.151,-0.615,-1.25,-1.288
-1.005,-3.764,-0.856,-0.239,2.834,0.501,-4.049,-1.528,-8.985,-0.488,-0.182,0.599
4.156,-1.654,1.068,-0.892,-0.608,-1.01,1.385,-5.604,-12.224,-0.183,-1.017,2.087
-1.332,-4.033,7.068,-0.318,-0.761,0.0,1.499,-8.688,-12.785,-0.622,-0.913,2.384
-2.117,-7.963,0.808,0.149,0.288,1.118,0.74,-11.904,-12.967,-1.157,-0.296,2.73
-0.327,-8.854,-1.015,0.0,-0.238,2.526,4.332,-15.366,-10.502,-0.701,0.307,3.44
0.733,-4.427,-3.616,0.611,-0.615,1.217,6.716,-14.963,-6.257,-0.566,1.421,3.07
3.001,-0.983,-5.83,0.829,0.855,-0.634,18.479,-19.071,5.752,0.0,2.956,0.804
