-1.826,-10.288,-7.623,0.0,0.227,-0.484,-1.21,-9.475,-11.053,0.0,0.0,0.0
-2.224,-10.226,-7.819,0.0,0.274,-0.176,-1.276,-9.424,-11.035,0.0,0.0,0.0
-1.86,-9.986,-8.141,0.115,0.0,0.108,-1.256,-9.334,-11.079,0.0,0.0,0.0
-1.79,-10.305,-7.773,0.0,0.0,0.267,-1.17,-9.346,-11.084,0.0,0.0,0.0
-1.493,-10.347,-7.646,0.244,0.0,0.526,-1.16,-9.523,-11.138,0.0,0.0,0.0
-1.514,-9.981,-7.683,0.139,-0.193,0.393,-1.182,-9.516,-11.145,0.0,0.0,0.0
-10.649,-12.603,-6.85,0.455,-0.557,1.246,-1.324,-9.218,-11.204,0.0,0.167,0.0
-16.205,-13.294,-6.334,0.179,-1.257,3.077,-1.251,-9.474,-10.958,0.0,0.171,0.0
-15.789,-12.817,-8.111,0.763,-3.608,4.357,-1.524,-9.726,-10.482,0.0,0.0,0.0
-6.661,-7.066,-12.384,-0.233,-3.186,4.357,0.0,-11.49,-8.987,-0.345,-0.164,0.0
-8.644,-8.618,-7.939,-0.211,-3.003,3.625,8.972,-13.279,-3.821,0.0,-3.929,-1.643
-6.648,-6.926,-5.661,0.442,-2.198,3.556,16.947,-17.838,-6.041,1.971,-0.55,-1.962
-6.777,-5.576,-4.792,0.0,-1.691,2.472,4.396,-19.189,-6.685,3.283,2.184,-2.751
0.0,-4.383,-2.829,0.674,-2.813,1.612,-1.094,-16.174,-15.403,2.497,0.208,-3.247
3.276,-13.396,-7.907,0.329,-3.949,-0.298,-7.884,-6.99,-15.174,1.606,2.287,-2.046
7.843,-4.518,-2.204,-1.964,-0.699,-0.792,-7.42,-1.092,-16.622,0.482,0.729,0.0
2.636,-11.064,4.695,-1.536,0.801,-1.426,-4.544,-4.106,-15.543,-1.403,-0.7,0.994
-1.766,-8.841,-2.472,-0.261,2.738,-0.156,-3.315,-11.221,-12.248,-2.58,-0.774,1.672
0.186,-6.169,-3.698,0.0,1.511,-0.838,1.349,-16.174,-9.0,-2.733,-0.382,2.301
-0.427,-5.067,-8.569,-0.407,2.353,-3.73,4.817,-16.653,-6.999,-2.291,-0.263,2.369
-5.73,-8.924,-10.899,1.195,4.376,-4.374,6.367,-14.241,-4.992,-1.588,0.202,1.802
-11.099,-13.706,-11.984,-0.453,2.579,-4.374,16.486,-16.409,4.898,0.483,2.41,0.385
-14.821,-18.435,-7.573,-2.879,-1.133,-4.374,1.589,-10.432,-14.959,0.0,-1.527,-0.294
-7.018,-16.964,-9.247,-2.475,2.696,-2.818,-3.267,-8.22,-8.45,-0.242,-0.491,0.0
-7.769,-17.262,-4.697,-3.631,1.408,-2.734,-2.342,-9.596,-10.807,0.0,0.592,0.3
