-2.685,-1.399,-7.282,0.0,4.234,-2.84,-0.982,-9.424,-10.97,0.0,0.0,0.0
-2.488,-9.923,-8.114,0.128,0.19,0.226,-0.989,-9.444,-10.944,0.0,0.0,0.0
-2.119,-9.791,-8.123,0.0,0.0,0.279,-1.019,-9.457,-10.924,0.0,0.0,0.0
-1.958,-9.683,-7.977,0.0,0.0,0.204,-1.021,-9.466,-10.945,0.0,0.0,0.0
-1.977,-9.878,-7.932,0.0,0.0,0.0,-0.984,-9.484,-10.922,0.0,0.0,0.0
-2.075,-9.953,-7.837,0.0,0.0,0.0,-0.91,-9.48,-10.937,0.0,0.0,0.0
-2.117,-9.78,-7.819,0.0,0.0,0.0,-0.94,-9.608,-11.018,0.124,0.129,0.0
-4.478,-10.416,-8.866,-0.358,0.328,-0.619,-0.971,-9.562,-10.743,0.187,0.0,0.0
-13.244,-13.024,-6.948,-0.233,-1.38,1.603,-0.984,-9.716,-10.415,0.241,0.177,0.0
-15.4,-14.844,-7.36,0.421,-1.334,3.779,-0.829,-9.702,-9.687,0.152,-0.105,-0.158
-19.735,-13.163,-14.674,0.0,-4.006,4.357,7.675,-13.99,-3.921,0.0,-1.955,-0.858
-9.385,-10.488,-11.779,-0.33,-4.354,4.357,17.614,-17.175,-4.073,0.807,-0.354,-2.515
-6.664,-5.681,-10.797,0.116,-3.38,4.357,2.373,-18.084,-3.273,2.754,0.7,-2.433
-3.86,-3.808,-7.597,-0.56,-4.134,3.596,0.227,-14.115,-11.886,2.968,1.079,-2.04
-2.021,-2.82,-4.501,-0.381,-2.334,1.448,-7.054,-7.327,-14.238,2.325,1.669,-1.387
2.906,-5.541,-10.516,2.171,-2.409,-0.241,-6.681,-2.637,-14.906,1.152,0.533,0.0
2.705,-20.122,0.272,-2.749,0.412,-0.845,-3.682,-2.434,-15.732,-0.476,-0.747,0.951
7.751,-6.138,3.391,-0.431,-0.232,0.307,-2.367,-6.812,-15.86,-1.957,-0.136,1.513
5.904,-8.718,2.268,-2.878,-1.072,-1.82,0.704,-12.832,-13.782,-2.993,-0.843,1.748
-6.138,-12.316,2.537,0.0,0.683,-0.873,0.906,-18.093,-11.061,-3.369,0.0,2.137
-4.892,-8.193,-4.852,0.701,2.45,0.814,4.769,-16.802,-1.587,-2.325,0.548,2.033
0.0,-2.811,-6.013,0.83,2.005,0.102,18.479,-19.189,5.57,0.401,0.902,-0.276
1.089,-0.627,-8.299,0.734,3.65,-2.23,-0.398,-7.795,-17.441,0.0,-0.425,-0.175
-1.129,-4.105,-9.394,0.622,3.184,-4.374,-2.1,-9.563,-9.395,0.0,-1.275,0.207
-9.23,-13.301,-7.513,-1.428,1.807,-4.374,-2.241,-9.904,-10.491,0.0,0.609,0.37
