2.077,-3.595,-4.863,-0.472,0.819,-1.323,-1.175,-9.413,-11.282,0.0,0.0,0.0
-0.242,-3.499,-7.693,0.628,3.636,-3.045,-1.196,-9.432,-11.236,0.0,0.0,0.0
-2.079,-9.792,-6.7,0.104,0.0,0.112,-1.184,-9.45,-11.265,0.0,0.0,0.0
-2.05,-9.701,-6.946,0.0,0.0,0.141,-1.222,-9.4,-11.299,0.0,0.0,0.0
-1.613,-9.659,-6.791,0.0,0.0,0.17,-1.188,-9.389,-11.266,0.0,0.0,0.0
-1.735,-9.596,-6.858,0.0,0.0,0.0,-1.263,-9.587,-11.295,0.0,0.241,0.0
-1.751,-9.647,-7.155,0.0,0.0,0.0,-1.131,-9.307,-11.371,0.0,0.0,0.0
-1.884,-9.667,-7.263,0.0,-0.203,-0.106,-1.142,-9.654,-10.94,0.118,0.0,0.0
-8.013,-11.775,-5.684,-0.111,-0.432,0.75,-0.973,-9.678,-10.957,0.185,0.0,0.0
-15.258,-14.102,-5.758,0.136,-0.302,2.62,-0.604,-11.097,-9.16,0.0,-0.571,-0.146
-17.22,-13.738,-7.242,0.608,-1.819,4.166,8.272,-13.955,-3.06,0.414,-2.34,-1.193
-12.379,-11.035,-10.301,1.18,-3.299,4.357,11.266,-19.189,-1.569,1.31,1.263,-2.404
-8.487,-7.781,-8.998,0.896,-3.993,4.357,3.841,-18.95,-4.13,2.458,-0.108,-2.769
-6.149,-4.575,-9.857,0.519,-1.655,4.357,2.646,-15.063,-10.209,2.351,0.0,-2.889
-1.662,-1.773,-9.092,-0.941,-0.675,2.525,-2.67,-9.97,-12.13,2.223,0.967,-2.607
-2.201,-1.942,-7.219,-1.571,-1.157,1.385,-6.542,-3.24,-14.267,1.409,-0.118,-1.493
-7.71,-2.941,-2.216,-0.384,2.187,0.0,-6.785,0.0,-13.87,0.292,0.0,0.28
3.586,-9.594,-1.944,0.344,-3.006,2.673,-3.754,-2.102,-13.787,-0.814,-0.305,1.401
4.022,-10.561,1.331,-0.772,2.136,0.507,0.49,-9.008,-11.551,-1.627,0.0,2.479
3.404,-4.412,1.52,-0.247,-1.344,-0.531,4.213,-13.575,-9.149,-2.35,-0.217,2.419
-2.541,-8.401,5.119,-0.482,-0.363,-0.781,5.528,-15.03,-7.743,-2.421,-0.291,2.179
-1.163,-8.01,-0.697,0.15,-0.755,0.343,6.193,-14.525,-6.133,-1.686,0.348,2.008
0.0,-5.972,-4.09,0.269,-0.669,-0.663,4.278,-12.806,-5.15,-1.055,1.061,1.773
1.751,-5.356,-5.934,0.383,0.607,-2.079,12.919,-19.189,8.647,0.455,2.811,0.803
-3.064,-4.632,-9.449,0.0,3.654,-3.808,-1.443,-9.479,-15.893,-0.198,-1.615,-0.251
