-17.852,-13.627,-6.704,-1.348,4.091,-4.374,-0.863,-9.419,-11.043,0.0,0.0,0.0
-1.565,-9.922,-8.314,0.0,0.0,0.465,-0.847,-9.453,-11.077,0.0,0.0,0.0
-1.303,-9.984,-7.984,-0.116,-0.118,0.279,-0.833,-9.474,-11.044,0.0,0.0,0.0
-1.292,-9.911,-7.768,-0.128,-0.173,0.0,-0.868,-9.506,-11.018,0.0,0.0,0.0
-1.49,-10.068,-7.765,0.0,0.0,-0.23,-0.892,-9.439,-11.034,0.0,0.0,0.0
-2.068,-10.173,-7.954,0.0,0.0,-0.27,-0.932,-9.383,-11.013,0.0,0.0,0.0
-2.368,-10.27,-8.217,0.0,-0.194,-0.267,-0.788,-9.408,-11.012,0.0,0.102,0.0
-8.271,-11.735,-7.956,0.0,-0.998,0.0,-0.744,-9.326,-11.125,0.0,0.146,0.0
-13.677,-13.739,-7.414,0.409,0.0,2.364,-0.957,-9.645,-10.92,0.0,0.0,0.0
-16.395,-15.282,-9.717,1.031,-2.095,4.357,-0.878,-9.794,-10.818,0.23,0.0,0.0
-12.98,-13.068,-11.044,0.9,-3.499,4.357,-0.617,-11.105,-8.435,0.13,-0.281,0.0
-8.117,-8.606,-11.419,0.424,-4.104,4.357,11.372,-15.534,-1.063,0.452,-2.829,-1.157
-6.43,-5.097,-9.125,0.237,-3.583,3.839,10.191,-19.189,-0.565,1.775,1.204,-2.52
-0.789,-3.031,-5.531,-0.146,-1.741,2.191,0.996,-18.479,-5.55,2.826,0.173,-2.663
-0.673,-1.738,-5.795,0.56,-2.491,1.767,0.244,-12.742,-11.596,2.638,0.805,-2.235
2.047,-6.343,-3.212,0.0,-0.536,-0.297,-3.657,-7.661,-12.99,2.234,1.662,-1.409
-2.104,-13.4,0.138,-0.681,-1.243,-1.391,-4.276,-1.62,-14.261,1.001,0.0,-0.437
8.754,-3.438,0.534,-0.548,-0.691,1.624,-3.327,-1.06,-14.89,-0.347,-0.475,0.501
4.118,-6.127,2.072,-1.41,-0.739,-1.483,-2.852,-4.401,-14.088,-1.607,-0.652,1.288
1.343,-7.719,0.231,-0.524,-0.579,0.486,0.0,-10.645,-12.165,-2.457,-1.009,1.973
1.436,-7.651,-0.364,-0.138,1.234,0.746,3.227,-15.93,-9.995,-2.608,-0.648,2.457
2.493,-5.304,-3.418,-0.239,1.732,-0.141,4.553,-17.253,-6.353,-2.202,0.0,2.522
1.727,-3.893,-7.943,1.536,2.213,-1.738,6.653,-14.266,-9.061,-1.339,0.308,2.242
-1.033,-4.397,-10.305,0.374,3.679,-3.978,11.897,-18.456,0.0,0.119,1.979,0.306
-7.583,-8.03,-9.86,-0.552,2.601,-4.374,0.596,-7.155,-15.25,0.179,0.859,0.238
