-1.954,-9.956,-8.097,0.0,0.0,0.0,-1.153,-9.354,-11.457,0.0,0.0,0.0
-2.027,-10.023,-7.923,0.0,0.0,0.0,-1.097,-9.402,-11.453,0.0,0.0,0.0
-1.876,-10.029,-7.755,0.0,0.0,0.0,-1.091,-9.399,-11.43,0.0,0.0,0.0
-1.803,-9.996,-7.762,0.0,0.0,0.0,-1.11,-9.403,-11.443,0.0,0.0,0.0
-1.874,-10.08,-7.698,0.0,0.0,0.0,-1.094,-9.436,-11.448,0.0,0.0,0.0
-1.778,-10.027,-7.765,0.0,-0.101,0.0,-1.124,-9.405,-11.393,0.0,0.0,0.0
-1.87,-9.975,-7.898,0.0,0.0,0.0,-1.106,-9.37,-11.406,0.0,0.0,0.0
-2.03,-10.072,-7.832,0.0,-0.137,0.0,-1.074,-9.387,-11.424,0.0,0.0,0.0
-2.087,-10.613,-8.123,0.0,-0.113,0.0,-1.037,-9.326,-11.483,0.0,0.0,0.0
-6.671,-11.296,-6.836,0.117,-0.597,0.582,-0.856,-9.536,-11.547,0.108,0.0,0.0
-9.034,-12.438,-6.964,0.552,0.177,1.833,-1.385,-9.642,-11.237,0.22,0.274,0.0
-14.571,-13.094,-5.693,0.886,-0.891,2.917,-1.11,-9.603,-10.884,0.266,0.302,-0.235
-14.131,-13.518,-7.396,1.741,-2.883,4.081,0.117,-10.465,-9.752,0.12,0.306,0.0
-8.291,-8.277,-8.835,1.562,-4.354,3.77,9.928,-14.789,-1.742,0.26,-1.11,-0.518
-5.414,-4.211,-5.458,1.098,-1.577,3.285,8.854,-16.915,-0.688,2.034,0.512,-1.687
-3.336,-1.753,-4.22,0.543,-1.655,3.254,3.48,-17.989,-5.75,2.624,0.206,-2.324
-1.796,-0.628,-5.02,0.903,-3.401,2.042,0.589,-15.164,-8.716,3.014,1.021,-2.088
2.311,-4.661,-3.956,0.962,-0.639,0.547,-2.054,-9.078,-11.356,2.787,0.956,-1.631
2.372,-15.775,-2.315,0.561,0.0,-1.214,-3.782,-4.183,-14.643,1.57,-0.153,-1.265
9.265,-4.487,-1.482,0.394,2.221,1.753,-5.759,-0.581,-15.137,-0.283,-0.428,-0.603
2.225,-3.468,0.0,-1.425,-0.336,-2.074,-3.57,-2.411,-13.009,-1.332,-0.434,0.729
-2.355,-6.342,1.677,-1.461,-1.553,0.657,-2.634,-7.449,-12.076,-1.896,-0.832,1.745
0.85,-7.098,-0.974,-0.224,-0.419,1.781,0.466,-13.213,-11.211,-2.385,-0.455,2.567
3.543,-4.453,-3.598,0.141,1.058,0.246,3.48,-17.837,-9.154,-2.798,0.0,2.648
0.731,-1.422,-7.372,0.486,2.731,-1.768,5.502,-17.533,-4.058,-2.225,0.146,2.137
