-1.386,-1.656,-7.511,0.219,2.409,-2.778,-1.295,-9.383,-11.109,0.0,0.0,0.0
-2.789,-9.698,-6.554,0.0,0.101,0.0,-1.278,-9.387,-11.098,0.0,0.0,0.0
-2.422,-9.633,-6.8,0.0,0.0,0.199,-1.228,-9.447,-11.109,0.0,0.0,0.0
-2.073,-9.601,-6.835,0.0,0.0,0.288,-1.283,-9.461,-11.048,0.0,0.0,0.0
-1.838,-9.658,-6.532,0.0,0.0,0.261,-1.297,-9.429,-11.067,0.0,0.0,0.0
-1.547,-9.444,-6.538,0.0,0.0,0.172,-1.351,-9.438,-11.079,0.0,0.0,0.0
-1.641,-9.549,-6.41,0.0,0.0,0.0,-1.33,-9.374,-11.076,0.0,0.0,0.0
-1.824,-9.522,-6.728,0.0,0.0,-0.162,-1.295,-9.301,-11.098,0.0,0.0,0.0
-2.098,-9.711,-6.722,0.0,-0.126,-0.195,-1.187,-9.358,-11.159,0.0,0.0,0.0
-5.462,-11.024,-6.084,-0.217,0.0,0.0,-1.449,-9.597,-11.128,0.0,0.0,0.0
-13.679,-14.818,-5.289,0.142,0.117,2.097,-1.509,-9.566,-10.936,0.183,0.188,0.0
-14.252,-14.967,-5.943,0.28,-1.011,4.321,-1.401,-9.929,-10.257,0.154,0.0,-0.116
-10.298,-9.56,-8.437,0.938,-1.805,4.357,0.766,-12.564,-6.452,0.34,0.0,0.0
-5.742,-4.831,-11.667,0.358,-3.013,4.295,8.959,-15.178,0.255,0.754,-2.003,-1.089
-8.628,-3.242,-7.886,-0.113,-2.612,3.171,7.989,-17.932,-3.377,1.916,0.556,-2.311
-7.307,-2.605,-6.253,-0.397,-2.879,2.949,3.472,-17.587,-6.729,2.101,-0.13,-2.908
-3.732,-2.331,-4.307,-0.369,-2.72,2.831,2.337,-13.518,-9.489,2.042,0.468,-2.818
0.84,-0.442,-5.309,-0.263,-2.162,2.268,-2.695,-8.297,-12.48,1.866,1.026,-2.31
1.826,-0.377,-2.751,0.11,-1.554,1.092,-3.578,-2.75,-13.184,1.082,0.766,-1.128
5.539,-8.297,-0.95,-0.234,0.0,-0.182,-4.517,-0.447,-11.592,0.0,-0.864,0.0
-0.151,-10.84,-3.021,0.4,3.039,-1.012,-1.82,-2.602,-11.985,-0.807,-0.38,1.12
9.12,-6.841,5.969,-1.665,-0.64,1.166,0.375,-5.998,-9.924,-1.432,-0.293,1.758
-0.551,-6.971,0.99,-1.173,0.287,-0.581,3.833,-9.973,-7.605,-1.719,-0.282,1.966
-1.129,-8.631,-0.592,-0.636,-1.881,1.01,4.068,-12.056,-7.575,-1.703,0.0,2.087
1.502,-6.434,-2.568,0.0,-0.135,0.477,2.52,-12.159,-6.655,-1.774,0.122,1.658
