-7.366,-6.674,-8.343,-0.761,3.16,-3.888,-0.96,-9.417,-10.901,0.0,0.0,0.0
-1.528,-9.773,-7.451,0.0,0.0,0.176,-0.991,-9.409,-10.963,0.0,0.0,0.0
-1.571,-9.711,-7.331,0.0,0.0,0.0,-0.993,-9.455,-10.957,0.0,0.0,0.0
-1.59,-9.707,-7.445,0.0,0.0,0.0,-1.021,-9.435,-10.997,0.0,0.0,0.0
-1.86,-9.823,-7.452,0.0,0.0,-0.135,-1.033,-9.466,-10.991,0.0,0.0,0.0
-2.092,-9.81,-7.639,0.0,0.102,-0.135,-1.02,-9.521,-10.952,0.0,0.0,0.0
-1.973,-9.886,-7.701,0.0,0.0,-0.107,-1.085,-9.445,-10.902,0.0,0.0,0.0
-3.74,-10.873,-7.647,-0.151,0.748,0.0,-1.146,-9.599,-10.981,0.0,0.0,0.0
-11.347,-13.13,-5.406,0.265,0.0,1.741,-0.982,-9.427,-11.006,0.0,0.0,0.0
-17.609,-12.022,-6.801,0.275,-1.161,4.037,-1.318,-9.661,-10.955,0.196,0.0,0.0
-18.643,-13.919,-7.031,0.386,-3.666,4.357,-0.866,-9.918,-10.282,0.274,0.105,0.0
-14.08,-11.931,-11.806,0.921,-4.301,4.357,1.027,-13.089,-6.478,0.0,-0.349,0.111
-5.407,-5.881,-12.633,1.085,-2.784,4.047,12.833,-16.499,0.63,0.866,-2.548,-1.331
-2.427,-2.825,-8.763,-0.138,-2.643,2.755,8.416,-19.189,-1.365,1.876,0.958,-2.972
-2.524,-2.996,-4.712,0.0,-2.233,1.982,1.04,-19.004,-7.532,2.691,0.737,-2.895
3.43,-5.493,-5.712,-0.217,-0.863,1.101,-0.6,-11.543,-13.534,3.094,2.363,-1.878
1.956,-17.806,-1.648,0.486,-0.198,-0.562,-6.928,-5.181,-12.992,1.927,0.422,-1.409
11.1,-5.055,-0.817,-0.269,-1.965,-0.297,-6.636,-0.873,-15.601,0.464,-0.179,-0.352
3.113,-5.667,1.384,-1.006,0.691,-1.476,-3.643,-2.224,-13.381,-0.522,-0.91,1.306
-0.503,-8.353,-0.707,0.124,0.73,-1.355,-1.649,-6.967,-13.281,-1.408,0.0,2.263
-2.793,-7.527,-1.783,-0.833,0.15,0.585,2.678,-12.929,-10.326,-2.459,0.253,2.24
0.68,-5.881,-1.944,-0.743,0.764,0.346,3.619,-16.347,-8.62,-3.077,0.363,1.855
-0.998,-2.078,-4.887,-0.485,2.242,-0.998,2.866,-16.669,-6.286,-2.89,0.128,1.461
-2.595,-2.359,-6.61,1.418,4.281,-2.322,10.126,-17.916,8.625,-1.362,1.61,0.75
-5.456,-2.624,-8.309,0.601,2.178,-3.634,-6.369,-8.143,-11.941,-0.606,-3.017,-0.205
