-1.926,-9.972,-7.646,0.0,0.0,-0.369,-0.969,-9.412,-11.007,0.0,0.0,0.0
-2.374,-10.101,-7.765,0.0,0.108,-0.329,-0.948,-9.419,-11.031,0.0,0.0,0.0
-2.656,-10.157,-7.851,0.0,0.0,-0.128,-0.924,-9.43,-11.065,0.0,0.0,0.0
-2.498,-10.062,-7.686,0.0,0.0,0.0,-0.927,-9.444,-11.007,0.0,0.0,0.0
-5.238,-11.479,-7.528,0.0,0.0,0.388,-0.63,-9.429,-11.018,0.0,0.0,0.0
-10.165,-13.874,-7.582,0.64,-0.527,2.353,-0.988,-9.544,-11.029,0.0,0.0,0.0
-11.319,-13.271,-8.594,0.0,-0.106,3.351,-0.821,-9.579,-11.055,0.0,0.0,0.0
-12.055,-9.554,-9.49,0.249,-2.015,4.028,-0.996,-9.63,-10.873,0.168,0.0,0.0
-10.03,-6.879,-9.326,0.0,-3.633,3.615,-0.696,-9.857,-10.488,0.23,0.13,0.0
-7.269,-4.788,-9.706,-0.124,-3.542,3.35,2.728,-12.092,-7.574,0.113,-0.224,0.221
-5.273,-4.178,-7.257,-1.151,-2.106,3.069,12.255,-14.478,-3.075,0.636,-1.349,-1.211
-2.155,-3.549,-2.98,-0.31,-3.151,2.387,5.739,-18.316,-0.139,2.228,1.041,-2.427
-0.895,-0.807,-1.545,0.0,-2.335,1.101,1.314,-18.823,-6.588,3.501,1.378,-2.04
1.515,-6.744,-5.517,0.13,-2.317,-0.574,-2.004,-12.12,-13.279,3.236,2.019,-1.551
2.446,-14.083,1.046,-1.079,-1.704,-0.786,-3.678,-5.117,-13.721,1.896,1.276,-0.848
7.183,-2.957,-7.764,0.988,-0.952,0.0,-2.598,-0.576,-15.327,0.451,-0.94,-0.464
1.546,-6.182,-1.341,-1.426,-0.625,-1.796,-3.414,-1.761,-15.757,-1.036,-0.123,0.218
-1.334,-9.212,-0.304,0.133,1.922,0.118,-3.372,-6.512,-14.086,-2.447,-0.154,0.799
1.994,-7.077,-3.644,0.569,2.103,1.149,-2.652,-13.676,-13.161,-3.359,-0.926,1.637
3.426,-3.97,-6.716,1.616,3.599,-0.615,0.974,-19.189,-9.467,-3.65,0.0,2.233
0.751,-3.54,-7.975,0.0,3.912,-3.496,6.255,-18.478,-1.462,-2.713,0.711,1.876
-4.972,-7.59,-8.829,0.434,3.42,-4.374,13.346,-19.189,8.647,0.341,-0.144,0.469
-15.365,-16.797,-9.438,-1.991,2.803,-4.374,0.441,-9.891,-14.802,0.0,-0.202,0.197
-12.064,-17.937,-9.383,-0.296,3.054,-4.136,-2.766,-9.298,-10.558,-0.257,-0.83,0.0
-10.352,-19.053,-7.315,-1.524,0.0,-4.256,-2.615,-9.273,-10.764,-0.231,0.147,0.0
