-1.242,-9.799,-7.728,-0.144,0.0,-0.174,-1.604,-9.708,-10.707,-0.106,0.632,0.154
-1.724,-9.963,-7.559,-0.175,0.263,-0.211,-1.367,-9.262,-11.637,0.0,0.0,0.0
-1.627,-10.016,-7.725,0.0,0.135,-0.23,-1.378,-9.34,-11.6,0.0,0.0,0.0
-2.002,-10.078,-7.667,-0.101,0.158,-0.289,-1.397,-9.377,-11.619,0.0,0.0,0.0
-4.199,-10.473,-7.299,0.0,0.0,0.0,-1.282,-9.285,-11.663,0.0,0.0,0.0
-9.081,-13.034,-5.63,0.442,-0.872,1.162,-1.579,-9.426,-11.351,0.0,0.127,0.0
-13.919,-15.797,-5.283,1.781,-0.842,3.68,-1.868,-9.57,-11.45,0.0,0.0,0.0
-12.617,-13.412,-6.273,1.783,-2.147,4.357,-1.56,-9.669,-11.272,0.0,0.0,-0.218
-7.056,-5.631,-10.678,0.164,-2.204,4.304,0.0,-10.853,-10.359,-0.447,0.74,-0.243
-5.331,-2.34,-9.055,-0.676,-2.859,3.936,8.266,-14.079,-5.227,-0.72,-0.59,-1.424
-7.927,-3.519,-3.432,-0.527,-3.095,2.228,6.87,-15.165,8.205,3.511,2.455,-0.851
-0.141,-2.286,-3.404,0.808,-2.061,3.515,2.301,-19.189,-7.538,4.411,-1.855,-0.315
6.61,-3.528,-3.972,0.392,-1.138,1.319,1.047,-16.627,-11.594,3.487,0.89,-2.069
0.604,-20.122,-4.711,-1.847,-2.849,-4.374,-4.911,-8.344,-14.706,2.784,1.031,-1.212
2.463,-6.692,-1.674,0.575,2.069,1.466,-6.414,-0.906,-18.563,0.57,-1.003,-0.815
2.376,-7.801,-2.02,-2.016,-1.656,-1.392,-5.534,-1.183,-18.286,-1.223,-0.618,0.127
-5.103,-10.976,0.779,-0.817,2.286,0.653,-2.932,-7.032,-15.683,-2.851,0.0,0.937
0.216,-8.374,-3.82,0.639,2.119,1.471,-1.221,-14.84,-13.928,-3.81,-0.625,1.48
1.331,-3.0,-8.412,0.0,2.25,-1.358,3.375,-19.189,-9.372,-3.713,-0.977,1.713
-2.191,-6.388,-8.315,0.0,4.122,-4.374,7.537,-18.504,-3.585,-2.438,-0.299,1.765
-8.921,-12.33,-9.687,-0.927,3.348,-4.374,10.321,-19.189,8.647,0.82,2.407,1.707
-8.156,-17.776,-8.562,-2.623,1.415,-4.374,-2.363,-9.471,-16.308,-0.253,-1.422,-0.325
-3.721,-20.122,-8.244,-3.045,0.512,-4.374,-1.614,-9.335,-10.716,-0.33,-0.453,0.0
-12.898,-14.32,-6.48,-1.761,1.892,-3.227,-2.481,-9.332,-11.405,-0.296,0.133,0.0
-3.434,-13.825,-6.864,-1.263,3.973,4.357,-1.322,-9.52,-11.522,-0.217,0.158,-0.11
