-1.702,-9.856,-7.56,0.0,0.0,-0.162,-0.588,-9.503,-10.967,0.0,0.0,0.0
-1.832,-9.979,-7.577,0.0,0.0,-0.263,-0.65,-9.51,-10.946,0.0,0.0,0.0
-2.226,-10.026,-7.573,0.0,0.0,-0.221,-0.696,-9.395,-10.928,0.0,0.0,0.0
-2.283,-9.919,-7.675,0.0,0.0,-0.113,-0.684,-9.351,-10.992,0.0,0.0,0.0
-2.396,-10.009,-7.667,0.0,0.0,0.0,-0.605,-9.445,-10.976,0.0,0.0,0.0
-2.167,-9.986,-7.76,0.0,0.0,0.144,-0.607,-9.461,-10.987,0.0,0.0,0.0
-1.868,-9.908,-7.677,0.0,0.0,0.187,-0.614,-9.475,-10.975,0.0,0.0,0.0
-1.807,-10.015,-7.572,0.0,0.0,0.182,-0.776,-9.588,-10.787,0.0,0.0,0.0
-2.827,-10.349,-7.48,0.0,0.0,0.356,-0.575,-9.254,-11.192,0.0,0.0,0.0
-8.24,-11.823,-6.631,0.412,0.167,1.625,-0.594,-9.17,-11.088,0.0,0.0,0.0
-13.056,-13.64,-7.491,0.457,-0.752,3.75,-0.529,-9.861,-10.936,0.166,0.0,0.1
-12.005,-8.041,-8.779,0.274,-1.487,3.778,-0.845,-9.688,-10.428,0.17,-0.134,0.0
-13.191,-6.527,-7.813,-0.23,-2.928,3.563,-0.659,-10.933,-9.181,0.0,-0.919,0.0
-6.99,-4.186,-9.257,0.169,-2.366,3.694,7.16,-13.045,-3.917,0.265,-2.41,-1.002
-4.038,-3.018,-7.181,-1.058,-3.364,2.887,13.777,-16.966,-2.798,1.889,1.183,-1.637
-3.573,-2.084,-2.254,-0.47,-1.809,1.496,3.433,-19.189,-2.251,3.704,2.405,-1.729
-4.636,-0.644,-2.957,0.451,-2.2,0.96,0.0,-15.725,-9.7,3.341,0.355,-2.048
0.203,-0.242,-3.125,0.542,-2.646,1.371,-3.262,-7.602,-13.669,2.585,1.376,-1.261
5.29,-6.8,-5.265,0.269,-1.334,-1.283,-3.025,-2.226,-15.724,1.287,0.261,-0.515
5.925,-10.034,-2.494,-0.11,1.389,-0.277,-5.815,-0.563,-17.218,-0.842,-0.216,-0.203
4.356,-4.338,-1.033,-1.857,-3.39,-1.831,-4.475,-5.179,-13.503,-2.102,-0.468,0.848
-0.446,-7.81,1.185,-0.316,1.266,-0.899,-2.477,-12.702,-11.034,-2.94,-0.233,2.049
-0.12,-8.021,-1.432,-0.495,1.853,1.063,3.412,-17.872,-6.674,-3.335,0.0,1.95
4.107,-5.51,-5.865,0.57,2.412,-0.132,6.729,-17.838,-2.935,-3.006,-0.964,1.175
2.512,-4.494,-10.294,-0.58,3.303,-3.267,1.802,-12.237,-8.481,-2.074,-0.219,1.217
