-2.04,-9.594,-6.774,0.0,0.0,0.0,-1.049,-9.389,-11.305,0.0,0.0,0.0
-1.859,-9.635,-6.738,0.0,0.0,0.0,-1.04,-9.433,-11.287,0.0,0.0,0.0
-2.081,-9.567,-6.709,0.0,0.0,0.0,-1.052,-9.457,-11.307,0.0,0.0,0.0
-1.882,-9.663,-6.753,0.0,0.0,0.0,-1.111,-9.468,-11.273,0.0,0.0,0.0
-1.922,-9.556,-6.769,0.0,0.0,0.0,-1.185,-9.389,-11.249,0.0,0.0,0.0
-2.204,-9.548,-6.869,0.0,0.0,0.0,-1.176,-9.35,-11.286,0.0,0.0,0.0
-2.05,-9.655,-6.777,0.0,0.0,0.0,-1.099,-9.378,-11.27,0.0,0.0,0.0
-2.181,-9.608,-6.752,0.0,0.0,0.0,-1.044,-9.506,-11.381,0.0,0.101,0.0
-2.069,-9.598,-6.765,0.0,0.0,0.0,-0.769,-9.571,-11.434,0.158,0.0,0.0
-6.938,-11.599,-6.027,0.0,-0.434,0.449,-1.33,-9.614,-11.012,0.167,0.168,0.0
-15.48,-15.42,-5.101,0.379,-1.428,3.224,-1.11,-9.886,-10.453,0.0,0.119,0.0
-16.115,-13.768,-6.505,0.589,-2.033,4.357,5.213,-13.879,-6.942,-0.155,-0.244,-0.128
-11.074,-9.719,-8.958,1.095,-3.781,4.357,4.171,-14.361,-3.442,1.234,-2.4,-1.268
-9.915,-5.704,-10.967,0.551,-2.759,4.357,9.121,-19.189,-5.107,1.486,0.996,-3.017
-5.926,-4.879,-9.222,-0.107,-4.032,4.357,0.622,-16.184,-9.75,1.77,0.217,-3.361
-1.996,-3.395,-5.106,0.266,-1.785,3.037,-2.816,-11.874,-11.303,1.739,2.006,-2.842
0.129,-2.619,-4.838,0.565,-2.303,2.223,-4.929,-5.555,-11.44,1.554,0.366,-1.739
4.501,-4.458,-4.972,-0.133,-0.904,0.824,-5.088,-1.175,-15.275,0.418,0.0,-0.5
5.335,-16.242,0.865,-0.139,0.121,-2.546,-5.67,-1.725,-14.014,-0.819,-0.723,0.562
3.142,-4.614,-1.475,0.0,1.857,0.706,-2.886,-6.746,-13.943,-1.522,-0.953,2.074
0.0,-7.377,0.29,-0.953,-1.06,-1.443,2.055,-13.253,-13.101,-1.818,0.0,3.27
-0.968,-9.242,0.263,-1.041,-0.913,0.963,4.816,-17.448,-11.463,-2.421,0.152,3.078
3.094,-6.122,-2.513,-0.723,0.576,0.33,5.508,-17.318,-3.774,-1.824,0.488,2.454
1.465,-3.886,-4.497,-0.8,1.52,-1.366,14.557,-18.816,8.647,-0.257,-0.227,1.055
-0.799,-3.069,-7.203,0.419,2.803,-2.892,-1.71,-9.439,-13.167,-0.251,-2.025,0.0
