-1.097,-9.675,-10.815,0.505,-0.433,0.629,-0.268,-9.722,-11.435,-0.152,0.0,0.186
-1.14,-9.665,-10.55,0.0,0.0,0.0,-0.195,-9.443,-11.842,0.0,0.0,0.0
-1.202,-9.714,-10.554,0.0,0.0,0.0,-0.14,-9.552,-11.73,0.0,0.0,0.0
-1.19,-9.741,-10.505,0.0,0.0,0.0,-0.109,-9.582,-11.721,0.0,0.0,-0.173
-1.681,-9.942,-10.03,0.0,0.0,0.0,0.254,-9.373,-11.592,0.11,0.0,-0.159
-1.314,-9.729,-10.389,0.164,0.0,0.127,0.278,-9.641,-11.53,0.124,0.0,-0.203
-5.308,-11.275,-9.548,0.235,-1.077,0.302,0.313,-9.559,-11.482,0.136,0.0,-0.26
-9.261,-13.916,-6.832,0.856,-2.018,1.411,0.575,-9.918,-11.362,0.135,0.0,-0.311
-7.732,-14.503,-5.958,1.61,-3.155,1.92,1.389,-9.734,-11.081,0.105,0.275,-0.182
-6.243,-12.039,-5.099,2.48,-0.952,2.961,2.309,-8.73,-9.472,0.0,0.0,0.245
-4.669,-9.284,-4.258,2.807,-2.02,2.992,10.693,-10.567,-9.409,0.238,-0.181,-0.242
-3.651,-5.282,-4.899,3.156,-1.43,2.525,9.434,-11.484,-7.455,0.829,0.0,-2.131
-4.731,-0.101,-5.892,2.45,-1.827,1.731,7.722,-11.122,-8.295,1.048,0.359,-3.074
-0.763,4.201,-2.76,1.686,-2.069,1.379,7.103,-9.51,-8.483,0.813,1.651,-2.782
2.85,6.228,-2.43,0.904,-1.252,0.114,7.791,-9.31,-7.779,0.755,1.636,-2.467
1.877,4.491,-3.686,0.344,-0.928,-1.361,5.948,-7.511,-9.185,0.7,2.454,-2.045
0.608,-3.093,-7.516,0.133,-0.657,-1.552,1.255,-5.226,-10.084,0.525,1.52,-1.156
-3.3,-7.876,-2.496,-2.178,0.282,-0.755,0.142,-4.33,-11.226,0.109,0.169,-0.436
0.587,-2.337,-4.382,0.357,0.755,1.423,0.354,-4.259,-11.02,-0.363,-0.497,0.309
0.955,0.316,-4.981,-1.238,1.749,0.251,2.16,-4.931,-9.646,-1.001,-1.001,1.233
-3.16,-0.413,-4.682,-2.121,1.835,-0.952,4.358,-6.893,-7.46,-1.344,-1.202,2.3
-5.537,-4.799,-2.759,-3.025,1.633,-1.621,5.313,-9.728,-7.712,-1.309,-1.756,3.135
-8.027,-8.213,-1.473,-2.973,1.572,-2.039,4.529,-14.012,-9.097,-1.333,-2.758,3.41
-6.881,-8.705,-2.406,-2.57,1.3,-1.863,7.699,-14.755,-10.147,-1.018,-1.501,2.584
-6.315,-11.643,-1.307,-3.016,2.009,-1.107,5.948,-12.434,-8.559,-0.434,-1.085,1.09
