0.0,-9.73,-9.6,0.0,-0.146,0.0,-0.89,-9.483,-11.705,0.0,0.0,0.0
0.0,-9.77,-9.545,0.0,-0.167,0.0,-0.806,-9.492,-11.705,0.0,0.0,0.0
0.0,-9.905,-9.361,0.0,-0.247,0.0,-0.787,-9.501,-11.631,0.0,0.0,0.0
-3.719,-11.9,-8.296,0.282,-0.925,0.244,-0.647,-9.474,-11.622,0.0,0.0,0.0
-7.968,-14.271,-5.7,1.044,-1.348,1.769,-0.591,-9.785,-11.599,0.0,0.0,-0.103
-8.125,-14.949,-4.494,2.113,-1.356,3.119,0.434,-9.814,-10.903,0.137,-0.318,-0.187
-5.944,-12.698,-4.21,2.825,-1.137,3.816,6.44,-11.345,-10.401,0.278,0.135,-0.849
-2.838,-5.015,-5.221,2.823,-0.817,3.112,5.774,-11.087,-8.556,0.721,0.232,-1.923
-7.421,-4.887,-3.179,2.25,-1.011,2.491,6.455,-10.601,-7.141,1.106,0.12,-2.472
-5.553,-2.769,-3.28,2.376,-1.283,2.297,9.031,-10.436,-7.79,1.277,0.0,-2.932
-1.366,3.023,-4.474,1.87,-1.487,1.674,10.376,-10.174,-8.495,1.074,0.808,-3.502
0.885,5.227,-6.583,0.678,-1.226,0.0,8.399,-8.621,-8.943,0.845,1.73,-3.511
1.549,0.954,-5.157,-0.995,-1.092,-1.122,3.583,-4.597,-10.711,0.353,2.4,-2.568
-1.49,-5.006,-2.53,-0.925,-0.394,-1.335,0.161,-3.262,-10.763,-0.318,2.246,-1.045
-1.869,-2.998,-3.651,0.432,0.547,0.427,0.0,-2.902,-9.521,-0.808,0.71,0.0
0.545,0.548,-4.78,-0.632,0.76,0.392,1.23,-3.537,-7.565,-0.833,-0.305,0.979
-0.496,0.0,-5.604,-1.136,1.234,-0.465,3.828,-4.154,-6.994,-0.921,-1.362,1.807
-1.298,-2.4,-4.784,-2.159,1.89,-1.535,5.079,-6.173,-6.269,-1.264,-1.413,2.526
-6.755,-5.711,-4.387,-3.116,1.315,-2.817,6.192,-9.475,-6.446,-1.493,-1.822,2.771
-7.217,-9.832,-0.991,-2.648,0.257,-2.529,5.942,-11.046,-6.782,-1.57,-1.995,2.624
-7.174,-11.12,-0.999,-2.311,0.586,-2.364,7.024,-12.36,-9.21,-0.89,-1.401,2.562
-3.129,-12.614,-3.037,-1.809,2.268,-1.561,5.025,-11.717,-7.951,-0.658,-1.395,1.488
-7.076,-11.332,-8.148,0.0,2.828,-1.904,4.394,-10.253,-10.517,-0.297,-0.842,0.848
-5.624,-11.437,-9.894,-0.891,2.216,-1.857,3.87,-9.693,-10.533,-0.401,-0.347,0.585
-5.853,-11.63,-9.235,-0.788,0.861,-1.164,-2.327,-8.258,-10.462,-0.208,0.99,0.0
