-5.069,-11.249,-6.192,-1.228,2.004,-1.68,-0.73,-9.432,-11.811,0.0,0.0,0.0
-1.523,-9.674,-10.319,0.0,0.0,0.0,-0.835,-9.525,-11.769,0.0,0.0,0.0
-1.504,-9.656,-10.195,0.0,0.0,0.0,-0.798,-9.474,-11.823,0.0,0.0,0.0
-1.575,-9.719,-10.279,0.0,0.0,0.0,-0.795,-9.517,-11.787,0.0,0.0,0.0
-1.488,-9.663,-10.209,0.0,0.0,0.0,-0.749,-9.441,-11.811,0.0,0.0,0.0
-1.566,-9.728,-10.191,0.0,0.0,0.0,-0.816,-9.437,-11.738,0.0,0.0,0.0
-1.597,-9.726,-10.15,0.0,-0.126,0.0,-1.053,-9.799,-11.817,0.0,0.0,-0.232
-5.86,-11.393,-9.268,0.337,-1.362,0.225,-0.433,-10.661,-11.689,0.172,-0.254,-0.323
-9.188,-14.644,-9.035,1.076,-2.289,1.785,2.652,-9.941,-10.145,0.278,0.0,-0.574
-8.835,-13.588,-6.7,0.979,-0.864,3.368,9.049,-11.587,-8.207,0.669,0.36,-1.891
-8.43,-9.634,-4.138,1.798,-2.273,3.749,8.18,-11.305,-7.784,1.148,0.588,-3.097
-8.478,-7.093,-2.778,2.408,-2.072,3.679,8.02,-10.159,-8.686,1.134,0.605,-3.467
-3.115,-1.074,-5.584,2.971,-2.48,3.409,9.988,-9.408,-8.512,1.08,1.078,-3.496
-1.16,3.802,-7.751,1.216,-1.974,0.995,5.913,-7.16,-9.303,0.811,2.276,-3.099
-1.518,2.635,-3.344,0.339,-1.715,0.0,2.111,-4.31,-10.314,0.214,2.256,-2.121
-0.788,0.187,-2.239,0.442,-0.753,-0.791,0.0,-2.969,-9.534,-0.39,1.007,-0.858
0.552,-3.472,-3.611,-0.331,-0.429,-1.75,1.072,-3.19,-9.708,-0.611,0.615,0.556
-1.601,-3.197,-2.451,-0.236,-1.105,-1.288,2.207,-4.165,-7.814,-0.581,-1.262,1.291
-3.608,-1.569,-2.198,0.0,0.774,0.157,4.602,-4.651,-7.127,-0.805,-1.311,2.186
-1.683,-1.775,-3.901,0.0,0.646,0.785,6.089,-7.192,-6.224,-1.21,-1.42,2.859
-0.618,-0.296,-4.553,-0.688,0.466,0.724,7.083,-9.432,-6.5,-1.448,-1.611,3.024
-2.277,1.112,-5.736,-1.033,0.863,0.0,6.719,-12.061,-8.359,-1.181,-2.245,2.786
-2.861,-0.923,-4.468,-2.122,1.66,-1.167,6.911,-12.495,-9.81,-0.922,-1.209,2.249
-5.059,-5.561,-2.278,-3.405,0.982,-1.963,5.78,-10.607,-9.318,-0.368,-0.694,1.163
-4.731,-8.709,0.0,-2.811,0.92,-2.065,2.331,-9.5,-9.731,-0.269,0.0,0.89
