-3.423,-12.037,-5.23,-1.16,1.076,-2.657,-0.51,-9.512,-11.768,0.0,0.0,0.0
-1.109,-9.77,-10.124,0.0,0.0,0.0,-0.506,-9.498,-11.718,0.0,0.0,0.0
-1.051,-9.653,-10.165,0.0,0.0,0.0,-0.581,-9.554,-11.696,0.0,0.0,0.0
-1.062,-9.681,-10.143,0.0,0.0,0.0,-0.549,-9.441,-11.717,0.0,0.0,0.0
-1.264,-9.864,-10.128,0.0,0.0,0.0,-0.512,-9.476,-11.62,0.0,0.0,0.0
-1.025,-9.722,-9.954,0.0,-0.134,0.0,-0.5,-9.577,-11.668,0.0,0.0,0.0
-1.646,-10.22,-9.737,0.0,-0.222,0.0,-0.445,-9.73,-11.551,0.0,0.0,0.0
-6.774,-13.23,-8.868,0.738,-1.718,0.592,0.58,-10.03,-11.273,0.123,0.0,0.0
-8.122,-14.759,-7.501,1.531,-1.234,2.879,9.043,-12.213,-9.986,0.313,0.0,-0.824
-9.413,-13.433,-6.996,1.693,-0.595,3.906,8.268,-11.746,-6.835,0.92,0.413,-2.382
-8.446,-9.41,-4.953,1.682,-1.606,4.394,9.478,-12.941,-7.99,1.311,0.723,-3.532
-6.476,-3.986,-3.808,1.837,-2.359,4.214,13.255,-14.77,-10.952,1.361,1.657,-4.157
-3.208,0.812,-5.551,2.071,-2.291,3.239,6.621,-12.383,-7.067,1.918,2.173,-4.353
-2.355,4.141,-5.583,0.802,-1.745,1.312,0.866,-4.933,-10.773,1.192,2.643,-3.763
-2.86,1.965,-3.251,0.709,-1.451,0.303,-2.701,-0.353,-11.777,0.0,0.688,-1.675
0.683,2.235,-2.334,0.171,-1.107,-0.751,-2.452,-1.067,-11.721,-1.015,1.432,0.633
1.698,2.353,-5.248,0.0,-0.715,-1.547,0.891,-4.015,-9.046,-1.895,-0.354,2.064
-1.085,-5.757,-3.243,-1.617,-1.036,-2.233,3.345,-6.328,-6.238,-1.98,-0.932,2.681
-3.425,-2.944,-2.633,0.134,0.349,0.325,5.622,-10.144,-5.434,-1.78,-2.5,2.976
0.0,-2.741,-3.49,0.0,1.0,1.285,5.438,-11.789,-7.22,-1.452,-3.25,3.174
0.384,-0.405,-6.745,-0.558,1.424,0.559,6.958,-13.575,-10.447,-1.186,-3.273,2.989
-1.062,0.775,-7.361,-1.949,1.901,-0.862,8.958,-12.197,-10.16,-1.012,-0.626,2.257
-4.271,-3.648,-4.579,-3.309,1.789,-2.648,5.104,-11.352,-7.574,-0.601,-0.553,1.387
-8.72,-10.75,0.133,-3.587,1.184,-3.001,7.832,-10.159,-7.326,0.0,1.022,0.408
-5.965,-12.005,0.284,-2.673,0.847,-2.628,-1.465,-7.8,-11.927,-0.189,-0.477,0.0
