-3.715,-14.514,-9.113,-0.77,3.013,-1.546,-0.325,-9.914,-12.109,-0.13,0.824,0.253
-1.523,-9.72,-9.902,0.0,-0.307,-0.133,0.0,-9.426,-11.888,0.0,0.0,0.0
-1.791,-9.846,-10.197,0.0,-0.559,0.0,0.0,-9.316,-11.844,0.0,0.0,0.0
-3.955,-10.687,-9.214,-0.155,-0.472,0.197,-0.308,-9.989,-11.82,0.0,0.0,-0.127
-5.529,-11.663,-8.555,0.324,0.133,1.133,-0.129,-9.858,-11.921,0.113,0.0,0.0
-9.782,-13.835,-6.584,1.505,-1.042,2.359,2.105,-9.913,-10.486,0.186,0.0,-0.236
-11.091,-12.634,-5.967,1.534,-1.648,3.365,8.347,-11.667,-8.949,0.51,1.601,-1.07
-7.926,-7.922,-4.126,2.106,-1.927,3.93,6.322,-8.885,-8.027,0.77,0.847,-1.879
-5.077,-1.622,-4.239,2.292,-2.404,3.094,5.969,-8.667,-7.746,0.655,1.249,-1.503
-6.237,-2.529,-4.441,2.386,-1.58,1.82,6.551,-10.78,-8.293,0.803,1.411,-1.204
-3.523,-1.697,-3.494,1.419,-1.958,1.009,5.805,-11.339,-9.709,0.914,1.229,-1.379
0.77,-1.342,-4.637,0.746,-1.489,-0.443,2.554,-9.832,-9.71,0.947,1.462,-1.507
-0.48,-2.028,-4.139,0.0,-0.933,-1.02,0.799,-7.472,-10.872,0.647,1.268,-1.295
-1.222,-1.517,-3.844,-0.283,-0.233,-0.712,-0.476,-5.182,-10.576,0.224,0.659,-0.705
-2.708,-0.832,-2.711,-0.121,0.361,0.29,-0.353,-4.573,-10.078,-0.347,-0.427,0.144
-1.512,-0.701,-3.678,0.0,0.791,0.509,0.847,-6.045,-8.919,-0.87,-1.001,1.245
-1.713,-0.148,-5.142,-0.715,0.993,0.0,2.558,-9.228,-8.431,-1.178,-1.814,2.063
-3.106,0.226,-4.911,-1.301,1.577,-1.037,3.749,-12.094,-10.244,-1.078,-2.264,2.512
-4.298,-1.737,-3.499,-2.116,1.146,-1.743,7.564,-14.261,-10.206,-0.951,-2.337,1.929
-7.241,-5.413,-1.613,-2.417,0.957,-2.158,6.905,-11.506,-8.926,-0.354,-1.201,0.722
-7.252,-6.078,-2.235,-2.244,0.134,-1.697,4.056,-8.885,-8.431,-0.146,-0.896,0.532
-6.333,-8.599,-2.779,-2.981,0.149,-1.829,2.139,-8.155,-9.373,0.0,-0.471,1.043
-2.64,-10.045,-4.154,-3.06,-0.24,-1.739,8.253,-10.108,-11.474,-0.108,0.487,0.358
-2.74,-13.846,-7.075,-1.409,1.474,-2.487,-1.467,-8.34,-11.888,-0.215,0.287,0.147
-11.65,-16.327,-1.992,-1.286,3.538,-0.335,-0.823,-9.701,-10.436,-0.12,0.432,0.247
