-8.941,-11.654,1.107,-3.018,0.311,-2.96,-0.387,-9.451,-11.998,0.0,0.0,0.0
-1.299,-9.629,-9.906,0.0,-0.187,0.0,-0.633,-9.464,-11.871,0.0,0.0,0.0
-1.203,-9.592,-10.102,0.0,0.0,0.0,0.301,-9.419,-11.917,0.0,0.0,0.0
-1.556,-9.591,-10.27,0.0,0.0,-0.156,-0.178,-9.506,-11.891,0.0,0.0,0.0
-1.678,-9.728,-10.138,-0.103,0.0,-0.173,-0.42,-9.447,-11.784,0.0,0.0,-0.15
-2.058,-10.084,-9.645,0.0,-0.126,0.0,-0.168,-9.878,-11.889,0.108,0.152,-0.137
-6.05,-12.656,-8.671,0.555,-1.463,0.526,0.779,-9.589,-11.299,0.0,0.1,0.0
-6.97,-12.656,-6.92,1.252,0.168,2.509,6.899,-10.165,-10.618,0.0,0.225,-0.229
-5.201,-8.829,-6.669,0.865,0.0,2.435,9.234,-11.084,-8.362,0.645,1.263,-1.82
-10.199,-10.396,-6.421,1.489,-0.896,2.496,8.24,-11.238,-8.883,1.005,0.284,-3.019
-11.618,-10.767,-5.403,1.88,-2.175,3.373,7.735,-10.615,-8.4,1.006,1.051,-3.12
-5.259,-4.606,-6.278,2.051,-1.546,3.552,6.597,-9.523,-7.165,0.677,2.547,-2.439
-1.165,2.517,-5.559,1.328,-2.485,2.277,5.45,-9.052,-9.592,0.684,2.541,-1.822
-2.775,3.952,-2.918,0.883,-1.685,0.73,1.97,-5.66,-10.042,0.818,1.846,-1.157
-2.622,3.133,-0.487,0.594,-2.286,0.0,0.471,-4.4,-11.17,0.408,0.309,-0.499
0.789,0.332,-3.306,1.08,-1.511,-1.151,1.011,-4.05,-11.156,-0.248,-0.373,0.215
1.028,-4.647,-6.143,-0.396,-0.597,-1.744,1.799,-4.732,-9.306,-0.858,-0.669,1.052
-3.913,-5.437,-5.515,-0.424,1.054,-0.707,5.11,-6.248,-8.421,-1.406,-0.715,1.797
-0.341,-2.276,-5.655,-0.765,0.907,0.577,5.61,-8.702,-4.999,-1.899,-0.2,2.23
1.728,-1.654,-5.786,-2.187,1.791,-0.457,4.551,-11.566,-4.896,-1.43,-1.733,1.873
-2.528,-4.808,-7.726,-2.063,2.544,-3.12,5.34,-11.095,-9.095,-0.756,-2.776,1.722
-7.122,-12.505,-4.449,-4.301,0.437,-4.092,4.194,-10.867,-9.282,-0.645,-2.181,1.661
-8.851,-16.331,-1.515,-2.613,1.239,-2.887,3.783,-10.355,-10.23,-0.528,-1.656,1.699
-8.684,-14.016,-4.527,-1.786,-1.224,-1.578,16.528,-14.05,-8.455,-0.354,0.951,0.951
-4.905,-10.326,-4.941,-1.254,1.966,-0.414,1.993,-11.225,-11.724,-0.333,-1.239,0.0
