-1.641,-9.807,-10.128,0.135,0.0,0.204,-0.456,-9.469,-11.79,0.0,0.0,0.0
-1.257,-9.805,-10.289,0.0,-0.322,0.0,-0.413,-9.482,-11.804,0.0,0.0,0.0
-1.423,-9.555,-9.914,0.0,-0.324,-0.152,-0.426,-9.602,-11.656,0.0,0.0,0.0
-1.683,-9.42,-9.487,-0.133,-0.638,-0.234,-0.405,-9.627,-11.672,0.0,0.0,-0.123
-1.337,-9.488,-9.829,0.275,0.0,0.0,-0.221,-9.331,-11.604,0.0,0.0,-0.139
-3.512,-10.314,-9.408,0.124,-0.293,0.142,-0.141,-9.72,-11.523,0.117,0.0,-0.223
-7.21,-13.141,-7.025,0.937,-0.101,1.102,0.0,-9.907,-11.322,0.148,0.0,-0.307
-8.602,-12.863,-4.581,1.535,-1.022,2.335,0.742,-9.804,-11.525,0.0,0.325,0.0
-8.705,-10.914,-3.452,1.636,-1.144,2.917,2.37,-8.503,-10.885,0.0,0.211,0.0
-7.694,-8.073,-3.626,1.907,-1.839,2.911,7.028,-10.483,-7.823,0.298,0.824,-0.686
-4.82,-4.099,-5.224,2.251,-1.83,2.264,5.845,-9.692,-8.852,0.581,0.21,-1.552
-6.118,-3.454,-4.551,1.879,-1.506,1.592,5.962,-10.191,-8.145,0.654,0.624,-1.666
-3.542,-2.51,-3.469,1.5,-1.267,0.947,7.095,-10.965,-6.915,0.842,1.192,-1.737
0.92,1.694,-4.055,1.36,-1.218,0.253,6.405,-12.121,-7.96,1.08,1.559,-1.767
1.22,2.941,-4.166,0.0,-1.175,-1.353,3.94,-10.109,-10.026,1.121,2.019,-1.82
0.261,-2.416,-1.99,-0.4,-0.603,-1.804,0.609,-6.698,-10.733,0.792,1.656,-1.267
-2.193,-4.436,-1.843,0.596,0.153,-0.726,-0.107,-4.804,-10.471,0.371,0.624,-0.522
-2.817,-1.256,-4.72,0.351,0.743,0.502,0.193,-4.545,-10.05,-0.278,0.156,0.18
0.123,-0.941,-3.958,-0.967,0.612,0.475,1.077,-5.618,-9.246,-0.755,-0.651,0.829
0.424,-1.68,-3.043,-1.718,0.757,-0.327,2.239,-7.64,-8.512,-1.046,-1.676,1.526
-4.493,-1.836,-3.923,-0.153,2.398,-0.873,2.553,-11.083,-9.656,-0.967,-3.041,2.176
-3.705,-2.319,-5.409,-1.877,0.709,-1.847,4.904,-12.802,-12.327,-1.001,-2.728,2.52
-7.046,-7.446,-3.447,-2.584,0.853,-2.755,8.389,-13.703,-8.346,-0.939,-1.469,2.277
-6.479,-9.086,-2.181,-2.534,-0.13,-2.214,8.228,-10.86,-8.214,-0.4,-0.158,1.041
-5.443,-11.484,-2.622,-2.361,1.054,-1.729,3.222,-8.972,-7.465,-0.119,0.0,0.761
