-1.262,-9.742,-9.807,0.0,0.0,-0.111,-0.822,-9.494,-11.889,0.0,0.0,0.0
-1.47,-9.674,-9.958,0.0,-0.148,-0.104,-0.792,-9.457,-11.845,0.0,0.0,0.0
-1.567,-9.681,-9.985,0.0,-0.104,0.0,-0.711,-9.464,-11.799,0.0,0.0,0.0
-1.385,-9.603,-10.016,0.0,0.0,0.0,-0.714,-9.455,-11.818,0.0,0.0,0.0
-3.783,-10.311,-9.809,-0.23,-0.481,0.0,-0.736,-9.65,-11.712,0.0,0.0,-0.134
-10.616,-14.631,-8.024,0.633,0.51,1.912,-0.526,-9.673,-11.62,0.0,0.0,0.0
-11.036,-13.628,-7.496,1.555,-1.128,3.853,0.909,-9.991,-10.505,0.0,0.0,-0.24
-8.759,-11.638,-6.869,1.556,-1.623,4.225,6.047,-11.316,-10.013,0.304,0.94,-0.71
-5.15,-7.405,-6.262,2.169,-2.451,3.758,6.247,-10.179,-10.047,0.561,0.93,-1.759
-3.535,-1.806,-5.643,1.775,-1.841,2.755,6.542,-9.315,-9.181,0.646,0.683,-2.078
-6.227,-1.392,-4.881,1.496,-1.629,1.811,8.841,-10.075,-9.014,0.759,0.776,-2.484
-5.059,0.645,-4.067,1.598,-0.692,1.931,10.7,-11.183,-7.838,0.858,0.955,-2.944
-1.082,5.545,-4.03,0.901,-1.034,1.14,8.354,-11.752,-9.558,0.856,2.219,-3.058
0.314,9.051,-3.389,0.245,-1.543,0.0,4.14,-7.886,-10.879,0.541,2.942,-2.67
1.656,7.307,-4.137,-0.459,-1.767,-1.183,-0.178,-4.355,-9.52,0.292,2.168,-1.607
1.635,-2.422,-4.519,-1.494,-1.006,-2.339,-1.325,-1.696,-9.654,0.138,0.219,-0.417
-7.019,-9.454,-1.241,-0.161,-0.296,-0.557,-0.518,-2.248,-9.306,-0.214,-0.918,0.852
0.471,-1.437,-5.749,0.255,1.096,0.691,2.16,-4.827,-9.062,-0.632,-1.767,2.042
0.0,1.181,-5.008,-1.157,1.215,-0.208,4.612,-7.726,-8.354,-1.046,-1.736,2.978
-3.709,0.357,-5.517,-2.068,1.396,-1.246,5.987,-11.536,-7.799,-1.219,-2.252,3.428
-4.174,-3.2,-3.782,-3.304,1.151,-2.126,6.181,-14.453,-10.363,-1.057,-1.933,3.555
-4.691,-8.435,-1.222,-3.685,0.785,-2.481,8.671,-14.262,-10.363,-0.919,-1.759,2.333
-5.237,-11.31,-1.799,-3.643,0.281,-2.612,6.47,-11.755,-9.563,-0.511,-1.018,1.258
-5.094,-12.784,-4.679,-2.18,0.772,-2.649,5.583,-10.584,-7.127,-0.133,0.314,0.697
-4.709,-13.107,-5.847,-1.606,2.176,-2.182,8.433,-9.74,-9.321,0.0,-0.755,-0.153
