-7.661,-13.609,-8.003,-1.585,2.531,-3.277,10.481,-10.075,-7.641,0.0,-0.461,-0.264
-1.231,-9.631,-10.266,0.0,0.0,0.0,-0.595,-9.481,-11.616,0.0,0.0,0.0
-1.085,-9.64,-10.082,0.0,0.0,0.0,-0.62,-9.535,-11.669,0.0,0.0,0.0
-1.17,-9.809,-9.98,0.0,0.0,0.0,-0.607,-9.501,-11.633,0.0,0.0,0.0
-1.586,-9.95,-9.951,0.0,0.0,0.0,-0.492,-9.5,-11.543,0.0,0.0,0.0
-2.564,-9.993,-10.096,0.281,-0.286,0.591,-0.548,-9.613,-11.608,0.0,0.0,-0.105
-7.517,-12.014,-8.321,0.194,-0.339,0.653,-0.27,-9.741,-11.443,0.0,0.0,0.0
-12.249,-14.681,-5.492,1.476,-2.142,2.088,1.107,-10.355,-10.654,0.0,-0.125,0.0
-9.946,-13.716,-5.106,2.595,-2.798,3.259,10.055,-12.972,-9.285,0.462,0.359,-1.523
-7.664,-11.677,-3.678,3.597,-2.052,4.081,9.789,-11.411,-7.839,0.931,0.32,-3.054
-2.302,-4.984,-5.165,3.718,-1.917,3.806,9.354,-11.384,-8.197,1.047,0.927,-3.763
1.159,2.885,-6.082,2.548,-1.938,2.057,10.172,-10.68,-9.501,0.925,1.736,-3.998
-1.952,4.568,-3.518,0.238,-1.152,0.315,8.782,-6.386,-10.212,0.394,3.323,-3.455
1.333,3.325,-4.713,0.85,-1.443,-0.449,3.622,-6.48,-9.023,0.0,3.009,-2.389
0.756,-2.587,-4.628,-0.425,-0.513,-1.612,0.0,-3.624,-9.4,0.269,1.77,-1.15
-2.315,-6.0,-3.095,-1.086,-0.45,-1.11,-0.626,-3.015,-10.796,0.0,-0.268,-0.248
-2.008,-2.789,-2.555,0.1,0.333,0.761,0.36,-2.575,-9.858,-0.511,-0.558,0.849
0.0,-0.352,-5.083,0.0,0.757,0.699,3.202,-3.572,-7.846,-1.233,-1.228,1.795
0.568,1.382,-5.601,-1.689,1.018,0.0,5.109,-6.14,-5.39,-1.496,-1.445,2.61
-4.423,-1.293,-1.94,-2.978,1.025,-1.555,5.92,-8.805,-6.064,-1.506,-1.327,3.124
-3.523,-4.319,0.0,-2.689,0.6,-1.485,5.192,-12.663,-5.852,-1.803,-1.16,2.978
-4.41,-7.063,-0.92,-3.311,0.165,-1.683,8.256,-13.959,-7.501,-1.237,-1.182,2.324
-2.587,-10.479,-0.639,-3.366,0.891,-1.71,5.772,-11.217,-7.411,-0.713,-1.596,0.759
-3.873,-12.461,0.0,-2.342,0.635,-1.414,2.633,-8.843,-9.295,-0.504,-1.651,0.636
-5.078,-9.665,-4.247,-0.531,2.522,-1.46,1.793,-9.476,-10.026,-0.626,-1.013,1.219
