-0.198,-9.962,-9.515,0.0,0.0,0.0,-1.444,-9.486,-11.442,0.0,0.0,0.0
0.351,-9.689,-9.877,0.0,-0.205,0.0,-1.594,-9.487,-11.44,0.0,0.0,0.0
0.634,-9.829,-9.868,0.0,0.0,0.0,-1.468,-9.451,-11.448,0.0,0.0,0.0
0.262,-9.806,-9.798,0.0,0.0,0.0,-1.491,-9.457,-11.451,0.0,0.0,0.0
0.296,-9.794,-9.737,0.0,0.0,0.0,-1.53,-9.446,-11.422,0.0,0.0,0.0
0.345,-9.791,-9.826,0.0,0.0,0.0,-1.417,-9.467,-11.439,0.0,0.0,0.0
0.301,-9.849,-9.925,0.0,0.0,0.0,-1.475,-9.518,-11.465,0.0,0.0,0.0
0.233,-9.802,-10.086,0.0,0.0,0.0,-1.518,-9.486,-11.477,0.0,0.0,0.0
-0.515,-13.177,-10.36,-0.181,0.284,-0.308,-1.503,-9.449,-11.522,0.0,0.0,0.0
-19.284,-19.666,-21.226,-0.147,4.377,2.88,-1.269,-9.94,-11.657,0.0,0.486,0.0
-19.284,-19.666,-15.147,-2.242,-4.353,4.394,-3.884,-10.07,-11.19,0.374,0.898,-0.503
6.345,-19.666,-27.036,1.642,-3.323,4.394,-5.865,-18.044,-15.281,0.851,-1.495,-2.451
12.325,-3.261,-16.925,2.795,-1.447,4.394,1.665,-11.511,-18.679,2.073,-4.345,-3.001
8.012,-11.549,-7.604,2.166,-0.94,0.0,-16.139,2.446,-16.63,1.584,-4.345,1.931
3.802,-3.956,-19.492,1.765,2.193,-4.222,-2.403,-14.734,-12.951,2.301,-1.04,4.367
-3.614,4.385,-10.834,-1.833,-2.27,1.247,13.35,-19.374,-19.095,1.277,-2.43,4.367
9.86,-5.769,-15.249,-3.476,-2.586,2.508,12.028,-10.015,-11.266,0.0,1.796,0.471
7.504,-6.742,-9.937,-4.301,-0.326,-0.808,0.821,-11.106,-10.329,-0.233,2.089,-1.858
5.479,-7.652,-11.183,-4.301,1.319,-3.362,0.447,-11.832,-12.215,-0.321,1.836,-2.736
-2.862,-19.666,-10.007,-4.301,4.377,-4.337,-2.156,-12.046,-15.12,-0.13,3.002,-2.492
-11.344,-19.666,-10.257,-2.502,4.377,-4.337,-3.771,-11.841,-15.138,0.0,3.796,-1.636
-6.097,-19.666,-14.205,1.148,4.184,-4.337,-5.549,-10.681,-13.559,0.2,2.052,-0.935
-19.284,-15.406,-17.443,-1.903,2.008,-2.659,-1.922,-14.517,-23.357,-0.793,-1.358,1.369
-2.056,-15.36,2.599,-1.649,2.276,1.921,-5.197,-11.128,-4.956,0.0,0.771,1.247
0.796,-10.122,-12.046,-0.112,0.0,1.053,-2.652,-9.919,-11.075,-0.188,-0.401,0.0
