0.0,-9.817,-9.493,0.0,0.0,0.0,-1.587,-9.43,-11.541,0.0,0.0,0.0
0.0,-9.828,-9.567,0.0,0.0,0.0,-1.556,-9.479,-11.481,0.0,0.0,0.0
0.14,-9.808,-9.695,0.0,0.0,0.0,-1.612,-9.533,-11.446,0.0,0.0,0.0
-0.239,-9.802,-9.386,0.0,0.0,0.0,-1.631,-9.469,-11.461,0.0,0.0,0.0
0.0,-9.764,-9.351,0.0,0.0,0.0,-1.562,-9.5,-11.488,0.0,0.0,0.0
0.0,-9.797,-9.572,0.0,0.0,0.0,-1.52,-9.482,-11.463,0.0,0.0,0.0
0.101,-9.75,-9.515,0.0,0.0,0.0,-1.479,-9.431,-11.533,0.0,0.115,0.0
0.0,-9.794,-9.327,0.0,0.0,0.0,-0.864,-9.899,-11.634,0.0,0.395,0.0
-3.072,-12.963,-8.246,0.0,0.0,-0.369,-5.141,-9.889,-10.608,0.347,0.951,-0.45
-19.284,-19.666,-25.041,-0.658,4.377,4.374,-7.126,-17.941,-15.651,1.132,-0.987,-2.615
-19.284,-19.666,-19.336,-3.885,-4.353,4.394,4.203,-7.998,-17.943,2.31,-4.345,-2.743
3.914,-19.666,-22.458,-0.12,-4.353,4.394,-10.704,0.241,-18.466,1.831,-4.345,2.101
16.487,-4.235,-19.795,2.678,-2.905,4.394,-0.564,-15.259,-15.287,2.132,-1.974,4.367
17.488,-10.207,-8.469,1.285,-1.113,-1.552,13.339,-14.562,-20.36,0.913,-0.876,4.119
-2.898,-6.195,-19.605,0.105,4.054,-4.337,8.626,-9.969,-10.66,-0.358,2.546,0.549
-1.59,0.475,-8.733,-1.345,-2.895,1.302,1.209,-11.396,-8.891,0.0,2.247,-2.07
8.113,-5.291,-13.382,-3.362,-0.831,1.169,-0.139,-11.679,-11.379,0.0,1.923,-2.714
10.244,-5.288,-9.348,-4.301,0.0,-1.95,-1.666,-10.817,-15.143,0.137,3.1,-2.04
4.827,-11.046,-11.269,-4.301,1.118,-4.337,-2.083,-10.178,-16.46,0.0,3.274,-1.109
-4.605,-19.666,-2.104,-4.301,4.377,-4.337,-4.46,-9.813,-10.225,0.48,3.303,0.0
-15.263,-19.666,-12.572,-1.738,0.181,-4.337,0.148,-11.174,-19.849,-0.212,1.207,1.702
-19.284,-19.666,-10.94,-0.726,4.377,-4.337,-1.466,-9.221,-12.325,-0.243,-0.758,0.774
-8.598,-12.451,-14.126,-2.023,2.592,1.311,-1.625,-10.088,-10.926,-0.254,-0.348,-0.187
-2.445,-11.248,-8.428,-0.543,2.544,1.387,-1.512,-9.325,-11.317,-0.121,-0.134,-0.18
0.0,-10.083,-9.516,0.311,-0.846,0.816,-1.431,-9.488,-11.158,0.0,-0.132,-0.104
