1.577,-9.738,-10.346,0.0,-0.232,0.126,-1.888,-9.545,-11.142,0.0,0.0,0.0
1.582,-9.758,-9.876,0.0,-0.335,0.114,-1.959,-9.574,-11.074,0.0,0.0,0.0
1.291,-9.864,-10.191,0.0,0.0,0.0,-2.046,-9.615,-11.17,0.0,0.119,0.0
0.64,-9.765,-10.259,0.0,0.0,0.0,-2.022,-9.628,-11.002,0.13,0.0,0.0
0.702,-9.79,-10.145,0.0,-0.138,0.0,-1.696,-9.547,-10.917,0.137,0.0,0.0
0.871,-9.87,-10.277,0.0,-0.115,0.0,-1.673,-9.525,-10.744,0.119,0.0,0.0
0.687,-9.721,-10.277,0.0,0.0,0.0,-1.905,-9.445,-10.595,0.0,0.0,0.0
0.65,-9.91,-10.035,0.0,0.0,0.0,-2.166,-10.229,-11.031,0.123,0.763,0.0
-5.668,-14.763,-7.58,0.239,-0.616,-0.362,-3.543,-10.107,-11.448,0.402,0.0,-0.684
-16.937,-19.666,-14.278,-1.841,2.046,2.845,-6.723,-15.889,-11.665,1.144,-1.071,-1.99
-19.284,-19.666,-17.287,-3.283,-1.827,4.394,0.106,-9.902,-20.875,1.198,-2.8,-1.871
-10.715,-19.666,-20.462,1.353,-4.353,4.394,-15.446,2.154,-15.574,-0.978,-4.345,1.029
-0.299,-9.347,-17.535,0.896,-3.685,4.394,-3.589,-12.475,-10.918,0.709,-3.361,4.367
3.846,-8.707,-9.157,1.628,1.303,4.394,6.217,-19.411,-16.789,1.171,-3.585,4.367
6.993,-6.043,-14.023,2.269,-0.591,1.967,5.371,-10.869,-7.751,0.0,1.253,1.198
5.485,1.226,-12.676,-0.621,0.266,1.092,-2.281,-9.425,-7.571,0.216,0.359,-0.985
9.761,0.402,-11.46,-1.873,-2.044,0.116,3.705,-10.74,-10.206,0.184,0.0,-2.252
9.513,-2.885,-11.887,-2.999,-0.971,-2.222,-0.281,-12.516,-14.512,0.0,3.171,-2.368
3.306,-4.871,-9.933,-4.301,-1.251,-4.337,-3.135,-12.926,-16.231,0.384,4.385,-2.184
0.372,-15.574,-12.306,-4.301,3.962,-4.337,-3.884,-10.052,-14.747,0.348,3.587,-1.513
-14.162,-19.666,-9.342,-4.301,3.026,-4.337,-15.04,-5.177,-21.065,0.265,2.685,0.253
-5.258,-19.666,-8.62,-2.403,2.935,-4.337,-2.292,-12.26,-15.008,0.0,2.243,1.899
-2.676,-19.666,-11.268,-2.206,2.8,-4.039,-4.967,-8.601,-11.943,-0.511,-0.552,0.67
-11.127,-16.842,-12.802,0.698,4.377,-2.22,-2.097,-9.908,-10.264,-0.315,-0.375,-0.331
-2.977,-10.576,-14.901,-1.223,-0.732,1.198,-2.218,-9.381,-10.803,-0.104,0.0,0.0
