0.0,-9.665,-10.642,0.116,-0.317,0.0,-2.534,-9.396,-11.975,0.0,0.0,0.0
0.0,-9.744,-10.659,0.0,0.0,0.0,-2.625,-9.388,-11.895,0.0,0.0,0.0
-0.234,-9.794,-10.433,0.0,0.0,0.0,-2.744,-9.394,-11.861,0.0,0.0,0.0
-0.153,-9.758,-10.513,0.0,-0.119,0.0,-2.72,-9.384,-11.85,0.0,0.0,0.0
0.0,-9.731,-10.391,0.0,-0.169,0.0,-2.686,-9.415,-11.838,0.0,0.0,0.0
0.0,-9.731,-10.469,0.0,-0.105,0.0,-2.648,-9.398,-11.846,0.0,0.0,0.0
0.0,-9.815,-10.649,0.0,-0.181,0.0,-2.822,-9.41,-11.81,0.0,0.0,0.0
-0.614,-10.196,-10.873,0.0,-0.175,0.0,-2.909,-9.378,-11.856,0.0,0.147,0.0
-6.021,-13.493,-8.59,0.252,-0.221,0.868,-2.749,-9.458,-11.859,0.0,0.132,0.0
-9.648,-16.846,-12.128,0.289,0.361,3.009,-2.912,-9.531,-11.853,0.158,0.438,0.0
-16.748,-19.666,-10.165,-0.99,0.469,4.394,-3.138,-9.509,-11.609,0.171,0.0,-0.279
-16.162,-18.838,-14.547,-1.44,-1.016,4.394,-4.529,-10.056,-11.785,0.45,0.0,-1.093
-7.308,-13.793,-10.882,-0.543,-4.353,4.394,-6.555,-19.411,-15.783,0.702,0.223,-2.339
2.048,0.759,-10.619,1.63,-3.695,4.394,4.148,-8.669,-16.105,0.235,-1.25,-0.988
2.539,5.125,-6.81,1.728,-1.144,2.424,-7.749,-3.019,-10.817,-0.538,-2.892,0.984
6.988,1.322,-7.819,1.458,-1.976,0.423,-1.371,-6.99,-11.206,0.205,-3.624,3.078
1.004,-6.502,-14.019,2.585,0.339,-4.337,0.427,-13.087,-13.305,1.165,-2.113,3.729
-9.554,6.378,-17.59,1.055,3.231,-0.622,3.331,-10.853,-12.596,0.739,-1.269,2.525
-2.127,-0.169,-17.049,-2.677,-3.004,3.608,3.196,-9.27,-11.416,-0.349,0.0,-0.316
11.923,-1.05,-13.465,-3.476,-3.023,2.356,-2.901,-10.083,-9.766,-0.155,1.301,-1.49
8.304,0.649,-10.87,-4.301,0.0,-0.701,-0.712,-12.394,-10.254,0.0,1.68,-2.443
5.922,-3.837,-8.352,-4.301,2.444,-3.494,-2.894,-13.252,-13.286,0.0,2.988,-2.329
-4.596,-15.22,-4.903,-4.301,4.377,-4.337,-3.798,-12.173,-14.641,0.152,3.3,-1.987
-11.634,-19.666,-6.23,-1.284,3.688,-4.337,-3.636,-9.609,-13.538,0.0,2.49,-1.225
-7.607,-19.666,-9.795,0.163,2.885,-4.337,-3.636,-7.95,-13.001,-0.213,1.24,-0.294
