2.109,-9.774,-11.265,0.0,-0.107,0.314,-1.375,-9.51,-11.243,0.0,0.0,0.0
1.515,-9.281,-10.828,-0.12,-0.502,0.0,-1.479,-9.48,-11.23,0.0,0.0,0.0
1.126,-10.088,-9.98,0.0,-0.575,-0.146,-1.4,-9.503,-11.143,0.0,0.0,0.0
0.693,-9.904,-10.229,0.218,0.0,0.0,-1.398,-9.454,-11.086,0.0,0.0,0.0
0.439,-9.991,-10.002,0.0,0.0,0.0,-1.424,-9.679,-10.976,0.109,0.203,0.0
-0.263,-10.73,-10.659,-0.134,0.312,0.134,-1.851,-9.705,-10.839,0.119,0.16,-0.243
-0.916,-10.35,-10.611,-0.153,-0.169,0.308,-1.609,-9.802,-10.763,0.187,0.0,-0.504
-0.999,-10.606,-9.305,-0.176,-0.362,0.598,-1.566,-10.813,-10.243,0.465,-0.137,-0.879
-6.795,-13.579,-11.904,-0.714,1.121,1.231,-2.348,-13.224,-12.282,0.822,-0.817,-1.646
-14.703,-19.666,-12.769,-1.445,0.737,4.302,-2.441,-12.783,-15.69,0.906,-0.849,-1.734
-16.84,-19.666,-18.828,-1.06,-1.469,4.394,0.433,-6.846,-11.664,0.504,-1.237,-0.667
-11.762,-17.046,-17.922,-0.881,-4.133,4.394,-4.037,-3.747,-11.979,-0.218,-3.852,2.001
-1.893,-3.242,-12.251,1.554,-4.353,4.394,-2.413,-8.699,-8.524,0.469,-1.856,4.367
0.203,-0.717,-6.606,2.439,-1.096,2.671,1.17,-19.411,-17.043,0.894,-4.345,4.367
5.098,-7.604,-10.312,3.911,-0.37,0.649,12.877,-12.474,-11.929,0.194,1.823,1.648
2.947,-1.64,-17.019,3.92,1.517,-0.318,-0.604,-11.022,-11.184,-0.337,0.631,-2.034
-2.386,7.185,-19.54,0.34,0.632,1.041,1.117,-12.736,-10.013,-0.251,2.585,-3.026
6.247,-2.968,-10.886,-3.927,-4.353,3.242,-2.482,-11.726,-13.085,-0.302,2.788,-2.366
6.1,-1.214,-13.214,-0.784,-4.353,3.165,-2.637,-10.212,-13.688,0.134,3.03,-1.597
7.29,-1.277,-14.755,-3.462,-0.282,2.056,-2.17,-8.698,-13.289,-0.204,2.379,-0.753
3.228,-3.709,-6.432,-4.301,2.804,-0.55,-2.603,-9.516,-13.325,0.0,2.42,0.21
-3.033,-12.34,3.085,-4.301,4.377,-3.12,-14.356,-7.096,-17.188,-0.728,1.65,1.667
-2.608,-19.666,2.422,-4.301,4.377,-3.503,-2.11,-12.032,-9.77,0.0,0.853,1.389
-3.001,-19.666,-8.201,-4.179,4.377,-4.337,-3.569,-9.367,-11.402,-0.282,-0.12,0.57
-4.176,-19.666,-11.875,-2.131,4.377,-4.337,-2.736,-9.699,-10.541,-0.278,-0.335,-0.123
