0.531,-9.846,-9.269,0.0,0.0,0.0,-1.688,-9.505,-11.359,0.0,0.0,0.0
1.57,-9.828,-10.166,0.0,0.0,0.0,-1.722,-9.536,-11.323,0.0,0.0,0.0
1.163,-9.721,-9.651,0.0,0.0,0.0,-1.68,-9.482,-11.245,0.0,0.0,0.0
1.337,-9.825,-9.786,0.0,-0.242,0.0,-1.597,-9.525,-11.26,0.0,0.0,0.0
1.543,-9.823,-9.843,0.0,-0.189,0.0,-1.636,-9.517,-11.231,0.0,0.0,0.0
1.444,-9.749,-9.749,0.0,-0.123,0.0,-1.662,-9.518,-11.209,0.0,0.0,0.0
1.368,-9.8,-9.827,0.0,0.0,0.0,-1.651,-9.517,-11.196,0.0,0.0,0.0
1.415,-9.908,-9.899,0.0,0.0,0.0,-1.433,-9.479,-11.26,0.0,0.101,0.0
-0.254,-11.335,-8.25,0.0,0.615,0.269,-1.675,-9.822,-11.274,0.0,0.306,-0.213
-11.107,-15.39,-10.009,1.904,4.377,0.827,-1.781,-10.052,-11.548,0.238,0.154,-0.609
-19.284,-19.666,-18.063,-2.236,2.635,4.394,-3.518,-16.263,-12.336,0.908,-0.105,-1.8
-13.759,-19.666,-12.301,-4.301,-1.735,4.394,-2.653,-13.478,-21.794,1.644,-2.154,-2.245
2.352,-16.573,-14.286,0.0,-4.353,4.394,-12.557,3.578,-14.578,-0.528,-3.977,1.099
8.962,0.0,-10.093,0.884,-2.639,4.307,-4.205,-10.093,-10.651,0.574,-4.345,4.367
11.936,-12.995,-9.965,3.444,0.0,-1.083,17.255,-19.411,-28.108,0.775,-4.345,4.367
1.392,-4.835,-19.788,0.753,3.531,-1.19,1.832,-15.034,-11.697,-0.211,1.437,-2.162
3.107,-4.718,-12.649,-4.301,-3.137,0.531,3.663,-13.827,-11.182,-0.586,1.93,-3.903
10.204,-5.093,-12.19,-4.301,-2.608,-0.764,-0.113,-9.329,-13.071,-0.701,4.024,-2.69
6.404,-7.727,-10.879,-4.301,2.206,-4.337,-2.577,-7.768,-12.39,-0.1,4.165,-0.879
1.33,-19.666,-14.109,-4.301,4.377,-4.337,-3.867,-9.588,-12.889,0.441,2.903,0.65
-6.621,-19.666,-8.906,-3.808,4.377,-4.337,6.826,-19.411,-14.519,-0.337,-1.547,1.849
-19.284,-19.666,-22.213,2.644,4.377,-4.337,-5.34,-10.633,-10.389,-0.365,-1.714,1.053
-7.356,-15.647,-13.459,-4.301,4.292,1.247,-2.349,-9.598,-10.856,-0.295,-0.827,-0.496
-3.612,-10.665,-11.001,0.216,-2.882,-0.341,-2.1,-9.361,-11.11,-0.133,0.0,-0.173
2.304,-10.796,-6.212,-0.341,-0.183,0.899,-2.145,-9.364,-11.59,0.0,0.0,0.0
