0.472,-9.861,-10.534,0.0,0.0,0.0,-1.411,-9.499,-11.063,0.0,0.0,0.0
0.389,-9.837,-10.251,0.0,-0.119,0.0,-1.494,-9.533,-11.013,0.0,0.0,0.0
0.685,-9.864,-10.331,0.0,-0.163,0.0,-1.396,-9.511,-11.025,0.0,0.0,0.0
0.469,-9.76,-10.23,0.0,0.0,0.0,-1.466,-9.61,-10.972,0.0,0.0,0.0
0.49,-9.792,-10.522,0.0,-0.142,0.0,-1.383,-9.541,-10.984,0.0,0.0,0.0
0.816,-9.704,-10.639,0.0,0.0,0.0,-1.413,-9.531,-10.926,0.0,0.0,0.0
0.839,-9.742,-10.606,0.0,0.0,0.0,-1.336,-9.535,-10.865,0.0,0.0,0.0
0.719,-9.817,-10.726,0.0,0.0,0.0,-1.108,-9.567,-11.058,0.0,0.245,0.0
-0.706,-10.885,-10.388,-0.112,0.0,0.0,-1.347,-9.766,-10.916,0.0,0.39,-0.165
-6.345,-15.713,-12.449,-1.108,4.377,2.107,-1.789,-9.877,-11.067,0.236,0.0,-0.539
-17.238,-19.666,-21.276,-4.182,4.04,4.328,-1.5,-11.732,-10.668,0.502,-0.197,-1.12
-12.814,-19.666,-24.658,-4.301,-0.656,4.394,-5.93,-18.329,-15.241,1.149,-1.13,-2.43
-14.228,-19.666,-30.072,-4.301,-1.061,4.394,8.084,-7.505,-18.338,0.905,-1.244,-1.488
1.355,-19.666,-15.128,-4.301,-4.353,4.394,-9.036,0.273,-15.453,-0.388,-4.345,1.042
13.729,-5.179,-3.749,-2.954,-1.418,4.227,-2.259,-9.258,-10.813,0.818,-3.06,4.367
7.624,-3.28,-6.573,0.974,-0.712,0.426,1.629,-19.411,-16.554,1.049,-3.304,4.367
3.944,-2.338,-10.211,1.452,-0.441,-0.882,11.771,-11.612,-10.157,0.342,2.608,1.548
3.379,0.32,-10.224,-1.159,-1.011,-0.283,-2.971,-10.76,-8.333,0.165,0.384,-1.566
9.127,0.119,-4.386,-1.574,-0.645,-1.217,2.705,-11.661,-11.073,0.0,1.357,-2.801
5.703,-1.626,-7.78,-0.991,1.397,-3.741,-0.313,-10.506,-13.509,0.0,3.041,-2.281
-1.071,-7.628,-10.922,0.417,2.534,-4.337,-1.982,-9.493,-13.803,0.325,3.918,-1.279
-9.421,-7.97,-13.492,-0.354,0.746,-4.337,-1.623,-10.633,-16.37,0.463,3.454,-0.455
-10.397,-19.666,-6.888,-2.067,1.401,-4.337,-18.362,-6.188,-18.254,-0.349,2.767,0.882
-9.862,-19.666,-9.214,0.559,2.469,-4.337,-1.905,-8.538,-8.838,0.172,2.814,1.677
-1.088,-19.666,-9.81,0.0,-0.114,-4.337,-3.442,-8.921,-12.675,-0.368,0.128,0.461
