-0.29,-9.853,-10.149,0.0,0.0,0.0,-1.5,-9.523,-11.134,0.0,0.0,0.0
0.0,-9.826,-9.931,0.0,-0.146,0.0,-1.445,-9.493,-11.133,0.0,0.0,0.0
0.213,-9.761,-10.125,0.0,-0.21,0.0,-1.437,-9.541,-11.108,0.0,0.0,0.0
0.373,-9.78,-10.247,0.0,0.0,0.0,-1.484,-9.583,-11.081,0.0,0.0,0.0
0.135,-9.816,-10.166,0.0,0.1,0.0,-1.455,-9.565,-11.118,0.0,0.17,0.0
0.0,-9.88,-10.026,0.0,0.0,0.0,-1.588,-9.57,-11.02,0.0,0.115,-0.147
-0.189,-9.858,-10.41,0.0,0.0,0.0,-1.195,-9.594,-10.99,0.103,0.0,-0.195
-0.737,-10.372,-11.234,-0.325,0.744,0.199,-1.086,-9.637,-10.808,0.159,0.0,-0.224
-7.521,-13.654,-11.594,-0.787,3.391,0.929,-1.335,-9.851,-10.892,0.312,0.0,-0.31
-16.924,-19.666,-15.862,-1.302,1.657,3.115,-3.473,-11.779,-11.055,0.587,-0.316,-1.05
-9.136,-19.666,-20.266,-3.531,-0.799,4.394,-4.668,-15.215,-13.691,0.931,-1.207,-1.924
-7.732,-19.666,-21.28,-3.395,-4.07,4.394,1.316,-9.222,-13.131,0.61,-1.347,-1.18
-1.232,-9.336,-12.908,-2.575,-4.171,4.394,-3.642,-4.709,-15.108,-0.137,-4.345,0.534
2.074,2.072,-9.164,0.173,-3.525,4.394,-1.281,-7.803,-12.987,0.496,-2.339,2.65
2.12,4.559,-5.957,1.54,-1.058,2.235,-2.125,-12.36,-12.217,0.511,-1.156,3.829
1.231,2.24,-6.835,2.363,-1.111,0.76,3.914,-13.627,-13.581,0.434,-2.154,3.043
3.178,1.795,-10.095,2.218,-1.203,0.303,1.332,-10.184,-11.082,0.0,-0.836,1.398
5.433,2.02,-16.363,3.515,0.246,-1.847,0.909,-9.203,-9.845,-0.129,0.417,-0.264
-5.701,8.349,-19.3,-0.655,0.785,-0.355,-1.302,-10.064,-10.304,-0.1,0.512,-1.526
1.018,1.874,-15.087,-2.177,-2.225,2.651,-1.096,-11.201,-11.729,0.0,1.809,-2.112
7.557,-1.851,-10.75,-3.164,-0.364,1.523,-1.986,-11.827,-13.522,0.0,2.971,-1.965
5.643,-0.158,-8.618,-3.383,-0.161,-0.805,-2.871,-11.207,-13.712,0.25,2.804,-1.629
4.867,2.441,-7.235,-3.707,0.0,-3.531,-2.362,-9.11,-13.449,0.151,1.626,-1.106
1.301,-7.624,-8.103,-4.301,2.28,-4.337,-3.46,-8.082,-13.022,0.0,1.296,-0.261
-11.718,-17.358,-6.052,-3.238,1.54,-4.337,-9.551,-8.941,-18.097,-0.665,-0.139,1.405
