0.0,-9.765,-9.076,0.0,0.0,0.0,-1.541,-9.48,-11.436,0.0,0.0,0.0
0.0,-9.748,-9.299,0.0,-0.104,0.0,-1.432,-9.452,-11.467,0.0,0.0,0.0
0.0,-9.849,-9.271,0.0,-0.189,0.0,-1.457,-9.475,-11.445,0.0,0.0,0.0
0.225,-9.668,-9.092,0.0,0.0,0.0,-1.535,-9.519,-11.391,0.0,0.0,0.0
-0.128,-9.75,-9.188,0.0,0.154,0.0,-1.483,-9.493,-11.395,0.0,0.0,0.0
0.0,-9.741,-9.243,0.0,0.104,0.0,-1.545,-9.524,-11.394,0.0,0.0,0.0
0.0,-9.867,-9.289,0.0,0.0,0.0,-1.548,-9.487,-11.406,0.0,0.0,0.0
-0.235,-9.709,-9.224,0.0,0.0,0.0,-1.371,-9.717,-11.623,0.0,0.351,0.0
-1.31,-11.174,-8.613,0.0,0.0,-0.126,-2.3,-10.023,-11.295,0.207,0.442,-0.255
-16.88,-19.666,-19.245,1.595,4.377,0.0,-5.803,-11.696,-11.881,0.807,-0.707,-1.662
-19.284,-19.666,-18.08,-4.301,-3.166,4.394,-14.33,-19.411,-16.601,2.028,-2.786,-3.735
-5.352,-19.666,-22.41,-4.301,-4.235,4.394,-15.487,-0.148,-14.134,2.183,-4.345,-0.465
17.049,-10.857,-11.171,0.328,-4.353,4.394,-3.885,-9.473,-14.549,2.637,-3.331,4.367
15.563,-7.797,-7.178,2.104,-3.179,0.926,7.429,-19.411,-17.656,1.707,-3.196,4.367
3.614,-17.111,-16.083,1.336,3.822,-4.337,10.325,-10.908,-15.724,0.0,1.195,2.398
-11.61,6.533,-16.168,-2.252,0.105,1.603,2.797,-9.661,-9.563,-0.204,2.698,-0.787
13.144,-1.626,-11.79,-3.183,-1.557,2.561,0.0,-10.898,-11.203,-0.28,2.369,-2.149
10.73,-4.721,-10.985,-4.298,-0.862,-1.385,-0.483,-11.079,-13.368,-0.176,2.365,-2.512
4.303,-7.063,-10.242,-4.146,1.171,-3.868,-2.678,-11.853,-16.5,0.0,3.975,-2.015
-2.007,-15.137,-10.416,-4.161,3.253,-4.337,-3.388,-9.759,-15.484,0.0,3.113,-1.266
-9.964,-19.666,-10.021,-4.301,2.817,-4.337,-5.261,-8.498,-11.267,0.341,1.147,0.0
-3.105,-19.666,-15.395,0.72,4.377,-4.337,-0.598,-18.338,-22.081,-0.414,-1.03,1.532
-16.184,-19.666,-13.024,1.27,0.64,-4.337,-6.507,-8.37,-8.731,-0.304,-0.661,0.932
-9.615,-12.44,-11.894,-3.399,4.301,1.67,-0.897,-10.072,-10.398,-0.195,0.0,-0.238
-2.946,-12.741,-3.239,0.0,3.014,1.443,-1.62,-9.345,-11.337,-0.138,0.0,-0.117
