0.296,-9.911,-10.105,0.0,-0.145,0.0,-1.528,-9.481,-11.565,0.0,0.0,0.0
0.43,-9.78,-10.382,0.0,-0.102,0.0,-1.563,-9.489,-11.566,0.0,0.0,0.0
0.392,-9.82,-10.198,0.0,-0.112,0.0,-1.49,-9.494,-11.529,0.0,0.0,0.0
0.521,-9.796,-10.24,0.0,0.0,0.0,-1.511,-9.455,-11.463,0.0,0.0,0.0
0.386,-9.825,-10.038,0.0,0.0,0.0,-1.498,-9.439,-11.476,0.0,0.0,0.0
0.42,-9.813,-10.047,0.0,-0.116,0.0,-1.268,-9.329,-11.458,0.0,0.0,0.0
0.368,-9.803,-10.059,0.0,-0.106,0.0,-1.341,-9.384,-11.359,0.0,0.103,0.0
-0.92,-10.811,-10.238,0.0,0.0,0.102,-1.415,-9.81,-11.595,0.0,0.227,-0.155
-4.562,-15.213,-10.635,0.0,-0.792,1.289,-2.219,-9.691,-11.476,0.289,0.0,-0.583
-10.096,-19.46,-11.28,-1.487,1.488,2.151,-1.885,-11.408,-11.531,0.537,-0.227,-1.371
-12.059,-17.807,-16.568,-2.33,-1.046,4.394,-3.504,-19.411,-15.776,1.016,-0.203,-2.393
-11.733,-16.335,-17.202,-1.045,-2.982,4.394,6.707,-8.0,-17.408,0.773,-1.385,-1.095
-6.718,-9.883,-16.301,-0.99,-3.268,4.394,-3.354,-3.848,-12.287,-0.284,-3.691,0.576
2.267,1.014,-10.083,0.0,-3.622,4.394,-0.896,-5.166,-12.458,-0.241,-4.301,2.391
-0.253,8.011,-6.342,0.426,-1.511,2.701,0.204,-7.16,-13.612,0.322,-1.799,3.691
1.673,6.245,-4.962,1.943,-1.474,1.887,2.608,-10.651,-11.115,0.707,0.497,3.59
5.764,-1.064,-4.606,2.543,-2.043,0.0,2.212,-11.923,-10.395,0.414,-0.38,1.804
2.853,-1.997,-13.673,2.356,1.116,-1.783,0.471,-10.452,-9.927,0.151,0.445,-0.366
-1.843,4.757,-15.407,-0.145,1.041,-0.241,-1.104,-11.404,-11.507,0.164,0.616,-2.029
3.936,0.218,-12.313,-2.837,-2.386,1.55,-1.642,-12.72,-12.927,0.143,1.933,-2.742
8.343,0.0,-8.532,-3.466,-1.447,0.242,-2.511,-11.477,-13.752,0.235,2.442,-2.412
5.0,0.779,-9.008,-3.636,1.179,-2.74,-3.24,-10.071,-14.033,0.297,1.999,-1.517
-1.143,-4.3,-6.434,-2.934,3.653,-4.337,-3.686,-7.691,-13.413,0.199,1.244,-0.5
-12.27,-14.462,-8.082,-2.257,4.027,-4.337,-11.968,-6.541,-18.006,0.0,1.465,1.384
-14.499,-18.652,-10.018,-2.368,1.659,-4.337,-1.63,-13.245,-9.883,-0.143,0.915,1.576
