0.723,-9.772,-10.422,0.0,-0.359,0.0,-1.934,-9.479,-11.501,0.0,0.0,0.0
1.13,-9.82,-10.294,0.0,-0.306,0.0,-1.941,-9.458,-11.477,0.0,0.0,0.0
1.219,-9.778,-10.199,0.0,-0.108,0.0,-1.834,-9.483,-11.47,0.0,0.0,0.0
0.931,-9.87,-10.044,0.0,0.0,0.0,-1.814,-9.489,-11.437,0.0,0.0,0.0
0.899,-9.887,-10.063,0.0,0.0,0.0,-1.884,-9.513,-11.373,0.0,0.0,0.0
0.876,-9.803,-10.131,0.0,0.0,0.0,-2.014,-9.515,-11.377,0.0,0.0,0.0
0.988,-9.791,-10.43,0.0,0.0,0.0,-1.985,-9.516,-11.369,0.0,0.0,0.0
0.28,-10.035,-10.038,0.0,0.0,0.0,-2.258,-9.513,-11.148,0.0,0.231,-0.119
-2.595,-12.098,-8.478,0.595,0.558,0.435,-2.161,-9.622,-11.238,0.144,0.249,-0.299
-8.237,-15.335,-6.41,0.82,2.28,2.283,-2.112,-9.89,-11.261,0.199,0.0,-0.744
-13.018,-17.568,-9.689,-0.265,1.379,4.394,-1.818,-13.3,-12.062,0.441,0.284,-1.255
-13.293,-17.15,-11.574,-0.925,0.795,4.394,-4.874,-17.436,-14.971,1.127,-0.359,-1.912
-13.062,-14.062,-11.187,-1.444,-0.686,4.394,6.817,-7.94,-15.977,0.487,-1.462,-0.873
-3.727,-7.263,-9.105,-0.36,-3.034,4.394,-3.473,-4.316,-11.634,-0.248,-3.585,0.0
2.764,4.929,-9.042,0.381,-1.484,4.235,-0.241,-5.242,-13.805,-0.3,-4.345,1.881
-2.208,7.599,-6.121,0.785,-0.564,1.701,-0.412,-8.289,-11.864,0.344,-0.974,3.347
-1.972,7.025,-7.001,0.919,-1.15,0.756,0.379,-13.355,-12.054,0.74,-1.124,3.285
1.399,2.989,-6.178,1.602,-0.947,-0.28,3.367,-11.927,-11.2,0.22,-1.437,1.49
1.647,1.376,-11.389,1.632,-0.789,-1.034,2.227,-10.238,-11.13,-0.176,0.415,-1.12
-0.499,5.14,-14.524,0.915,0.876,-0.528,0.112,-11.358,-10.815,-0.229,1.688,-2.366
-1.126,5.457,-14.23,-1.13,-0.422,0.568,-1.347,-11.503,-11.858,0.0,2.963,-2.293
3.132,3.682,-11.125,-2.217,-1.595,1.365,-1.468,-9.234,-13.164,0.184,2.881,-1.55
4.559,3.475,-11.235,-2.456,-0.831,-0.101,-2.814,-8.302,-14.331,0.204,2.999,0.0
3.391,1.57,-9.288,-3.528,-0.165,-1.06,1.148,-10.378,-12.256,0.755,2.721,0.813
0.92,-0.971,-7.511,-4.168,1.762,-2.647,-2.052,-11.715,-20.912,-0.478,0.356,1.557
