2.84,-11.429,-11.169,0.4,-0.344,0.352,-1.132,-9.458,-11.511,0.144,0.0,-0.148
0.19,-8.921,-10.137,-0.383,-0.594,-0.375,-1.093,-9.454,-11.264,0.177,0.0,0.172
0.425,-8.764,-9.042,0.176,-1.407,-0.21,-2.049,-9.602,-11.014,0.165,0.0,0.211
2.377,-11.375,-11.526,0.542,0.529,0.0,-1.988,-9.643,-10.936,0.136,0.0,0.0
-0.422,-8.863,-10.946,-0.277,0.882,-0.212,-1.738,-9.618,-10.702,0.126,0.185,0.0
0.664,-10.421,-7.812,0.297,-0.852,0.266,-1.863,-9.574,-10.753,0.115,0.0,0.0
1.426,-9.406,-11.119,0.173,0.32,0.0,-1.834,-9.619,-10.669,0.129,0.231,0.0
-2.352,-11.03,-8.079,-0.256,0.367,0.0,-2.252,-9.902,-10.377,0.132,0.273,-0.259
-3.681,-15.481,-7.148,0.115,1.082,0.599,-2.316,-10.332,-11.087,0.281,0.176,-0.741
-11.95,-19.089,-9.735,0.334,1.843,2.622,-3.987,-13.27,-10.401,0.755,-0.353,-1.446
-12.484,-19.666,-10.703,-0.201,-1.526,4.394,-4.267,-14.068,-15.101,1.11,-1.029,-1.895
-10.127,-19.666,-11.238,1.57,-4.353,4.394,1.907,-7.565,-14.151,0.651,-0.892,-1.055
-2.178,-8.857,-10.361,4.43,-4.353,4.394,-5.164,-2.35,-12.889,-0.275,-4.345,0.645
0.0,1.731,-7.806,4.43,-2.147,3.05,-2.591,-6.068,-9.688,0.649,-1.564,3.906
8.056,-4.682,-12.456,4.43,0.368,2.441,-3.103,-18.686,-12.028,0.338,-1.525,4.367
6.019,-10.937,-25.939,1.884,4.166,-4.337,14.513,-13.587,-12.184,-0.338,-1.704,3.222
-18.315,9.57,-22.169,-2.689,2.24,-1.803,-4.52,-10.365,-11.124,0.0,0.625,-0.919
0.785,-3.451,-5.727,-2.248,-2.928,3.189,6.234,-10.785,-9.703,0.0,0.0,-2.51
10.285,0.943,-10.554,-2.735,-1.298,1.827,-2.816,-10.72,-11.614,-0.141,2.083,-2.377
0.208,0.87,-8.807,-4.285,0.2,-0.562,-1.102,-10.635,-13.267,0.109,3.149,-1.739
3.181,-0.231,-7.313,-4.301,0.113,-1.99,-2.45,-10.254,-13.946,0.0,3.453,-1.215
2.044,-9.944,-7.999,-4.301,3.739,-4.337,-2.159,-9.657,-12.635,0.0,2.546,-0.616
-2.236,-19.666,-4.363,-4.301,2.672,-4.337,-3.259,-8.975,-11.552,0.251,1.596,0.0
-1.021,-19.666,-3.917,-1.565,-1.401,-4.337,-4.553,-9.682,-23.642,-0.793,-2.281,1.177
1.186,-19.666,-13.613,-3.062,2.438,-4.337,-5.189,-8.792,-5.211,0.0,1.263,1.332
