-1.033,-10.077,-9.079,0.0,0.589,0.0,-1.687,-9.487,-11.268,0.0,0.0,0.0
-0.559,-9.801,-10.26,0.0,0.0,0.0,-1.639,-9.543,-11.288,0.0,0.0,0.0
0.126,-9.797,-10.528,0.0,-0.138,0.0,-1.819,-9.582,-11.207,0.0,0.0,0.0
-0.357,-9.733,-10.182,0.0,0.0,0.0,-1.73,-9.558,-11.23,0.0,0.0,0.0
-0.409,-9.78,-10.059,0.0,-0.175,0.0,-1.686,-9.528,-11.228,0.0,0.0,0.0
0.0,-9.73,-10.181,0.0,-0.17,0.0,-1.727,-9.541,-11.166,0.0,0.0,0.0
-0.107,-9.744,-10.184,0.0,0.0,0.0,-1.857,-9.603,-11.14,0.0,0.0,0.0
-0.225,-9.788,-10.222,0.0,0.0,0.0,-2.133,-9.699,-11.102,0.0,0.213,0.0
-0.315,-9.941,-10.163,0.0,-0.105,0.0,-2.166,-9.983,-11.273,0.0,0.659,0.0
-9.656,-15.884,-8.492,0.502,-0.539,0.518,-3.158,-9.456,-11.194,0.468,0.366,-0.541
-19.284,-19.666,-18.946,-4.105,4.377,4.394,-4.897,-17.578,-14.148,1.197,-1.502,-2.232
-19.284,-19.666,-21.955,-4.301,-3.923,4.394,0.658,-13.686,-20.086,2.069,-4.065,-2.668
1.93,-19.666,-20.873,-0.126,-4.353,4.394,-16.188,2.479,-16.887,0.424,-4.345,1.368
19.668,-6.338,-9.433,3.283,-4.353,2.951,-2.309,-10.603,-9.478,1.678,-2.294,4.367
9.611,-19.666,-21.306,2.099,0.881,-4.337,17.255,-19.411,-24.337,1.58,-3.903,4.367
-15.023,4.664,-18.942,1.24,-2.036,2.509,9.718,-10.294,-12.303,-0.194,1.768,-0.784
13.242,-8.491,-17.172,-2.696,-0.604,3.892,2.745,-10.888,-12.221,-0.643,2.236,-2.859
7.708,-5.51,-12.705,-3.951,-0.542,0.176,0.298,-9.852,-12.9,-0.816,3.198,-2.472
7.686,-5.691,-13.53,-4.301,1.487,-3.245,-1.45,-10.737,-14.567,-0.582,4.165,-1.31
0.645,-19.666,-10.311,-4.301,4.099,-4.337,-2.748,-10.793,-15.586,-0.132,4.385,-0.259
-7.102,-19.666,-5.58,-4.301,4.377,-4.337,-3.939,-10.488,-12.772,0.217,1.994,0.112
-10.182,-19.666,-13.424,0.244,3.35,-4.337,-11.799,-10.518,-17.507,-0.125,-1.189,1.519
-19.284,-10.76,-13.021,-3.244,1.553,-0.725,-2.852,-10.758,-6.032,0.0,2.102,1.688
-1.246,-14.067,-5.046,1.893,3.259,1.391,-1.657,-10.269,-12.816,-0.427,-1.354,-0.427
-0.972,-9.525,-12.421,-0.524,0.961,0.436,-1.601,-9.609,-10.675,-0.205,-0.29,0.0
