1.896,-9.996,-10.447,0.0,0.0,0.122,-1.563,-9.495,-11.14,0.0,0.0,0.0
2.053,-9.626,-10.374,0.0,0.0,0.0,-1.606,-9.494,-11.196,0.0,0.0,0.0
2.025,-9.669,-10.125,0.0,0.15,0.0,-1.542,-9.528,-11.187,0.0,0.0,0.0
1.598,-9.838,-10.145,0.0,0.0,0.0,-1.5,-9.552,-11.216,0.0,0.0,0.0
1.721,-9.724,-9.928,0.0,0.0,0.0,-1.51,-9.519,-11.164,0.0,0.0,0.0
1.656,-9.831,-10.188,0.0,0.0,0.0,-1.602,-9.598,-11.152,0.0,0.0,0.0
1.646,-9.802,-10.063,0.0,0.0,0.0,-1.505,-9.578,-11.143,0.0,0.159,0.0
1.055,-10.805,-6.996,0.5,0.0,0.223,-1.702,-9.633,-11.148,0.0,0.246,0.0
-4.162,-12.889,-5.906,2.889,1.599,1.617,-1.693,-9.686,-11.056,0.138,0.104,-0.309
-9.735,-15.221,-7.329,1.698,2.407,4.394,-1.409,-10.041,-11.043,0.232,0.0,-0.597
-11.403,-15.256,-2.83,2.065,0.897,4.394,-1.87,-11.493,-10.903,0.584,0.0,-1.007
-15.219,-8.104,-2.466,1.868,1.198,4.394,-3.682,-15.383,-13.653,0.828,-0.94,-1.847
-13.439,-4.598,-2.449,1.26,0.69,4.394,4.636,-9.632,-14.735,0.768,-1.159,-1.14
-4.311,-0.63,-8.596,1.542,-0.871,4.394,-6.328,-4.347,-12.414,0.0,-3.539,0.117
5.398,6.888,-14.225,0.944,-0.917,4.138,-2.022,-6.881,-11.957,0.153,-3.44,2.602
4.104,8.585,-10.442,0.0,-0.725,0.86,-2.546,-11.942,-11.038,0.673,-1.207,4.278
2.932,7.683,-8.326,0.182,-1.03,-0.252,2.804,-17.43,-14.516,0.682,-3.389,4.193
9.414,0.835,-7.175,-0.162,-1.331,-1.002,2.741,-10.122,-10.535,0.0,-0.505,1.829
1.407,-4.565,-15.03,0.666,2.124,-4.337,0.824,-9.34,-9.811,-0.136,0.45,-1.091
-10.539,7.208,-17.001,-1.447,-0.366,-0.616,-1.589,-9.3,-11.826,-0.187,1.284,-1.739
0.0,-2.615,-13.439,-2.529,-2.784,2.63,-0.837,-11.885,-11.724,-0.141,2.399,-2.36
8.969,-2.556,-10.876,-3.367,-0.653,2.101,-2.969,-11.728,-12.214,0.0,2.859,-2.059
5.221,-2.368,-11.004,-3.982,0.517,-0.273,-3.099,-11.187,-13.086,0.339,2.212,-1.612
3.434,-7.065,-7.569,-4.301,3.221,-2.816,-2.804,-9.902,-13.249,0.32,1.56,-0.998
-8.868,-19.666,-3.098,-4.301,4.377,-4.337,-13.145,-7.988,-16.287,0.108,1.804,0.367
