1.211,-9.747,-9.881,0.0,0.0,0.0,-1.848,-9.542,-11.165,0.0,0.0,0.0
1.052,-9.748,-9.913,0.0,-0.272,0.0,-1.856,-9.524,-11.134,0.0,0.0,0.0
1.418,-9.712,-10.106,0.0,-0.195,0.0,-1.846,-9.524,-11.167,0.0,0.0,0.0
1.417,-9.713,-10.051,0.0,-0.102,0.0,-1.831,-9.512,-11.2,0.0,0.0,0.0
1.375,-9.821,-9.968,0.0,0.0,0.0,-1.796,-9.53,-11.209,0.0,0.0,0.0
1.355,-9.767,-10.015,0.0,0.0,0.0,-1.716,-9.497,-11.191,0.0,0.0,0.0
1.313,-9.747,-10.041,0.0,0.0,0.0,-1.848,-9.534,-11.25,0.0,0.164,0.0
1.04,-9.858,-10.009,0.0,0.0,0.0,-2.112,-9.81,-11.248,0.0,0.363,-0.146
-2.841,-12.16,-8.1,-0.499,0.178,0.201,-3.722,-9.983,-11.183,0.349,0.264,-0.604
-16.887,-19.666,-9.838,1.269,3.559,2.811,-4.186,-16.095,-12.364,1.028,-0.934,-1.961
-19.284,-19.666,-12.225,-2.208,-0.18,4.394,-3.085,-13.317,-19.721,1.42,-1.549,-1.972
-18.052,-19.666,-13.096,-1.703,-4.353,4.394,-12.363,2.526,-13.899,-0.639,-4.345,0.76
1.45,-14.091,-19.175,3.382,-4.353,4.394,-3.082,-9.297,-8.592,0.443,-3.55,4.367
4.068,-5.891,-11.552,1.614,2.129,3.862,3.055,-19.411,-18.188,1.69,-3.98,4.367
4.932,-6.14,-12.353,2.54,0.0,2.008,8.443,-12.255,-7.79,0.105,2.366,1.193
6.355,-1.013,-15.475,1.071,2.265,1.023,0.31,-10.624,-9.003,0.0,0.238,-2.188
6.289,-1.227,-12.666,-2.932,-2.116,0.497,0.734,-12.362,-12.704,-0.354,2.251,-3.196
10.192,-4.605,-11.523,-4.282,-1.99,-1.316,-1.833,-10.834,-13.508,0.0,4.298,-2.338
6.833,-7.349,-11.401,-4.301,0.36,-3.997,-2.304,-9.916,-14.684,0.363,3.454,-1.213
-1.97,-19.666,-12.741,-4.301,4.377,-4.337,-3.011,-11.252,-12.593,0.713,2.818,-0.482
-11.906,-19.666,-8.979,-2.701,3.852,-4.337,-0.247,-15.078,-20.425,-0.47,0.491,1.801
-4.973,-19.666,-11.505,-1.374,4.377,-4.337,-3.83,-9.093,-11.875,-0.291,-0.603,0.91
-9.392,-19.666,-15.569,1.059,3.055,-4.337,-1.134,-9.761,-10.586,-0.34,-0.361,-0.368
-9.67,-12.732,-10.791,-2.048,3.387,-0.285,-2.161,-9.391,-10.874,-0.116,0.0,0.0
-1.217,-11.912,-8.0,-1.659,-0.914,1.461,-1.728,-9.531,-11.201,0.0,0.0,-0.101
