1.452,-9.846,-9.869,0.0,-0.519,0.116,-1.232,-9.466,-11.546,0.0,0.0,0.0
1.754,-9.786,-10.011,0.145,0.0,0.0,-1.346,-9.473,-11.488,0.0,0.0,0.0
0.641,-9.777,-9.981,0.0,0.204,0.0,-1.38,-9.51,-11.442,0.0,0.0,0.0
0.414,-9.959,-9.558,0.193,0.0,0.0,-1.395,-9.466,-11.432,0.0,0.0,0.0
0.834,-9.717,-10.318,0.0,0.0,0.0,-1.484,-9.489,-11.428,0.0,0.0,0.0
0.583,-9.834,-9.761,0.0,0.0,0.0,-1.461,-9.497,-11.359,0.0,0.0,0.0
0.587,-9.719,-9.956,0.0,0.0,0.0,-1.429,-9.516,-11.3,0.0,0.0,0.0
0.587,-9.877,-9.864,0.0,-0.267,0.0,-1.57,-9.57,-11.294,0.0,0.301,0.0
1.085,-10.281,-10.363,0.129,-0.21,0.0,-1.556,-10.119,-11.357,0.163,0.362,-0.142
-10.204,-15.55,-9.843,1.764,2.143,1.099,-4.079,-10.496,-11.96,0.537,0.0,-1.102
-19.284,-19.666,-19.367,-2.003,4.377,3.419,-7.604,-19.411,-13.487,1.112,-0.743,-2.617
-19.284,-19.666,-13.028,-4.301,-3.045,4.394,7.158,-8.519,-19.851,1.179,-2.598,-1.95
-6.246,-19.666,-12.635,0.0,-4.353,4.394,-11.78,-0.555,-16.547,-0.248,-4.345,2.364
5.737,-5.199,-16.547,3.323,-4.353,4.394,-4.327,-13.21,-13.694,1.266,-2.653,4.367
15.219,-17.196,-12.258,3.103,-4.353,-2.466,10.786,-19.411,-19.515,0.936,-4.024,4.367
-11.68,-10.35,-15.938,4.43,4.377,-3.594,10.411,-8.859,-9.572,0.0,1.0,-0.887
2.567,-4.179,-23.347,-4.301,-0.616,4.284,0.338,-11.374,-12.119,0.0,1.269,-2.865
14.739,-5.683,-14.7,-3.225,-1.364,2.085,0.73,-11.995,-11.694,-0.208,3.056,-3.257
6.743,-6.711,-11.419,-4.301,1.65,-1.924,-1.979,-10.392,-13.972,0.0,3.489,-2.067
2.876,-8.052,-12.854,-4.301,1.937,-4.337,-2.134,-9.73,-15.321,0.147,3.049,-0.754
-5.256,-19.666,-9.883,-4.301,4.377,-4.337,-7.667,-8.673,-18.86,0.37,3.979,0.276
-10.491,-19.666,-8.102,-2.963,2.294,-4.337,1.828,-11.574,-12.936,0.0,2.566,1.94
-11.554,-19.666,-13.82,-0.86,3.743,-4.337,-3.485,-8.679,-12.183,-0.31,0.0,0.369
-12.446,-18.481,-11.599,0.278,3.802,-3.626,-1.641,-9.975,-12.18,-0.241,-0.314,-0.126
-11.895,-13.716,-4.101,-0.867,4.377,1.79,-1.526,-9.54,-11.469,-0.154,-0.308,-0.106
