1.304,-9.907,-9.295,0.0,0.0,0.0,-1.751,-9.518,-11.08,0.0,0.0,0.0
0.967,-9.744,-9.239,0.0,0.0,0.0,-1.666,-9.562,-11.114,0.0,0.0,0.0
0.957,-9.869,-9.616,0.0,-0.121,0.0,-1.547,-9.546,-11.057,0.0,0.0,0.0
1.069,-9.832,-9.548,0.0,-0.127,0.0,-1.602,-9.562,-10.958,0.0,0.0,0.0
1.392,-9.784,-9.34,0.0,-0.259,0.0,-1.74,-9.589,-10.916,0.0,0.115,0.0
1.176,-9.817,-9.254,0.0,0.0,0.0,-1.59,-9.647,-10.941,0.0,0.22,-0.155
-1.193,-11.703,-7.955,0.707,0.139,0.451,-1.824,-9.697,-10.827,0.122,0.183,-0.387
-2.925,-12.309,-8.155,0.578,0.738,1.554,-1.538,-10.114,-10.977,0.308,0.0,-0.755
-4.94,-13.576,-6.553,0.597,1.437,2.419,-2.413,-11.839,-10.655,0.63,-0.39,-1.235
-13.302,-16.366,-6.468,0.618,1.417,4.394,-3.813,-15.151,-14.207,0.977,-0.661,-1.948
-15.257,-15.143,-8.363,-0.256,0.87,4.394,5.643,-8.065,-14.218,0.838,-1.315,-1.1
-14.274,-11.013,-7.98,-0.96,-0.141,4.394,-5.784,-4.146,-13.45,0.0,-4.345,0.0
-6.563,-4.73,-8.287,0.0,-1.802,4.394,-1.099,-6.342,-14.837,0.125,-4.253,2.187
0.61,2.984,-9.402,0.869,-1.269,4.394,-0.313,-9.934,-13.019,0.429,-0.352,4.09
-1.711,6.419,-7.263,1.077,-0.631,2.274,-1.364,-15.513,-11.273,0.224,-0.934,4.328
2.22,6.733,-7.536,1.58,-1.653,1.175,0.876,-13.68,-10.088,-0.144,-2.272,2.921
6.507,0.253,-8.663,0.979,-1.768,-0.359,2.548,-8.098,-9.627,0.0,0.578,-0.616
1.513,-1.549,-15.358,2.056,2.609,-3.069,-2.196,-9.76,-9.792,0.222,0.101,-1.97
-7.617,8.061,-17.808,-1.089,-0.353,0.782,0.141,-11.812,-12.051,0.166,1.283,-2.662
6.888,-0.538,-13.774,-2.353,-2.546,3.22,-4.437,-12.986,-14.936,0.253,3.34,-2.201
8.279,-1.72,-12.559,-3.965,0.0,0.507,-3.21,-10.867,-13.739,0.274,3.684,-1.585
5.432,-4.468,-10.188,-4.301,2.001,-1.647,-2.192,-10.139,-13.782,0.0,2.088,-1.004
-1.192,-4.059,-5.361,-2.886,2.725,-3.727,-2.596,-8.55,-12.791,0.188,1.868,-0.442
-4.058,-13.645,-3.47,-3.929,2.702,-4.337,1.947,-13.562,-18.943,-0.756,-0.177,1.166
-15.519,-19.666,-3.725,-1.747,2.138,-4.337,-2.915,-11.961,-5.646,-0.134,-0.265,1.003
