-0.263,-9.659,-9.042,0.0,0.293,0.0,-1.825,-9.584,-10.212,0.0,0.0,0.0
0.0,-9.778,-8.654,0.0,0.154,0.0,-1.76,-9.586,-10.212,0.0,0.0,0.0
0.21,-9.814,-9.163,0.0,0.109,0.0,-1.906,-9.641,-10.219,0.0,0.0,0.0
0.213,-9.653,-9.274,0.0,0.0,0.0,-1.907,-9.619,-10.284,0.0,0.0,0.0
0.0,-9.758,-9.197,0.0,0.0,0.0,-1.913,-9.61,-10.323,0.0,0.0,0.0
0.0,-9.768,-9.268,0.0,0.0,0.0,-1.851,-9.625,-10.407,0.0,0.0,0.0
0.164,-9.798,-9.364,0.0,0.0,0.0,-1.738,-9.621,-10.422,0.0,0.0,0.0
0.12,-9.822,-9.258,0.0,0.0,0.0,-1.885,-9.499,-10.43,0.0,0.0,0.0
0.361,-9.902,-9.276,0.0,0.0,0.0,-2.086,-10.209,-10.384,0.0,0.441,-0.161
-9.078,-17.963,-1.33,1.459,0.918,1.943,-4.966,-10.744,-11.313,0.421,-0.475,-1.102
-19.284,-19.666,-3.53,-2.068,2.492,4.394,-10.355,-19.411,-15.136,1.309,-1.953,-2.846
-19.284,-19.666,-10.817,-3.006,-1.727,4.394,2.82,-5.863,-18.822,0.73,-1.262,-1.136
-6.084,-19.472,-13.995,1.908,-4.353,4.394,-5.253,-0.538,-14.418,-0.514,-4.345,2.857
7.728,-4.433,-14.979,3.157,-1.995,4.394,-2.931,-16.627,-12.837,0.952,-2.996,4.367
4.534,-9.084,-11.517,2.878,2.232,1.207,14.832,-16.439,-19.757,0.388,-2.488,4.367
3.069,-1.393,-17.449,1.963,1.792,0.673,-0.862,-9.667,-9.089,-0.362,0.888,-0.889
4.709,-1.36,-15.235,-2.795,-1.707,1.049,2.585,-9.773,-8.577,0.0,-0.103,-2.264
10.466,-5.039,-12.402,-4.301,-3.221,-0.175,-0.554,-11.036,-13.146,-0.214,2.32,-2.589
7.559,-7.271,-12.307,-4.301,1.122,-3.125,-1.866,-10.391,-13.75,0.127,4.259,-1.846
2.388,-18.136,-11.322,-4.301,2.973,-4.337,-2.337,-11.304,-14.413,0.48,3.09,-1.141
-14.114,-19.666,-8.163,-3.694,4.377,-4.337,-3.284,-10.234,-13.826,0.324,1.783,-0.796
-7.359,-19.666,-9.591,-1.579,2.941,-4.337,-11.099,-9.051,-19.099,-0.701,-0.154,1.294
-6.023,-19.666,-11.941,0.0,3.751,-4.337,-4.269,-11.635,-5.681,0.0,0.845,1.197
-9.87,-11.426,-11.416,-1.808,1.052,0.203,-4.619,-9.64,-11.329,-0.138,0.229,0.33
2.682,-12.874,-3.869,-0.572,-0.578,1.477,-1.054,-9.687,-11.609,-0.238,-0.379,-0.292
