-0.167,-10.021,-10.454,0.0,0.138,-0.286,-1.924,-9.539,-11.108,0.0,0.0,0.0
-0.345,-9.874,-11.35,0.0,-0.111,-0.229,-1.729,-9.521,-11.063,0.0,0.0,0.0
-0.502,-9.989,-10.864,0.0,0.0,0.0,-1.844,-9.542,-11.002,0.0,0.0,0.0
-0.156,-9.736,-10.798,0.0,-0.301,0.0,-1.828,-9.562,-10.951,0.0,0.0,0.0
0.0,-9.74,-10.883,0.0,-0.27,0.0,-1.651,-9.491,-10.944,0.0,0.0,0.0
0.445,-9.676,-10.986,0.0,-0.153,0.0,-1.856,-9.606,-10.898,0.1,0.103,0.0
0.338,-9.636,-10.953,0.0,0.142,0.0,-1.666,-9.624,-10.754,0.129,0.106,-0.148
-1.138,-9.986,-11.158,0.0,0.0,0.0,-2.356,-10.059,-10.635,0.178,0.291,-0.377
-4.375,-15.195,-7.096,0.835,1.176,0.258,-3.212,-11.377,-11.937,0.444,0.0,-1.13
-19.284,-19.666,-13.39,1.233,4.377,3.504,-6.052,-18.838,-12.508,1.134,-1.311,-2.384
-14.466,-19.666,-13.987,-2.902,-1.55,4.394,8.685,-7.526,-19.388,0.554,-0.717,-1.294
-1.811,-19.666,-13.513,-0.103,-4.353,4.394,-6.91,0.0,-12.641,-1.064,-4.345,0.779
4.765,1.121,-14.691,1.249,-1.632,4.394,-0.518,-6.418,-6.396,0.208,-1.735,4.0
10.627,-7.138,-6.876,0.325,-2.058,3.075,1.398,-19.411,-13.617,1.116,-3.784,4.367
6.183,-7.985,-17.566,3.789,2.408,-2.509,14.552,-12.11,-11.65,0.0,1.472,1.575
-7.105,7.38,-17.039,0.307,0.153,-0.733,0.62,-12.057,-10.531,-0.43,-0.601,-2.3
1.279,-2.961,-14.913,-2.616,-3.435,2.43,0.385,-11.146,-12.337,-0.356,1.826,-2.86
5.529,-5.847,-15.767,-3.419,-3.904,1.043,-2.632,-10.599,-13.383,-0.412,4.0,-1.972
5.239,-3.194,-9.537,-4.301,-0.189,0.156,-2.896,-9.194,-13.291,-0.297,3.621,-0.985
5.934,-8.193,-9.847,-4.301,4.355,-3.226,-2.37,-9.24,-13.226,0.0,2.893,-0.327
-1.392,-19.666,-5.222,-4.301,4.377,-4.337,-14.145,-6.015,-18.221,-0.142,2.621,1.314
-0.97,-19.666,-12.008,-1.153,2.985,-3.47,-1.175,-7.44,-11.585,0.188,1.538,1.501
-3.533,-19.666,-11.09,-2.09,4.377,-4.337,-2.256,-9.073,-11.124,-0.289,-0.233,0.586
-15.611,-9.721,-16.8,-3.125,4.377,-0.439,-2.622,-9.803,-10.317,-0.263,-0.267,-0.217
0.143,-17.044,-4.985,-4.301,-1.474,2.117,-2.196,-9.546,-10.351,-0.168,0.0,0.0
