-1.641,-9.782,-8.636,0.0,-0.174,0.496,-0.613,-9.499,-11.842,-0.144,-0.156,-0.104
-1.391,-10.053,-8.435,0.0,-0.138,0.124,-0.597,-9.359,-12.056,-0.112,0.0,0.0
-1.93,-9.913,-8.888,0.0,0.0,0.0,-0.474,-9.319,-12.187,0.0,0.0,0.0
-2.405,-10.113,-8.767,0.0,0.0,-0.116,-0.398,-9.317,-12.166,0.0,0.0,0.0
-2.983,-10.258,-8.653,0.0,0.0,0.0,-0.389,-9.373,-12.161,0.0,0.0,0.0
-2.465,-10.086,-8.3,0.0,0.0,0.0,-0.351,-9.296,-12.255,0.0,0.0,0.0
-2.723,-10.118,-8.73,0.0,0.0,0.0,-0.436,-9.247,-12.352,0.0,0.0,0.0
-3.091,-10.503,-8.663,0.0,0.0,0.123,-0.358,-9.343,-12.311,0.0,0.0,0.0
-8.023,-12.665,-7.859,0.256,0.203,0.903,-0.564,-9.262,-12.212,0.0,0.294,0.0
-14.422,-16.856,-5.867,0.862,0.937,3.667,-0.462,-9.346,-12.234,0.0,0.314,0.0
-16.03,-15.129,-5.394,0.925,1.109,4.357,-0.296,-9.905,-12.246,0.174,0.151,-0.557
-13.611,-14.881,-7.215,1.047,-0.553,4.357,-1.159,-11.698,-12.527,0.269,0.72,-1.316
-3.43,-9.069,-10.514,2.152,-2.372,4.357,-3.802,-14.197,-13.433,0.853,0.0,-1.668
-0.845,1.796,-9.483,1.425,-0.324,4.357,2.296,-6.713,-16.3,0.41,-2.053,-0.859
0.492,8.089,-7.789,1.122,-0.77,2.684,-4.14,-5.287,-16.066,0.374,-4.176,0.381
2.35,9.974,-7.638,1.493,-1.191,1.148,-0.111,-8.454,-17.759,0.127,-2.954,2.155
1.343,10.527,-10.403,1.223,-0.764,-0.259,-2.432,-10.127,-14.21,-0.344,-0.879,3.546
4.215,7.18,-12.64,0.334,-0.923,0.0,1.721,-14.352,-13.193,-0.239,0.647,4.372
0.966,-8.54,-10.439,-2.143,-2.588,-4.374,1.791,-11.531,-11.073,-0.183,0.413,2.1
-14.578,0.0,-8.082,0.119,1.533,-0.315,0.0,-10.801,-8.427,-0.215,-0.644,-1.671
-5.852,0.167,-8.277,-1.739,0.175,2.484,-1.966,-11.194,-9.746,0.304,0.0,-2.798
-0.556,6.312,-9.972,-1.912,0.157,0.348,0.516,-10.418,-13.465,0.607,0.755,-2.928
-1.214,5.725,-9.372,-2.962,-0.31,-1.757,0.279,-9.365,-15.387,0.558,2.487,-2.321
-2.963,1.545,-5.163,-2.857,1.392,-3.642,0.534,-7.731,-15.187,0.372,2.733,-1.46
-11.92,-7.724,0.0,-2.478,0.444,-4.374,-0.19,-7.887,-15.301,0.0,1.936,-0.547
