-1.402,-9.975,-8.888,0.0,-0.129,0.214,-0.804,-9.221,-12.555,0.0,0.0,0.0
-2.12,-9.88,-8.554,0.0,0.0,0.0,-0.725,-9.24,-12.554,0.0,0.0,0.0
-2.691,-10.071,-8.173,0.0,-0.237,0.0,-0.731,-9.252,-12.498,0.0,0.0,0.0
-2.749,-10.067,-8.131,0.0,0.0,0.0,-0.667,-9.24,-12.534,0.0,0.0,0.0
-2.568,-9.976,-8.315,0.0,0.0,0.0,-0.671,-9.237,-12.534,0.0,0.0,0.0
-2.656,-9.907,-8.22,0.0,0.0,0.0,-0.588,-9.233,-12.504,0.0,0.0,0.0
-2.616,-9.869,-8.319,0.0,0.0,0.0,-0.375,-9.325,-12.252,0.0,0.27,0.0
-3.558,-10.407,-7.953,0.0,0.0,0.12,-0.837,-9.298,-12.613,0.0,0.528,0.0
-10.359,-13.447,-6.824,0.524,0.686,1.483,-0.795,-9.317,-12.728,0.169,0.295,-0.366
-14.818,-16.062,-4.644,1.703,1.756,4.357,-1.223,-10.982,-12.701,0.308,0.528,-1.275
-18.324,-13.53,-4.185,1.597,1.645,4.357,-8.391,-19.259,-12.314,1.072,0.644,-2.08
-16.098,-14.869,-4.504,1.403,0.726,4.357,3.542,-6.285,-19.478,0.443,-1.937,-0.942
-2.69,-11.656,-7.491,2.636,-1.481,4.357,-1.737,-2.976,-18.209,-0.3,-3.275,0.628
5.313,6.859,-15.297,3.159,-0.421,4.357,-1.888,-5.139,-14.116,-0.379,-2.274,2.882
5.48,11.414,-14.528,1.616,-1.899,2.793,-0.881,-10.102,-13.345,-0.457,-1.092,4.372
7.984,6.478,-18.512,0.858,0.134,0.573,5.248,-19.259,-12.594,-0.213,-1.031,4.372
0.0,-14.419,-10.496,-3.55,-0.519,-4.374,2.171,-11.069,-10.237,-0.354,-1.67,0.0
-12.173,-3.146,-6.111,-0.145,1.676,1.25,0.878,-13.479,-10.059,-0.113,0.0,-3.489
8.166,-0.682,-8.36,-0.867,-1.751,3.269,-0.498,-12.039,-12.621,0.238,1.222,-3.868
4.85,6.175,-9.729,-1.297,0.585,-0.288,-1.127,-9.253,-15.126,0.438,2.578,-3.0
3.14,10.842,-10.516,-1.105,-1.067,-1.786,-0.978,-8.17,-15.515,0.284,2.885,-1.7
1.022,8.391,-10.959,-1.994,0.784,-4.355,-0.83,-8.164,-15.662,-0.144,1.749,-0.601
-3.235,-0.979,-7.51,-3.783,0.623,-4.374,-2.014,-7.552,-13.904,-0.48,1.105,0.565
-8.956,-8.673,-3.084,-2.895,0.0,-4.374,5.362,-12.391,-16.814,-0.345,0.949,1.192
-13.025,-12.568,-2.543,-3.029,-0.35,-4.374,-2.59,-11.802,-14.146,-0.547,-0.376,1.439
