-2.628,-10.309,-8.075,0.174,0.198,0.819,-0.647,-9.459,-12.009,0.0,-0.265,0.0
-2.022,-9.515,-8.567,0.155,-0.161,0.457,-0.61,-9.314,-12.142,-0.103,0.0,0.0
-1.915,-10.062,-8.677,0.114,-0.375,0.419,-0.564,-9.459,-11.913,0.0,0.0,0.0
-1.677,-9.92,-8.769,0.0,-0.298,0.341,-0.411,-9.31,-12.162,0.0,0.0,0.0
-1.745,-9.982,-8.335,0.0,-0.305,0.201,-0.513,-9.36,-12.25,0.0,0.0,0.0
-2.016,-10.091,-8.13,0.0,-0.138,0.0,-0.369,-9.314,-12.211,0.0,0.0,0.0
-2.375,-10.073,-8.222,0.0,0.0,0.0,-0.385,-9.322,-12.302,0.0,0.0,0.0
-2.624,-10.174,-7.991,0.0,0.0,0.0,-0.216,-9.311,-12.306,0.0,0.1,0.0
-4.507,-11.011,-7.742,0.0,0.0,0.214,-0.152,-9.287,-12.382,0.0,0.196,0.0
-11.909,-15.463,-5.373,0.564,0.518,1.83,-0.528,-9.375,-12.396,0.0,0.334,0.0
-14.424,-16.597,-4.444,1.174,1.292,4.206,-0.522,-9.629,-12.366,0.127,0.205,-0.64
-13.432,-13.308,-4.865,0.996,0.208,4.357,-0.769,-11.177,-13.028,0.274,0.654,-1.376
-7.436,-11.155,-5.551,1.975,-1.718,4.357,-5.609,-18.551,-12.841,0.988,0.26,-1.83
-2.314,-1.667,-7.608,2.189,-1.357,4.357,2.842,-6.113,-18.014,0.543,-2.395,-0.9
-4.942,5.926,-7.246,2.086,-1.507,3.769,-2.463,-3.766,-19.802,0.0,-4.105,0.515
-1.195,9.661,-8.472,2.653,-1.674,2.911,-1.426,-7.923,-17.037,-0.556,-1.976,2.596
2.968,11.627,-10.419,2.401,-1.337,1.373,-4.906,-10.095,-12.284,-0.743,-1.553,4.372
11.059,2.671,-16.735,1.545,-1.455,0.0,4.363,-18.313,-14.687,-0.274,0.403,4.372
-12.463,-16.867,-4.712,-3.678,1.12,-4.374,0.643,-12.247,-10.378,-0.534,0.12,0.798
-6.372,0.732,-16.251,0.476,2.446,1.901,1.698,-11.646,-8.294,0.0,-0.544,-2.691
2.637,0.763,-8.375,-2.325,0.363,1.568,0.501,-8.966,-11.834,0.658,-0.244,-3.281
0.899,7.387,-9.174,-2.389,0.632,-0.671,0.0,-10.07,-15.229,0.942,1.565,-3.007
2.054,8.086,-7.265,-2.555,0.974,-3.01,0.537,-10.357,-16.375,0.936,2.309,-2.453
-4.718,-1.424,-5.58,-3.336,2.276,-4.374,-0.492,-8.822,-16.885,0.436,2.215,-1.423
-9.79,-8.929,-2.473,-1.57,-0.18,-4.374,-1.413,-8.142,-15.842,-0.179,1.416,-0.175
