-1.893,-10.018,-8.451,-0.125,-0.215,0.0,-1.157,-9.276,-12.493,0.0,0.0,0.0
-2.457,-10.061,-8.414,0.0,-0.14,0.0,-1.101,-9.231,-12.51,0.0,0.0,0.0
-2.605,-10.138,-8.193,0.0,-0.111,0.0,-1.053,-9.234,-12.496,0.0,0.0,0.0
-2.647,-10.058,-8.235,0.0,0.0,0.0,-1.025,-9.219,-12.55,0.0,0.0,0.0
-2.672,-10.021,-8.406,0.0,0.0,0.0,-1.024,-9.217,-12.514,0.0,0.0,0.0
-2.555,-9.98,-8.501,0.0,0.0,0.0,-0.993,-9.227,-12.522,0.0,0.0,0.0
-2.665,-10.074,-8.481,0.0,0.0,0.0,-0.638,-9.369,-12.275,0.0,0.242,0.0
-2.732,-10.101,-8.245,0.0,0.0,0.0,-1.25,-9.352,-12.641,0.0,0.557,0.0
-6.089,-11.826,-7.88,0.252,0.377,0.574,-1.039,-9.372,-12.508,0.127,0.393,-0.247
-13.253,-15.403,-6.663,0.767,1.457,2.897,-1.437,-9.975,-12.525,0.217,0.378,-0.768
-16.852,-16.438,-6.315,0.906,1.373,4.357,-2.586,-14.375,-11.899,0.397,0.689,-1.669
-18.261,-15.552,-6.101,0.358,1.032,4.357,-2.374,-10.039,-16.906,0.822,-0.871,-1.427
-8.799,-13.959,-6.066,0.337,-1.174,4.357,0.159,-5.611,-17.395,0.0,-2.522,-0.681
3.026,0.398,-10.547,2.587,-1.612,4.357,-2.879,-5.497,-17.067,-0.513,-3.139,1.485
1.96,10.129,-11.151,1.089,-1.465,3.35,-3.836,-8.326,-14.219,-0.685,-1.631,3.848
1.708,10.456,-11.221,1.369,-1.93,1.949,-0.854,-17.221,-14.514,-0.531,-1.352,4.372
8.685,4.297,-13.668,1.549,-0.723,0.421,2.741,-12.386,-12.072,0.0,1.181,2.698
-0.834,-15.305,-10.489,-4.289,-2.909,-4.374,3.76,-12.083,-8.695,-0.283,-0.794,-2.081
-8.052,-0.993,-10.658,1.275,1.301,2.446,0.807,-11.639,-9.731,0.199,0.535,-3.824
7.131,1.115,-11.006,-1.67,0.0,2.614,-1.517,-9.356,-14.227,0.784,1.062,-3.301
1.844,6.299,-7.459,-2.173,1.233,-0.563,-1.862,-9.912,-15.878,0.988,2.465,-2.297
-2.06,7.886,-7.972,-1.707,0.206,-2.53,0.0,-9.08,-15.943,0.638,2.305,-1.331
-5.618,5.349,-6.703,-2.013,0.988,-3.59,-0.121,-8.062,-14.987,0.0,1.482,-0.489
-6.192,-1.902,-3.795,-2.494,1.678,-4.374,-0.719,-7.805,-13.02,0.0,1.113,0.214
-7.411,-4.832,-5.405,-1.739,1.177,-4.374,-0.636,-8.172,-12.533,0.0,-0.309,0.844
