-1.569,-10.29,-9.366,0.0,0.0,0.0,-0.332,-9.385,-11.913,-0.124,0.0,0.0
-1.678,-10.11,-9.826,0.0,-0.152,0.0,-0.509,-9.41,-12.072,0.0,0.0,0.0
-2.166,-10.187,-9.489,-0.152,-0.162,0.0,-0.418,-9.31,-12.182,0.0,0.0,0.0
-2.551,-10.302,-9.473,0.0,-0.132,0.0,-0.433,-9.335,-12.13,0.0,0.0,0.0
-2.205,-10.242,-9.244,0.0,0.0,0.119,-0.342,-9.316,-12.149,0.0,0.0,0.0
-2.281,-10.244,-9.325,0.0,0.0,0.0,-0.405,-9.289,-12.135,0.0,0.0,0.0
-2.314,-10.177,-9.538,0.0,0.0,0.113,-0.227,-9.355,-12.012,0.0,0.26,0.0
-3.917,-10.997,-9.263,0.184,0.0,0.296,-0.378,-9.535,-12.203,0.142,0.456,0.0
-11.095,-13.849,-9.511,0.16,0.211,1.749,-0.449,-9.471,-12.108,0.261,0.19,-0.34
-15.758,-16.524,-9.008,0.545,0.188,4.357,-0.641,-10.247,-12.24,0.456,0.345,-0.927
-16.698,-14.542,-7.056,0.484,-0.141,4.357,-4.083,-15.703,-13.07,1.14,0.486,-1.739
-13.894,-14.0,-6.894,1.186,-1.558,4.357,1.464,-9.397,-18.072,0.659,-2.14,-1.525
-5.841,-8.244,-9.599,1.968,-2.406,4.357,-2.929,-5.889,-17.482,0.0,-3.611,-0.204
-1.048,5.786,-9.328,1.36,-1.627,4.357,-2.465,-5.618,-14.197,-0.444,-2.284,2.235
1.451,11.861,-7.646,1.016,-1.491,2.701,-2.688,-8.044,-14.066,-0.357,-2.159,4.372
3.503,12.555,-9.729,0.893,-1.083,1.406,0.301,-18.9,-15.635,-0.287,-1.174,4.372
7.851,-4.725,-11.065,0.0,-1.127,-1.619,11.539,-13.586,-13.334,-0.469,1.359,2.162
-14.414,-5.023,-5.666,-1.263,-2.035,-2.388,1.673,-13.733,-6.197,-0.414,-0.673,-3.056
-1.039,0.326,-9.723,-0.24,2.054,2.399,-2.93,-10.549,-10.202,0.151,-0.298,-3.064
6.174,4.496,-7.341,-1.133,0.433,0.778,-0.625,-10.562,-13.273,0.503,1.437,-2.609
3.19,6.441,-6.88,-0.803,0.789,-1.207,-0.288,-10.45,-14.959,0.59,2.138,-2.17
-1.559,7.941,-9.353,-0.499,0.759,-2.647,0.531,-8.492,-15.124,0.519,2.362,-1.615
-4.08,7.48,-9.958,-1.3,1.384,-3.623,0.54,-7.029,-14.692,0.368,2.374,-0.638
-8.82,-0.873,-3.69,-2.221,0.838,-4.374,-1.144,-7.295,-12.452,0.154,1.194,0.624
-10.116,-4.57,-3.181,-2.2,-0.175,-4.374,3.882,-11.44,-13.193,0.312,-0.332,1.06
