-1.421,-10.004,-8.516,-0.107,0.0,0.0,-0.649,-9.353,-12.182,0.0,0.0,0.0
-2.028,-10.094,-8.246,0.0,-0.234,-0.128,-0.58,-9.336,-12.121,0.0,0.0,0.0
-2.357,-10.035,-8.317,0.0,0.0,0.0,-0.51,-9.317,-12.09,0.0,0.0,0.0
-2.293,-10.096,-8.221,0.0,0.0,0.0,-0.564,-9.319,-12.126,0.0,0.0,0.0
-2.088,-10.092,-8.275,0.0,0.0,0.0,-0.595,-9.342,-12.145,0.0,0.0,0.0
-2.133,-10.115,-8.305,0.0,0.0,0.0,-0.611,-9.307,-12.117,0.0,0.0,0.0
-2.093,-10.064,-8.445,0.0,0.0,0.0,-0.433,-9.331,-12.088,0.0,0.245,0.0
-3.065,-10.774,-8.196,0.0,0.0,0.121,-0.761,-9.409,-12.327,0.108,0.367,0.0
-9.513,-14.443,-7.967,0.598,0.281,1.754,-0.787,-9.586,-12.305,0.265,0.223,-0.487
-12.194,-15.679,-6.286,1.057,1.383,4.153,-1.169,-11.238,-12.026,0.429,0.481,-1.213
-16.478,-12.822,-4.481,1.303,1.342,4.357,-6.697,-17.459,-14.644,0.976,-0.107,-2.003
-16.689,-17.784,-4.012,1.464,-0.2,4.357,6.962,-13.739,-18.015,-0.107,-1.718,-2.002
-2.222,-15.651,-7.831,3.419,-1.263,4.357,-0.758,-3.638,-14.516,-0.763,-1.945,0.0
7.999,7.582,-15.15,2.752,-0.435,4.357,-3.021,-0.957,-12.24,-0.543,-3.216,2.086
1.47,10.047,-12.322,1.411,-0.917,2.016,0.255,-4.376,-13.085,0.14,-2.926,3.901
1.937,9.391,-13.647,0.657,-0.301,1.061,2.443,-16.764,-15.077,0.591,-1.929,4.372
4.397,3.613,-10.246,0.611,-0.302,-0.135,3.031,-14.355,-15.63,0.0,-1.136,1.979
-1.516,-5.634,-6.978,-3.262,-2.867,-4.334,-4.089,-11.154,-6.274,-0.306,0.0,-1.58
-7.396,3.77,-15.684,1.884,4.377,0.0,-3.879,-10.957,-8.786,0.149,-0.272,-2.115
-1.107,1.254,-5.539,-2.641,0.0,2.794,-1.016,-11.218,-12.023,0.376,1.347,-2.262
7.909,6.562,-8.789,-1.027,-0.384,1.124,0.354,-9.937,-13.907,0.506,2.692,-1.92
2.22,6.458,-9.854,-1.163,0.592,-1.6,0.418,-9.36,-14.805,0.517,2.999,-1.475
-0.387,6.855,-11.087,-0.427,-0.383,-3.151,0.792,-9.271,-14.895,0.52,2.441,-1.052
0.0,2.287,-9.809,-2.638,0.144,-4.374,-0.482,-8.298,-14.617,0.195,1.435,-0.553
-9.316,-5.171,-6.976,-2.462,1.147,-4.374,-2.499,-7.701,-13.601,-0.144,0.0,0.199
