-0.864,-9.847,-8.545,0.0,-0.149,0.0,-0.381,-9.122,-12.928,0.0,0.0,0.0
-1.553,-9.894,-8.659,0.0,-0.114,-0.184,-0.343,-9.137,-12.846,0.0,0.0,0.0
-2.152,-10.238,-8.303,0.0,0.0,-0.109,-0.228,-9.106,-12.864,0.0,0.0,0.0
-2.15,-10.201,-7.948,-0.119,0.0,0.0,-0.112,-9.244,-12.712,0.0,0.14,0.0
-2.119,-10.177,-7.971,0.0,0.0,0.0,-0.389,-9.152,-12.947,0.0,0.143,0.0
-2.091,-10.278,-8.021,0.0,0.0,0.14,-0.357,-9.132,-12.943,0.0,0.0,0.0
-1.982,-10.205,-8.284,0.0,0.0,0.119,-0.24,-9.201,-12.771,0.113,0.0,0.0
-1.799,-10.022,-8.362,0.0,0.0,0.0,-0.131,-9.219,-12.7,0.14,0.0,0.0
-3.251,-10.581,-7.859,0.0,0.0,0.0,0.0,-9.404,-12.461,0.174,0.218,-0.115
-10.593,-14.929,-7.003,0.0,1.328,1.232,-0.868,-10.574,-12.064,0.165,0.484,-0.935
-15.731,-19.311,-7.097,0.113,1.067,4.357,-3.233,-16.717,-12.556,0.414,0.497,-2.021
-20.588,-20.073,-5.463,0.341,0.435,4.357,-0.27,-8.824,-18.222,0.444,-2.649,-1.713
-8.582,-20.073,-4.637,2.011,-2.71,4.357,-5.763,-6.435,-18.909,0.368,-3.359,0.0
2.967,-3.134,-10.353,4.011,-1.773,4.357,-3.692,-8.181,-18.535,0.0,-2.134,2.778
4.045,7.911,-13.103,3.228,-1.048,3.358,-2.822,-10.696,-13.723,-0.39,-0.876,4.372
7.468,10.827,-17.601,2.023,-0.965,0.773,7.34,-19.259,-13.523,-0.581,0.783,4.372
14.383,-7.801,-14.636,-1.862,-0.762,-3.205,4.108,-11.759,-9.937,-0.418,-1.309,0.183
-21.093,-6.763,1.294,-0.58,0.805,-2.469,1.034,-14.019,-9.086,0.0,-0.816,-4.21
-9.654,0.0,-13.353,-3.297,2.377,1.677,-0.17,-10.434,-12.204,0.482,0.35,-4.359
0.135,3.684,-7.3,-1.315,-0.901,1.756,-1.771,-9.407,-15.917,0.55,2.416,-3.15
0.554,8.358,-7.689,-1.228,-0.823,-0.354,-0.591,-8.19,-16.211,0.35,3.153,-1.555
0.834,10.34,-9.855,-1.424,-0.872,-2.4,-1.2,-8.007,-16.344,-0.199,1.934,-0.348
-2.374,4.121,-8.491,-2.388,1.465,-4.374,-1.487,-9.077,-14.563,-0.338,0.886,0.823
-7.599,-4.388,-3.782,-3.012,0.529,-4.374,0.197,-11.115,-15.325,-0.27,0.947,0.944
-11.049,-9.217,-3.304,-2.542,0.17,-4.374,-3.629,-14.237,-11.245,-0.168,-0.155,1.727
