-2.067,-10.089,-9.426,0.0,-0.257,0.301,0.0,-9.305,-12.308,0.0,0.0,0.0
-1.862,-10.106,-9.171,0.0,-0.273,0.302,0.0,-9.343,-12.232,0.0,0.0,0.0
-1.55,-10.091,-9.26,0.0,0.0,0.144,0.0,-9.228,-12.24,0.0,0.0,0.0
-1.99,-10.03,-9.339,0.0,-0.134,0.0,0.0,-9.276,-12.289,0.0,0.0,0.0
-2.294,-10.053,-9.535,0.0,0.0,0.0,0.0,-9.268,-12.346,0.0,0.0,0.0
-2.61,-10.217,-9.429,0.0,0.0,0.0,0.116,-9.258,-12.302,0.0,0.0,0.0
-2.6,-10.133,-9.413,0.0,0.0,0.0,0.252,-9.258,-12.25,0.0,0.0,0.0
-3.152,-10.645,-9.273,0.0,0.0,0.0,0.272,-9.366,-12.232,0.0,0.254,0.0
-10.796,-14.491,-9.035,0.326,0.335,1.207,0.0,-9.213,-12.467,0.0,0.288,0.0
-13.201,-18.763,-9.304,0.903,0.922,4.357,-0.199,-9.644,-12.443,0.167,0.0,-0.404
-16.813,-16.299,-7.353,1.31,0.0,4.357,0.0,-10.817,-12.551,0.336,0.286,-1.087
-7.237,-14.463,-5.554,2.226,-1.774,4.357,-2.877,-17.577,-13.39,0.642,0.352,-2.029
-3.165,-5.819,-8.342,3.082,-1.082,4.357,10.543,-14.4,-20.713,-0.182,-1.176,-2.337
0.0,7.327,-9.319,2.135,-1.029,4.357,0.227,-6.423,-15.556,-0.64,-2.828,-1.061
0.0,12.659,-9.31,2.408,-1.473,3.203,-1.303,-3.702,-14.222,0.0,-3.723,1.778
0.832,12.792,-14.253,2.062,-0.499,1.562,0.173,-3.4,-13.371,-0.292,-2.665,3.797
10.884,-1.705,-15.187,-0.274,-0.544,0.336,1.154,-6.281,-12.143,-0.42,-0.25,4.372
-18.61,-12.032,-5.269,-3.241,0.353,-4.374,5.675,-17.515,-14.094,0.34,-0.569,3.555
-1.913,0.637,-12.186,0.0,0.133,2.292,-3.763,-13.909,-12.416,0.68,-1.405,-1.431
3.821,1.406,-8.433,-0.239,0.318,2.338,-1.014,-12.957,-11.609,0.553,0.366,-3.514
0.872,7.31,-8.387,-0.909,-0.262,0.288,1.295,-9.606,-14.344,0.84,0.828,-3.565
3.508,11.083,-11.589,-1.389,0.238,-1.55,1.629,-8.026,-15.026,0.429,2.513,-2.924
3.788,9.117,-12.655,-2.576,2.51,-4.374,-0.319,-6.559,-14.869,0.264,3.13,-1.609
-7.256,-2.833,-2.446,-2.882,1.795,-4.374,0.657,-7.496,-15.703,0.0,1.621,0.0
-7.299,-3.074,-2.199,-1.689,-1.477,-4.158,0.239,-9.144,-15.168,-0.338,0.832,1.248
