-1.54,-10.007,-8.926,0.0,-0.141,0.154,-0.599,-9.363,-12.228,0.0,0.0,0.0
-2.113,-9.992,-8.609,-0.13,-0.15,0.0,-0.664,-9.323,-12.345,0.0,0.0,0.0
-2.31,-10.103,-8.455,0.0,-0.132,0.0,-0.603,-9.29,-12.312,0.0,0.0,0.0
-2.57,-10.182,-8.4,0.0,0.0,0.0,-0.574,-9.247,-12.337,0.0,0.0,0.0
-2.252,-10.042,-8.416,0.0,0.0,0.0,-0.51,-9.302,-12.275,0.0,0.0,0.0
-2.49,-10.017,-8.463,0.0,0.0,0.0,-0.668,-9.305,-12.233,0.0,0.0,0.0
-2.576,-10.068,-8.332,0.0,0.0,0.0,-0.556,-9.298,-12.291,0.0,0.0,0.0
-2.652,-10.086,-8.484,0.0,0.0,0.0,-0.418,-9.244,-12.226,0.0,0.0,0.0
-4.733,-11.724,-8.303,0.154,0.119,0.192,-0.376,-9.334,-12.296,0.0,0.445,0.167
-13.432,-16.597,-6.826,1.1,1.024,2.702,-0.883,-9.471,-12.394,0.145,0.44,0.0
-14.685,-16.603,-5.053,1.197,1.378,4.357,-1.296,-10.115,-12.199,0.214,0.489,-0.732
-17.72,-14.634,-4.511,0.751,1.626,4.357,-3.288,-16.21,-11.42,0.418,0.791,-1.892
-9.87,-14.137,-5.864,1.038,-0.948,4.357,-0.634,-8.967,-18.895,0.716,-1.345,-1.646
2.692,1.212,-9.456,2.865,-2.011,4.357,0.0,-5.32,-18.552,-0.381,-2.576,-0.575
-0.265,12.016,-11.874,1.908,-0.543,3.549,-3.145,-5.125,-16.462,-1.068,-2.922,1.824
3.536,9.694,-12.025,2.146,-2.586,2.546,-4.385,-6.621,-11.837,-0.763,-1.897,4.372
14.811,-6.669,-16.462,-0.855,-2.688,-2.981,0.756,-18.824,-16.184,-0.17,-1.515,4.372
-21.093,-8.651,-1.895,-0.965,2.512,-3.523,1.698,-13.361,-12.904,-0.223,0.2,2.06
-2.901,-0.901,-13.711,-2.486,0.656,2.632,1.885,-13.677,-9.548,-0.268,-0.841,-3.273
4.192,2.196,-7.753,-1.496,0.316,1.653,-0.783,-11.044,-11.307,0.263,1.151,-3.922
1.599,7.731,-8.354,-1.331,-1.088,-0.463,-0.695,-9.213,-13.32,0.848,1.607,-3.156
2.842,10.32,-10.293,-1.69,0.291,-3.013,-1.268,-9.106,-14.975,0.962,2.039,-2.136
-1.863,0.139,-6.175,-3.5,2.088,-4.374,0.0,-8.34,-15.667,0.588,2.041,-1.071
-8.133,-6.983,-3.967,-3.869,0.278,-4.374,0.74,-8.655,-14.619,0.184,1.681,0.0
-9.95,-10.63,-2.339,-1.431,0.339,-4.374,-0.213,-8.802,-13.366,0.0,0.276,0.533
