-2.064,-10.205,-8.319,-0.118,-0.458,0.132,-0.38,-9.204,-12.81,0.0,0.0,0.0
-2.023,-9.95,-8.43,0.0,-0.106,0.118,-0.264,-9.129,-12.822,0.0,0.0,0.0
-2.48,-9.987,-8.61,0.0,0.0,0.0,-0.304,-9.166,-12.755,0.0,0.0,0.0
-2.795,-10.145,-8.822,0.0,0.0,0.0,-0.216,-9.165,-12.706,0.0,0.0,0.0
-2.659,-10.054,-8.528,0.0,0.0,0.0,-0.168,-9.156,-12.673,0.0,0.0,0.0
-2.538,-9.876,-8.758,0.0,0.0,0.0,-0.257,-9.258,-12.668,0.0,0.0,0.0
-2.411,-10.133,-8.77,0.0,-0.134,0.0,0.0,-9.232,-12.607,0.0,0.205,0.0
-2.639,-10.447,-8.503,0.0,0.0,0.0,-0.106,-9.249,-12.567,0.106,0.39,0.0
-6.239,-12.344,-8.127,0.148,0.325,0.557,-0.248,-9.612,-12.437,0.169,0.206,-0.565
-14.576,-17.056,-6.92,0.856,1.751,3.377,-0.461,-10.722,-12.507,0.286,0.487,-1.168
-16.635,-16.759,-6.882,0.694,0.828,4.357,-4.074,-18.187,-12.228,0.475,0.513,-1.975
-16.291,-17.02,-6.607,0.513,0.167,4.357,3.242,-8.461,-18.441,0.377,-1.835,-1.404
-4.911,-13.849,-7.304,1.581,-2.125,4.357,-2.08,-6.216,-19.514,-0.195,-2.361,0.0
3.192,6.115,-10.716,2.947,-1.245,4.357,-2.466,-6.045,-17.173,-0.705,-2.691,2.192
1.147,10.576,-10.524,2.285,-1.426,3.412,-4.466,-6.905,-11.086,-0.715,-1.692,4.372
2.834,9.604,-14.289,1.65,-1.321,2.163,2.068,-19.259,-15.615,-0.551,-0.736,4.372
14.842,-9.248,-16.549,-1.09,-3.152,-4.374,1.342,-12.124,-14.469,0.0,-0.684,0.953
-18.859,-4.737,-2.459,0.702,3.438,-0.991,2.814,-15.143,-10.716,-0.114,-0.934,-4.311
-3.052,-2.857,-10.245,-3.121,1.268,2.775,-0.392,-10.805,-12.181,0.228,1.174,-4.359
6.572,5.619,-9.126,-1.094,0.595,0.666,-2.486,-9.053,-14.796,0.591,2.185,-3.143
1.428,8.5,-8.295,-2.053,0.112,-1.689,-1.797,-8.114,-15.364,0.633,2.494,-1.653
-0.761,8.344,-7.419,-2.108,-0.217,-3.596,-0.47,-8.255,-15.908,0.322,1.755,-0.295
-5.628,1.497,-5.382,-2.499,1.048,-4.374,1.721,-10.126,-16.019,-0.161,1.518,0.523
-9.964,-6.752,-2.058,-2.319,-0.746,-4.374,0.149,-10.349,-14.386,-0.374,0.169,0.563
-12.03,-10.726,-3.418,-2.45,1.067,-4.374,-2.607,-9.945,-12.145,0.0,0.564,1.212
