-1.359,-9.952,-9.269,0.0,0.0,0.242,-1.035,-9.225,-12.622,0.0,0.0,0.0
-1.802,-9.993,-9.26,0.0,-0.135,0.0,-0.932,-9.219,-12.561,0.0,0.0,0.0
-2.397,-10.035,-9.066,0.0,0.0,0.0,-0.915,-9.204,-12.582,0.0,0.0,0.0
-2.829,-10.217,-8.725,0.0,-0.179,-0.126,-0.877,-9.214,-12.581,0.0,0.0,0.0
-2.762,-10.128,-8.74,0.0,0.0,0.0,-0.899,-9.234,-12.593,0.0,0.0,0.0
-2.75,-10.092,-8.811,0.0,0.0,0.0,-0.806,-9.214,-12.581,0.0,0.0,0.0
-2.634,-10.101,-8.866,0.0,0.0,0.105,-0.838,-9.239,-12.532,0.0,0.0,0.0
-2.587,-10.249,-8.781,0.0,0.0,0.0,-0.644,-9.21,-12.439,0.0,0.139,0.0
-5.166,-11.538,-8.208,0.215,0.0,0.349,-1.142,-9.371,-12.558,0.0,0.424,0.0
-12.907,-16.14,-6.643,0.84,0.798,2.611,-1.466,-9.487,-12.572,0.135,0.437,-0.356
-16.181,-16.499,-5.831,1.425,1.421,4.357,-1.103,-10.193,-12.751,0.16,0.621,-1.196
-18.347,-15.446,-6.332,1.022,1.125,4.357,-4.551,-18.904,-11.615,0.416,0.982,-2.147
-9.123,-16.538,-6.655,1.358,-1.507,4.357,1.694,-7.145,-19.01,0.592,-1.699,-1.383
2.739,0.807,-10.08,2.904,-2.111,4.357,-1.169,-5.503,-19.485,-0.388,-1.926,0.0
2.3,10.642,-10.584,1.84,-1.421,3.722,-4.426,-5.316,-16.801,-1.016,-3.291,2.355
4.774,10.001,-14.134,2.148,-1.941,2.054,-2.344,-7.055,-11.92,-0.503,-1.574,4.372
14.781,-5.857,-15.059,-0.924,-2.738,-3.585,3.774,-19.259,-14.762,-0.17,-0.401,4.372
-21.093,-7.406,0.274,-2.143,1.525,-3.939,3.426,-12.022,-10.902,-0.313,-1.537,0.372
-6.515,-1.2,-12.321,-1.697,1.609,2.547,-0.247,-14.248,-10.665,-0.259,-0.817,-4.315
4.692,2.98,-8.825,-1.358,-0.637,2.057,-0.509,-10.963,-12.578,0.222,1.599,-4.265
3.977,8.131,-8.957,-1.971,-0.143,-0.694,-1.735,-9.311,-14.323,0.77,2.188,-3.043
2.322,8.038,-7.789,-2.487,0.96,-3.447,-0.937,-8.411,-14.334,0.754,2.191,-1.751
-3.469,0.0,-5.187,-2.445,1.412,-4.374,-0.204,-7.704,-15.701,0.428,1.554,-0.577
-9.84,-5.359,-1.624,-2.49,-0.664,-4.374,0.439,-8.393,-14.833,0.0,1.247,0.338
-11.192,-9.06,-1.65,-2.684,-0.191,-4.374,2.42,-9.365,-14.461,-0.16,0.3,0.759
