-2.023,-10.168,-8.689,-0.154,-0.213,0.0,-0.856,-9.233,-12.53,0.0,0.0,0.0
-2.284,-10.144,-8.759,0.0,-0.136,0.0,-0.816,-9.22,-12.546,0.0,0.0,0.0
-2.461,-10.192,-8.816,0.0,0.0,0.0,-0.738,-9.249,-12.576,0.0,0.0,0.0
-2.358,-10.138,-8.963,0.0,0.0,0.115,-0.768,-9.249,-12.533,0.0,0.0,0.0
-2.285,-10.06,-9.158,0.0,0.0,0.0,-0.652,-9.24,-12.55,0.0,0.0,0.0
-2.206,-10.068,-9.086,0.0,0.0,0.0,-0.601,-9.226,-12.496,0.0,0.0,0.0
-2.328,-10.141,-8.92,0.0,0.0,0.0,-0.277,-9.251,-12.412,0.0,0.356,0.0
-2.611,-10.371,-8.837,0.0,0.0,0.0,-0.87,-9.304,-12.566,0.109,0.575,0.0
-6.735,-12.449,-7.76,0.476,0.371,0.854,-1.251,-9.786,-12.521,0.184,0.337,-0.739
-15.998,-17.22,-5.096,1.154,1.63,3.303,-2.408,-14.632,-12.023,0.418,0.712,-1.846
-20.785,-20.073,-6.903,1.129,1.546,4.357,-3.98,-11.651,-19.262,0.948,-0.202,-1.836
-14.667,-20.073,-6.283,0.704,-0.731,4.357,4.406,-7.4,-19.275,-0.433,-1.41,-0.598
2.352,-10.692,-8.155,2.765,-1.998,4.357,-5.287,-4.84,-16.815,-1.078,-3.331,2.14
3.521,9.945,-10.931,2.477,-1.484,4.357,-3.192,-6.577,-11.607,-0.869,-1.837,4.372
3.851,11.124,-13.949,2.388,-1.862,2.079,4.641,-19.259,-15.518,-0.629,-0.397,4.372
8.371,1.566,-15.036,0.517,0.0,0.303,-1.096,-13.766,-12.088,0.0,-0.332,0.907
-7.325,-16.29,-6.887,-3.915,-1.454,-4.374,3.051,-14.276,-9.659,0.0,-2.521,-4.359
-5.879,-0.281,-13.745,0.305,4.258,2.169,-2.547,-11.12,-11.087,0.312,0.538,-4.359
5.132,0.0,-7.385,-1.594,-0.999,2.53,-1.663,-10.571,-15.619,0.527,2.251,-2.849
2.793,7.791,-10.086,-1.456,0.0,-0.34,-1.293,-9.654,-15.416,0.507,2.613,-1.64
4.354,9.751,-10.41,-2.427,-0.554,-3.184,-1.563,-8.36,-16.627,0.0,1.57,-0.666
3.152,-1.564,-8.17,-3.971,1.895,-4.374,-0.607,-8.136,-13.766,-0.411,1.228,0.348
-10.483,-13.906,-1.834,-2.378,1.128,-4.374,-0.142,-8.775,-12.923,0.0,0.159,1.082
-14.293,-15.302,-0.903,-2.682,-0.407,-4.374,-1.997,-10.374,-12.77,0.0,0.607,0.962
-7.714,-12.683,-4.686,-2.587,0.628,-3.938,-2.337,-12.511,-9.611,-0.14,-0.314,1.112
