-0.791,-9.886,-8.023,0.124,-1.097,0.504,-0.441,-9.444,-12.103,0.0,0.0,0.0
-1.69,-10.176,-8.825,0.237,0.0,0.29,-0.508,-9.251,-12.37,0.0,0.0,0.0
-1.238,-9.786,-9.207,0.0,-0.221,0.207,-0.331,-9.283,-12.332,0.0,0.0,0.0
-1.865,-9.829,-8.944,0.0,-0.202,0.0,-0.376,-9.289,-12.297,0.0,0.0,0.0
-2.745,-10.176,-8.325,0.0,0.0,0.0,-0.287,-9.287,-12.361,0.0,0.0,0.0
-2.611,-10.078,-8.145,0.0,0.0,0.0,-0.31,-9.255,-12.419,0.0,0.0,0.0
-2.561,-10.084,-8.261,0.0,0.0,0.0,-0.312,-9.281,-12.414,0.0,0.0,0.0
-2.639,-10.082,-8.303,0.0,0.0,0.107,-0.295,-9.267,-12.312,0.0,0.0,0.0
-4.784,-10.983,-7.804,0.19,0.0,0.267,-0.224,-9.219,-12.346,0.0,0.0,0.0
-12.091,-15.447,-5.39,1.148,0.193,2.174,-0.373,-9.354,-12.323,0.0,0.308,0.0
-14.212,-17.158,-3.021,2.145,1.318,4.357,-0.881,-9.566,-12.554,0.107,0.283,-0.321
-11.75,-12.351,-3.484,2.219,1.053,4.357,-1.261,-10.543,-12.708,0.178,0.689,-1.292
-7.891,-10.807,-4.463,2.511,0.0,4.357,-3.944,-19.259,-10.917,0.562,0.51,-2.072
-2.69,-4.458,-9.651,3.576,-1.216,4.357,3.486,-9.474,-20.226,0.614,-2.013,-1.489
2.247,8.996,-10.538,2.413,-1.227,4.206,-0.581,-3.65,-18.74,-0.243,-2.287,-0.474
0.63,14.214,-10.786,1.671,-1.354,2.685,-1.2,-3.174,-16.247,-1.08,-2.78,1.777
3.125,13.02,-15.294,1.342,-1.489,0.796,-1.934,-6.727,-13.584,-1.115,-2.196,3.838
9.656,1.662,-15.486,0.205,-0.511,1.098,1.223,-12.495,-12.478,-0.456,-0.927,4.372
-8.691,-16.092,-7.712,-3.762,-0.301,-4.374,4.206,-14.412,-15.429,0.237,1.03,2.692
-5.085,0.645,-12.269,0.718,1.274,2.74,0.0,-12.286,-9.353,-0.123,-1.318,-2.047
1.621,0.0,-7.658,-2.043,1.068,2.19,-2.495,-10.18,-11.135,0.436,-0.477,-2.725
1.579,6.014,-8.925,-1.143,0.0,0.147,-1.181,-9.658,-12.95,1.088,0.11,-3.001
2.045,10.151,-8.666,-1.199,0.424,-1.735,0.635,-9.232,-15.922,0.875,1.225,-2.76
2.04,7.899,-8.595,-1.882,2.497,-4.374,1.163,-8.115,-16.108,0.379,2.427,-1.845
-7.969,-0.141,-4.877,-3.185,0.387,-4.374,0.303,-7.313,-16.213,0.0,2.711,-0.655
