-1.832,-10.246,-7.957,0.157,0.476,0.338,-0.534,-9.234,-12.323,0.0,0.0,0.0
-1.241,-9.782,-8.607,0.0,-0.207,0.382,-0.297,-9.195,-12.459,0.0,0.0,0.0
-1.146,-9.344,-7.932,0.0,-0.263,0.0,-0.411,-9.313,-12.461,0.0,0.0,0.0
-2.259,-9.919,-7.468,-0.109,-0.248,-0.101,-0.368,-9.28,-12.423,0.0,0.0,0.0
-2.283,-10.048,-7.503,-0.119,-0.151,0.0,-0.465,-9.216,-12.539,0.0,0.0,0.0
-2.093,-9.877,-7.279,0.0,0.0,0.0,-0.458,-9.229,-12.493,0.0,0.0,0.0
-2.089,-9.986,-7.638,0.0,0.0,0.0,-0.525,-9.307,-12.355,0.0,0.0,0.0
-2.039,-10.098,-7.341,0.0,-0.189,0.0,-0.641,-9.36,-12.437,0.0,0.162,0.0
-2.971,-10.437,-7.119,0.0,0.207,0.127,-0.856,-9.3,-12.586,0.0,0.427,0.0
-12.741,-16.406,-6.049,0.394,0.949,1.138,-0.734,-9.446,-12.433,0.0,0.31,-0.377
-13.481,-18.382,-6.767,-0.108,1.253,4.357,-0.381,-10.067,-12.491,0.155,0.364,-1.007
-14.428,-13.908,-4.746,0.416,0.642,4.357,-2.806,-15.224,-12.198,0.264,0.437,-1.706
-12.822,-15.162,-5.081,0.132,-0.247,4.357,0.0,-9.889,-15.885,0.522,-0.652,-1.223
-1.046,-6.666,-10.088,2.288,-3.137,4.357,-1.624,-7.885,-16.396,0.0,-1.891,-0.226
0.909,8.008,-10.5,1.609,-1.674,4.357,-4.627,-6.168,-18.496,-0.261,-3.656,2.064
4.091,10.363,-9.663,1.9,-1.508,2.202,-4.66,-9.19,-15.449,-0.662,-1.381,4.372
5.974,8.969,-12.59,1.147,-2.061,-0.141,6.432,-18.332,-16.609,-0.963,1.732,4.372
10.934,-1.193,-12.809,-1.256,-1.733,-1.831,0.723,-13.024,-10.619,-0.88,0.864,0.38
-21.093,-7.745,-1.341,-3.542,-1.135,-4.374,2.858,-13.191,-7.514,0.0,-1.722,-3.691
-7.832,-2.287,-11.743,-0.91,2.182,3.369,-0.896,-9.748,-10.778,0.937,-0.713,-4.092
12.245,2.529,-7.528,-0.745,-0.65,2.78,0.542,-9.131,-15.561,0.929,0.723,-3.454
2.612,6.762,-6.694,-1.072,0.81,-0.45,0.451,-8.25,-16.107,0.579,2.802,-2.167
2.184,9.04,-8.198,-1.296,0.997,-2.223,-0.524,-7.397,-18.002,0.0,2.456,-0.836
-0.7,4.669,-7.33,-2.513,1.891,-4.374,-1.789,-7.837,-14.593,-0.527,1.212,0.546
-10.769,-4.142,-3.675,-2.106,0.897,-4.374,0.446,-13.614,-14.068,-0.519,0.558,1.233
