-1.341,-9.997,-8.939,0.0,0.0,0.0,-0.908,-9.353,-12.149,0.0,0.0,0.0
-1.909,-10.22,-8.482,-0.179,0.0,0.0,-0.795,-9.35,-12.083,0.0,0.0,0.0
-1.874,-10.121,-8.769,0.0,0.0,-0.107,-0.755,-9.338,-12.047,0.0,0.0,0.0
-2.441,-10.274,-8.546,0.0,0.0,0.0,-0.761,-9.312,-12.123,0.0,0.0,0.0
-1.912,-10.118,-8.546,0.0,0.0,0.0,-0.789,-9.352,-12.108,0.0,0.0,0.0
-1.84,-10.062,-8.683,0.0,0.0,0.0,-0.682,-9.335,-11.979,0.0,0.0,0.0
-1.801,-10.144,-8.707,0.0,0.0,0.0,-0.714,-9.354,-11.973,0.0,0.0,0.0
-1.89,-10.208,-8.758,0.0,0.0,0.0,-0.558,-9.337,-11.906,0.0,0.112,0.0
-5.248,-12.251,-8.37,0.27,0.171,0.4,-0.607,-9.41,-12.147,0.0,0.413,0.0
-11.872,-16.026,-7.553,1.047,0.142,2.826,-0.866,-9.531,-12.196,0.218,0.24,-0.121
-14.575,-15.333,-5.07,1.018,0.859,4.357,-0.943,-9.952,-11.832,0.376,0.264,-0.641
-17.59,-15.593,-4.336,1.435,0.718,4.357,-2.132,-14.272,-11.274,0.72,0.55,-1.739
-7.459,-16.869,-6.101,2.597,-0.792,4.357,-1.169,-12.764,-18.336,0.511,-1.068,-1.921
1.47,0.71,-7.409,2.613,-0.709,4.357,-1.719,-3.882,-17.457,-0.258,-3.057,-0.897
-0.382,10.205,-12.559,1.693,0.834,3.723,-2.796,-3.593,-14.981,-0.623,-2.525,1.647
-1.289,8.439,-8.261,1.137,-0.862,2.911,-2.799,-6.645,-15.096,-0.69,-2.532,3.615
5.762,8.689,-12.511,0.549,-1.436,3.084,0.0,-17.263,-15.762,-0.166,-1.073,4.372
6.293,-7.423,-12.921,-1.761,-1.957,-4.374,3.523,-18.077,-11.628,-0.546,0.297,3.303
-10.665,-1.167,-10.912,1.162,1.097,0.37,1.301,-13.783,-7.228,-0.43,-1.021,-2.742
-1.025,-2.043,-10.13,-1.699,0.378,2.318,-1.764,-11.413,-9.976,0.0,0.264,-3.49
4.389,4.97,-8.866,-1.151,-0.43,0.667,-0.621,-8.901,-12.392,0.584,1.001,-3.001
4.684,10.437,-10.046,-1.089,-0.508,-1.615,-0.291,-9.814,-15.697,0.716,2.174,-2.117
3.243,8.223,-12.029,-2.344,1.428,-4.374,0.335,-8.449,-16.09,0.552,2.814,-1.28
-2.44,-2.803,-7.127,-4.239,2.056,-4.374,0.212,-7.971,-15.133,0.206,2.814,-0.372
-10.962,-10.434,-3.007,-3.209,1.342,-4.374,-0.198,-8.026,-12.612,0.0,1.742,0.42
