-1.915,-10.04,-8.295,0.0,0.0,0.0,-0.862,-9.234,-12.421,0.0,0.0,0.0
-2.011,-10.03,-8.344,0.0,0.0,0.0,-0.864,-9.264,-12.418,0.0,0.0,0.0
-2.16,-10.088,-8.302,0.0,0.0,0.0,-0.81,-9.271,-12.336,0.0,0.0,0.0
-2.425,-10.083,-8.279,0.0,0.0,0.0,-0.854,-9.299,-12.302,0.0,0.0,0.0
-2.242,-10.112,-8.22,0.0,0.0,0.0,-0.842,-9.295,-12.303,0.0,0.0,0.0
-2.466,-10.011,-8.279,0.0,0.0,0.0,-0.785,-9.281,-12.321,0.0,0.0,0.0
-2.539,-9.994,-8.196,0.0,0.0,0.0,-0.791,-9.3,-12.202,0.0,0.0,0.0
-2.667,-10.078,-8.188,0.0,0.0,0.0,-0.48,-9.253,-12.078,0.0,0.121,0.0
-5.652,-11.706,-7.894,0.119,0.205,0.382,-0.739,-9.3,-12.611,0.0,0.776,0.259
-13.564,-15.727,-6.199,0.64,0.857,2.628,-1.548,-9.474,-12.338,0.192,0.437,-0.196
-18.271,-18.82,-5.616,1.095,1.259,4.357,-2.104,-10.581,-12.501,0.275,0.225,-1.241
-18.675,-19.546,-3.945,1.0,0.446,4.357,-5.116,-19.259,-13.028,1.068,0.747,-2.257
-4.81,-17.386,-5.291,2.974,-2.097,4.357,4.351,-8.28,-21.286,0.573,-1.99,-1.53
7.047,2.361,-12.591,4.441,-1.792,4.357,-3.648,-3.347,-17.047,-0.537,-3.571,0.0
4.447,9.649,-16.324,2.026,-0.847,1.81,-3.128,-4.2,-13.541,-0.538,-2.908,2.98
6.839,6.176,-15.399,0.617,0.242,1.365,-1.182,-11.601,-12.761,-0.309,-1.183,4.372
6.165,-9.97,-14.236,-2.944,-3.524,-4.374,5.585,-19.259,-9.882,0.0,-0.36,4.372
-16.153,-2.285,-5.555,0.0,2.148,-0.864,-4.804,-12.544,-7.672,-0.195,0.0,-1.881
-4.603,-0.559,-9.724,-2.485,1.047,2.282,3.184,-14.749,-11.219,0.0,0.657,-4.15
1.429,4.728,-8.576,-1.101,-0.457,0.786,-2.611,-10.173,-13.329,0.674,1.406,-3.52
0.389,7.217,-8.7,-1.937,-0.826,-1.183,-1.242,-8.536,-15.603,0.664,2.427,-2.199
-0.817,6.009,-7.668,-2.4,-0.482,-3.659,0.201,-7.987,-15.047,0.335,2.318,-1.064
-4.438,-1.896,-6.12,-3.287,1.152,-4.374,0.0,-7.315,-14.535,0.0,1.351,-0.243
-9.365,-9.531,-1.458,-2.163,-0.203,-4.374,-0.902,-7.472,-12.878,0.0,0.294,0.656
-14.863,-13.478,-3.309,-3.171,2.4,-4.374,0.414,-9.974,-15.361,-0.235,0.417,0.85
