-3.042,-10.023,-9.332,0.0,0.0,0.0,0.128,-9.292,-12.17,0.0,0.0,0.0
-3.132,-10.037,-9.392,0.0,0.0,0.0,0.121,-9.324,-12.139,0.0,0.0,0.0
-3.011,-10.019,-9.257,0.0,0.0,0.0,0.164,-9.305,-12.131,0.0,0.0,0.0
-3.116,-10.05,-9.336,0.0,0.0,0.0,0.117,-9.311,-12.131,0.0,0.0,0.0
-3.086,-10.033,-9.298,0.0,0.0,0.0,0.122,-9.302,-12.15,0.0,0.0,0.0
-3.249,-10.068,-9.383,0.0,0.0,0.0,0.158,-9.283,-12.125,0.0,0.0,0.0
-3.104,-10.023,-9.338,0.0,0.0,0.0,0.154,-9.33,-12.081,0.0,0.0,0.0
-3.147,-10.106,-9.296,0.0,0.0,0.0,0.0,-9.451,-12.23,0.0,0.326,0.0
-4.963,-11.161,-9.056,0.137,0.0,0.326,0.194,-9.416,-12.18,0.0,0.236,0.0
-10.406,-15.567,-6.411,1.351,-0.144,1.831,0.104,-9.384,-12.236,0.177,0.0,-0.237
-15.494,-17.824,-4.255,2.482,2.235,4.357,0.1,-10.175,-12.113,0.296,0.229,-0.785
-14.291,-12.121,-6.058,1.807,0.956,4.357,-1.797,-15.223,-12.334,0.408,0.4,-1.588
-6.922,-11.27,-7.609,2.354,-1.726,4.357,0.98,-9.324,-17.535,0.349,-0.87,-1.316
-2.156,-2.148,-11.241,3.096,-1.663,4.357,-2.088,-5.831,-15.276,-0.294,-2.664,-0.623
0.194,8.203,-9.32,2.086,-0.529,4.306,-2.232,-3.607,-15.804,-0.648,-3.22,1.942
4.446,12.319,-10.933,1.669,-0.116,2.439,-3.368,-8.564,-10.991,-0.276,-0.96,4.372
7.05,10.52,-13.53,0.94,-0.641,0.0,2.407,-19.259,-17.022,0.472,-1.101,4.372
4.504,5.083,-12.299,-0.455,0.231,-0.982,1.186,-11.19,-10.479,-0.292,1.077,0.492
-4.36,-7.334,-9.067,-1.34,1.01,-4.297,2.049,-11.622,-9.076,0.0,-1.613,-2.71
-12.765,-1.075,-9.626,0.0,-0.396,0.485,-1.382,-10.828,-12.369,0.223,-0.448,-3.275
-5.398,0.234,-6.674,-1.234,-0.927,2.463,-0.137,-10.391,-14.915,0.248,2.024,-2.936
3.442,6.822,-9.977,-0.285,0.0,1.043,0.647,-7.057,-13.633,0.291,2.49,-2.345
4.153,10.686,-12.25,-0.441,0.41,-1.234,0.863,-5.485,-13.9,0.261,2.036,-1.285
4.858,9.747,-11.216,-2.304,1.686,-3.912,1.321,-6.741,-14.191,0.0,1.324,-0.172
-2.088,-0.973,-6.699,-3.243,2.151,-4.374,0.882,-8.961,-14.322,-0.189,0.313,0.729
