-2.133,-10.01,-8.46,-0.108,0.0,0.0,-0.716,-9.318,-12.145,0.0,0.0,0.0
-2.316,-9.934,-8.548,0.0,-0.1,0.0,-0.685,-9.305,-12.197,0.0,0.0,0.0
-2.46,-10.102,-8.057,0.0,0.0,0.0,-0.683,-9.301,-12.185,0.0,0.0,0.0
-2.48,-10.123,-8.187,0.0,0.0,0.0,-0.695,-9.294,-12.238,0.0,0.0,0.0
-2.655,-10.024,-8.283,0.0,0.0,0.0,-0.735,-9.338,-12.261,0.0,0.0,0.0
-2.457,-10.076,-8.252,0.0,0.0,0.0,-0.53,-9.289,-12.151,0.0,0.0,0.0
-2.563,-10.034,-8.482,0.0,0.0,0.0,-0.768,-9.404,-12.37,0.0,0.452,0.167
-3.788,-10.984,-8.217,0.0,0.0,0.115,-1.181,-9.439,-12.455,0.153,0.453,0.0
-10.707,-14.062,-7.544,0.251,0.64,1.519,-1.411,-9.606,-12.443,0.262,0.393,-0.506
-14.751,-15.805,-7.013,0.604,1.245,4.1,-1.818,-11.929,-12.538,0.34,0.398,-1.654
-18.967,-17.674,-5.994,0.842,0.671,4.357,-6.757,-15.068,-15.726,1.078,-0.273,-1.998
-12.449,-18.623,-5.829,1.199,-0.963,4.357,5.789,-9.094,-18.699,-0.167,-1.994,-1.348
0.754,-9.068,-8.702,3.249,-1.637,4.357,-2.216,-6.992,-17.295,-0.879,-3.007,0.727
2.082,6.368,-10.355,2.593,-0.679,4.357,-2.221,-5.528,-14.004,-0.815,-2.687,3.189
6.235,10.974,-15.022,3.167,-2.698,2.601,-0.583,-7.067,-11.592,-0.601,-1.047,4.372
14.757,2.377,-19.378,0.766,-0.423,1.52,10.801,-19.259,-9.039,0.0,-1.12,4.372
-6.418,-20.073,-2.163,-4.289,-1.983,-4.374,3.419,-11.437,-10.55,0.0,-1.909,-1.142
-6.916,2.998,-11.951,2.242,2.524,2.953,-2.836,-13.612,-11.274,0.0,-0.482,-4.359
-0.129,0.704,-5.88,-1.333,1.535,2.363,-4.491,-10.968,-14.204,0.542,2.004,-3.33
-0.704,6.795,-7.629,-0.85,0.795,0.829,-0.702,-9.83,-15.17,0.727,2.609,-2.493
-0.158,9.823,-9.303,-0.616,-0.255,-0.717,-0.179,-9.08,-15.178,0.523,2.436,-1.497
0.0,10.545,-9.913,-1.695,-0.324,-2.62,-0.647,-7.904,-15.33,0.22,1.643,-0.561
-0.564,3.2,-8.115,-3.199,0.709,-4.374,-0.807,-8.736,-13.964,0.0,0.82,0.363
-5.158,-6.78,-4.977,-3.369,0.759,-4.374,0.347,-8.742,-15.68,0.0,0.416,0.666
-14.234,-13.699,-1.676,-3.327,0.0,-4.374,-3.55,-11.683,-13.028,-0.392,0.713,1.48
