-1.36,-9.974,-8.879,0.0,-0.151,0.133,-0.881,-9.239,-12.545,0.0,0.0,0.0
-1.961,-10.086,-8.932,0.0,0.0,-0.103,-0.823,-9.243,-12.514,0.0,0.0,0.0
-2.537,-10.149,-8.83,0.0,-0.108,-0.124,-0.818,-9.298,-12.49,0.0,0.0,0.0
-2.7,-10.228,-8.764,0.0,0.0,0.0,-0.739,-9.3,-12.472,0.0,0.0,0.0
-2.606,-10.199,-8.768,0.0,0.0,0.0,-0.749,-9.3,-12.443,0.0,0.0,0.0
-2.545,-9.973,-8.765,0.0,0.0,0.0,-0.575,-9.227,-12.284,0.0,0.139,0.0
-2.442,-10.138,-9.01,0.0,0.117,0.0,-0.583,-9.384,-12.167,0.119,0.554,0.129
-3.436,-11.056,-9.368,0.0,0.13,0.158,-1.14,-9.407,-12.416,0.208,0.435,-0.148
-11.481,-14.273,-8.903,0.441,0.713,1.558,-1.226,-9.827,-12.288,0.328,0.274,-0.727
-15.298,-16.358,-7.504,1.142,1.048,4.357,-1.638,-12.757,-11.635,0.545,0.568,-1.694
-20.98,-14.732,-6.521,0.774,2.317,4.357,-6.243,-13.844,-17.044,1.301,-0.774,-1.893
-11.878,-20.073,-4.151,0.839,-0.784,4.357,1.726,-5.578,-16.403,0.137,-2.528,-0.913
2.788,-5.982,-8.647,2.746,-0.85,4.357,-3.595,-5.739,-17.978,-0.448,-4.026,1.552
2.084,12.358,-13.313,1.502,-0.994,4.357,-4.74,-9.214,-15.301,-0.19,-2.799,4.372
0.116,10.649,-12.028,1.976,-0.944,2.196,0.643,-19.259,-15.622,-0.138,-0.171,4.372
10.469,0.0,-14.998,0.394,-1.512,2.256,9.729,-14.214,-10.635,-0.576,0.0,2.261
-8.047,-20.073,-4.261,-4.289,-0.286,-4.374,3.511,-14.755,-8.843,-0.351,0.0,-3.186
-5.326,2.552,-16.019,1.226,4.042,1.443,-0.211,-11.34,-10.583,0.239,0.415,-4.028
1.762,0.224,-6.226,-1.487,-0.505,1.975,-1.037,-9.723,-13.181,0.681,1.402,-3.43
1.421,7.414,-10.145,-1.092,-1.165,0.165,-0.409,-8.828,-15.587,0.739,2.28,-2.31
3.715,10.215,-10.556,-0.937,-1.054,-2.368,0.591,-8.701,-15.352,0.51,2.488,-1.123
0.795,4.975,-11.58,-2.992,0.975,-4.374,0.865,-8.419,-14.057,0.288,2.505,0.0
-3.733,-7.37,-4.837,-3.714,0.311,-4.374,0.0,-8.782,-13.899,0.0,0.688,0.562
-16.481,-17.086,0.594,-2.967,0.0,-4.374,2.238,-9.32,-13.011,0.0,0.386,1.143
-16.742,-14.089,-2.331,-1.354,0.851,-4.371,-3.325,-11.004,-12.852,-0.269,0.892,1.259
