-2.639,-9.986,-8.61,0.0,0.0,0.0,-0.593,-9.326,-12.063,0.0,0.0,0.0
-3.017,-10.079,-8.625,0.0,0.0,0.0,-0.674,-9.383,-12.034,0.0,0.0,0.0
-3.376,-10.17,-8.652,0.0,0.0,0.0,-0.776,-9.343,-12.094,0.0,0.0,0.0
-5.649,-11.218,-8.856,0.184,0.0,0.423,-0.714,-9.322,-12.105,0.0,0.0,0.0
-11.958,-14.695,-9.05,0.694,0.522,2.335,-0.709,-9.295,-12.02,0.0,0.0,0.0
-13.047,-14.208,-8.392,0.862,0.702,4.357,-0.617,-9.409,-12.148,0.0,0.28,0.124
-14.437,-9.579,-6.636,0.925,0.522,4.357,-0.893,-9.39,-12.216,0.206,0.322,0.0
-12.667,-9.49,-5.831,0.948,-0.173,4.357,-0.796,-9.616,-12.008,0.324,0.282,-0.358
-5.221,-5.795,-7.048,1.677,-1.008,4.357,-1.627,-10.877,-11.919,0.429,0.466,-1.03
-0.372,6.006,-8.368,1.381,-0.225,4.357,-5.405,-16.401,-13.272,0.962,0.39,-1.627
-1.654,11.113,-10.643,0.924,0.542,2.858,3.483,-9.301,-17.234,0.0,-1.085,-1.125
-3.236,12.096,-7.564,0.343,-0.677,2.381,-1.95,-4.673,-15.469,-0.47,-3.112,0.0
5.869,9.864,-13.217,1.435,-1.832,2.225,-0.958,-5.494,-14.736,-0.593,-2.714,1.731
5.063,-11.598,-12.037,-2.366,-1.402,-4.374,-0.662,-7.878,-15.643,-0.556,-2.2,3.008
-9.396,-2.498,-10.336,0.628,1.914,0.822,0.0,-11.759,-14.156,-0.258,-0.539,3.813
8.009,0.615,-9.787,-1.695,-0.842,2.301,1.724,-15.361,-13.436,-0.674,0.169,2.735
3.869,5.911,-8.111,-1.344,0.39,-0.384,-0.278,-13.065,-6.881,-0.587,-0.655,-1.159
2.765,8.824,-9.581,-0.455,-0.102,-2.409,-1.779,-11.697,-8.507,0.199,-0.549,-2.543
0.449,6.832,-11.366,-1.922,0.205,-4.374,-1.148,-10.216,-11.86,0.663,0.587,-2.381
-3.381,-6.496,-8.326,-4.095,0.527,-4.374,-0.425,-9.391,-14.883,0.783,2.224,-1.76
-8.691,-14.785,-4.304,-2.92,0.656,-4.374,0.469,-8.742,-14.909,0.796,2.59,-1.327
-11.962,-18.054,-1.141,-1.147,0.594,-4.374,0.925,-8.357,-14.82,0.631,2.216,-0.828
-7.166,-12.73,-3.301,-0.833,-0.348,-2.854,0.778,-8.424,-14.148,0.39,1.401,-0.397
-5.646,-16.338,-5.284,-1.576,1.523,-3.911,-0.419,-7.796,-13.316,0.0,0.0,0.0
-10.383,-14.232,-6.912,0.311,0.352,-1.93,-3.344,-8.834,-14.508,0.0,0.143,0.766
