-2.106,-10.144,-8.782,0.0,-0.128,0.0,-0.648,-9.203,-12.645,0.0,0.0,0.0
-2.336,-10.223,-8.563,0.0,-0.131,0.0,-0.678,-9.227,-12.625,0.0,0.0,0.0
-2.204,-10.053,-8.57,0.0,0.0,0.0,-0.729,-9.189,-12.651,0.0,0.0,0.0
-2.022,-10.206,-8.704,0.0,0.0,0.0,-0.658,-9.191,-12.692,0.0,0.0,0.0
-2.12,-10.077,-8.734,0.0,0.0,0.0,-0.665,-9.186,-12.676,0.0,0.0,0.0
-2.141,-10.047,-8.801,0.0,0.0,0.0,-0.668,-9.184,-12.67,0.0,0.0,0.0
-2.1,-10.088,-8.678,0.0,0.0,0.0,-0.67,-9.208,-12.649,0.0,0.0,0.0
-2.35,-10.255,-8.663,0.0,0.0,0.0,-0.53,-9.271,-12.609,0.0,0.369,0.0
-7.18,-12.464,-8.701,0.216,0.258,0.531,-0.844,-9.201,-12.805,0.108,0.557,0.0
-13.703,-17.64,-7.204,0.66,1.096,3.767,-0.843,-9.699,-12.587,0.176,0.429,-0.587
-16.658,-18.322,-6.598,0.84,1.418,4.357,-0.995,-11.948,-12.534,0.303,0.666,-1.583
-13.369,-18.293,-5.551,0.498,-0.985,4.357,-6.194,-18.412,-14.262,0.759,0.429,-2.193
-1.731,-11.609,-8.386,2.129,-1.841,4.357,5.692,-7.185,-20.592,0.0,-1.793,-1.164
-0.238,8.161,-9.195,1.897,-1.186,4.357,-3.181,-4.002,-18.112,-0.775,-2.995,0.963
-1.425,10.551,-7.38,2.946,-1.753,2.985,-3.696,-6.654,-14.991,-0.958,-2.433,3.896
2.907,11.326,-14.616,2.076,-0.595,1.791,0.517,-13.656,-13.846,-0.528,-1.028,4.372
8.516,-11.89,-11.917,-1.058,-1.605,-4.374,6.834,-16.649,-9.542,0.0,1.223,3.595
-14.799,-3.392,-9.052,1.218,1.803,-0.366,3.182,-13.273,-8.139,-0.292,-1.6,-2.384
2.248,-2.275,-11.078,-2.007,-0.771,3.186,-0.424,-11.907,-9.001,0.306,-1.158,-4.357
2.539,5.511,-8.856,-1.842,0.132,0.615,-1.148,-9.776,-14.739,0.563,0.434,-3.624
2.674,9.71,-9.909,-1.73,-0.171,-1.763,-1.429,-9.523,-16.223,0.435,2.689,-2.482
2.351,8.034,-9.852,-2.401,0.7,-4.374,0.0,-9.033,-15.915,0.198,2.73,-1.364
-9.115,-4.593,-2.209,-3.734,0.829,-4.374,-0.297,-8.403,-15.634,-0.255,1.676,-0.425
-10.964,-9.265,-3.165,-0.996,0.78,-4.374,-1.364,-8.645,-13.73,-0.211,0.516,0.501
-10.798,-9.945,-3.661,-1.504,0.486,-4.374,2.34,-10.899,-15.706,0.0,0.555,0.781
