-1.469,-10.214,-8.412,-0.371,-0.418,1.023,-0.132,-9.396,-11.957,0.0,-0.102,-0.126
-0.979,-9.962,-8.204,-0.296,-0.635,0.572,-0.265,-9.357,-11.95,0.0,0.0,0.0
-1.166,-9.659,-8.083,-0.256,-0.482,0.185,-0.222,-9.365,-12.076,0.0,0.0,0.0
-1.455,-9.854,-8.078,0.0,-0.342,-0.18,-0.266,-9.395,-11.848,0.0,0.0,0.0
-1.807,-10.197,-8.172,0.0,-0.162,-0.401,-0.233,-9.384,-12.021,0.0,0.0,0.0
-2.242,-10.338,-8.332,0.0,0.0,-0.32,-0.103,-9.343,-12.065,0.0,0.0,0.0
-2.564,-10.197,-8.544,0.104,0.147,0.0,0.0,-9.295,-11.986,0.0,0.0,0.0
-2.548,-9.833,-8.736,0.0,0.258,0.0,-0.182,-9.36,-11.829,0.0,0.168,0.225
-5.586,-11.368,-7.287,0.413,0.641,0.444,-0.203,-9.656,-11.981,0.14,0.377,0.342
-18.605,-17.474,-4.701,1.652,2.825,2.75,-3.036,-9.799,-11.779,0.227,0.0,-0.13
-21.093,-20.073,-5.402,0.0,2.374,4.357,-4.22,-11.387,-15.891,0.615,-0.269,-1.464
-21.093,-20.073,-4.114,-0.805,0.783,4.357,-6.443,-12.92,-20.322,1.399,-3.088,-3.031
7.414,-17.21,-7.34,0.953,1.276,4.357,-8.717,-2.668,-20.544,-0.594,-4.353,0.58
7.963,5.218,-13.182,-0.565,0.732,3.459,-1.072,-12.61,-16.894,-0.541,-1.866,4.121
9.646,8.967,-7.603,-1.105,-1.52,0.214,0.871,-18.288,-17.504,-1.537,-3.274,4.372
9.311,-20.073,-0.909,0.42,-0.31,-4.374,5.856,-13.853,-12.671,-1.171,0.398,3.534
-11.292,5.252,-20.247,1.169,2.539,-1.396,3.862,-9.821,-5.765,-0.428,-0.436,-0.185
-3.901,1.226,-8.074,-1.167,-1.742,2.188,1.636,-8.209,-7.234,0.429,-0.512,-1.395
2.607,2.65,-8.74,-0.715,-1.424,1.016,-0.8,-10.436,-11.042,0.864,0.958,-2.118
1.546,4.976,-6.711,-1.384,-0.326,-0.322,-2.162,-12.78,-13.667,1.134,1.612,-2.548
2.448,5.042,-8.344,-1.495,0.98,-2.472,-2.609,-12.606,-15.352,1.313,2.093,-2.402
-1.889,-1.647,-8.962,-2.064,2.797,-4.374,-1.528,-10.678,-16.038,1.002,1.722,-1.787
-12.965,-11.896,-7.072,-1.497,1.74,-4.374,0.442,-8.06,-17.27,0.205,2.044,-0.68
-9.542,-16.934,-5.947,-0.426,-1.289,-4.374,-1.892,-7.911,-17.571,-0.128,3.103,0.395
-5.204,-20.073,-4.087,-1.766,1.534,-4.374,0.0,-12.568,-14.066,-0.696,-0.966,1.157
