-1.494,-10.046,-8.349,-0.128,-0.218,0.691,-0.486,-9.299,-11.997,0.0,0.0,0.0
-1.168,-9.53,-8.174,-0.208,-0.581,0.25,-0.425,-9.336,-12.081,0.0,0.0,0.0
-1.416,-9.903,-8.09,0.0,-0.393,0.0,-0.457,-9.338,-12.095,0.0,0.0,0.0
-1.766,-10.005,-8.37,0.0,0.0,-0.139,-0.404,-9.346,-12.05,0.0,0.0,0.0
-1.804,-9.874,-8.398,0.0,-0.118,-0.17,-0.649,-9.368,-11.91,0.0,0.0,0.0
-1.856,-10.129,-8.44,0.0,0.0,-0.252,-0.588,-9.389,-12.004,0.0,0.0,0.0
-2.251,-10.22,-8.476,0.0,0.0,-0.175,-0.522,-9.338,-11.951,0.0,0.0,0.0
-2.011,-10.159,-8.494,0.0,0.0,0.0,-0.603,-9.348,-11.86,0.0,0.0,0.0
-2.534,-10.139,-8.032,0.0,0.257,0.138,0.0,-9.747,-12.343,0.0,0.415,0.225
-10.76,-14.506,-4.092,1.595,1.989,1.718,-1.597,-9.623,-11.457,0.143,0.346,0.0
-21.093,-20.073,-5.757,1.475,2.411,4.357,-2.36,-10.016,-12.634,0.391,-0.297,-0.82
-21.093,-20.073,-5.331,0.0,1.765,4.357,-5.871,-18.727,-15.093,1.544,0.125,-2.085
-2.892,-20.073,-6.089,1.011,0.725,4.357,-1.001,-9.164,-20.721,1.549,-4.348,-2.176
7.116,0.195,-11.218,0.692,1.615,4.357,-6.784,-2.289,-20.117,-0.245,-4.353,1.237
9.661,12.552,-12.945,0.0,0.161,1.922,0.893,-10.739,-15.303,-0.225,-1.504,4.372
12.438,-1.422,-11.303,-1.51,-2.514,-1.218,2.662,-19.259,-14.542,-1.154,-0.884,4.372
-16.902,-9.989,3.087,-2.987,-2.607,-4.374,10.732,-12.253,-6.129,-0.905,1.754,2.056
-11.894,5.799,-11.387,0.34,1.795,0.0,1.587,-11.243,-6.363,0.649,-0.301,-2.661
1.546,2.509,-6.139,-0.741,-0.25,1.921,-0.375,-9.132,-10.562,0.805,-0.23,-2.544
1.41,4.188,-7.467,-0.71,-1.154,0.539,0.464,-10.915,-14.73,0.774,1.984,-2.31
-0.267,4.769,-7.514,-1.245,0.504,-0.645,0.327,-11.683,-14.969,0.887,3.521,-2.127
-1.595,3.925,-7.487,-0.939,0.94,-2.676,0.535,-9.877,-15.081,0.709,2.635,-1.51
-4.216,-0.609,-7.566,-1.63,0.81,-4.374,-0.644,-8.601,-15.36,0.542,1.632,-0.59
-12.4,-11.105,-5.305,-1.126,0.618,-4.374,-9.611,-7.372,-19.007,-0.211,1.44,0.95
-9.237,-14.724,-7.388,-2.106,0.747,-4.374,0.26,-11.48,-11.947,-0.417,1.292,1.628
