0.53,-9.374,-8.732,-0.156,0.382,0.716,-0.417,-9.295,-11.93,0.0,0.0,-0.101
-0.368,-9.873,-8.684,0.0,-0.165,-0.244,-0.679,-9.277,-11.872,0.0,0.0,0.0
-0.121,-10.287,-8.897,0.0,0.0,-0.188,-0.879,-9.474,-12.112,0.0,0.0,0.115
-1.043,-10.207,-8.625,0.0,0.101,0.0,-1.123,-9.336,-11.884,0.183,0.125,0.133
-2.338,-10.309,-9.053,0.0,0.0,-0.437,-1.132,-9.379,-11.553,0.133,0.139,0.0
-2.143,-10.402,-8.704,-0.288,-0.316,0.0,-1.215,-9.48,-11.584,0.0,0.0,0.0
-1.225,-10.309,-7.983,-0.163,-0.239,0.0,-1.326,-9.393,-11.396,0.0,0.0,0.0
-1.489,-10.15,-8.281,0.0,-0.176,0.0,-0.917,-9.287,-11.486,0.0,0.0,0.0
-1.956,-10.392,-8.208,0.0,-0.321,0.0,-0.743,-9.653,-12.26,0.0,0.524,0.267
-10.161,-13.995,-6.374,1.159,0.288,1.168,-4.018,-9.85,-10.808,0.0,-0.106,-0.385
-21.093,-20.073,-3.543,1.796,1.04,4.357,-4.023,-11.251,-14.458,0.518,-0.718,-1.742
-21.093,-20.073,-2.423,0.338,0.784,4.357,-5.064,-18.303,-16.449,2.563,-2.273,-3.074
-1.627,-20.073,-5.366,1.66,0.0,4.357,0.99,-7.858,-19.29,1.266,-4.353,-2.371
9.582,-0.411,-13.222,1.429,1.928,4.357,-0.96,-2.514,-16.397,0.192,-3.302,1.543
7.518,9.549,-12.593,0.0,-0.491,1.477,0.0,-6.11,-13.663,-0.221,-0.97,4.372
18.132,-1.082,-10.656,-0.181,0.0,0.0,-0.366,-19.259,-12.277,-1.673,-0.513,4.372
-21.093,-13.785,1.565,-0.377,-1.395,-4.374,14.703,-15.671,-10.208,-1.362,-1.706,3.597
-16.43,5.741,-9.056,-0.895,1.189,1.101,4.458,-12.132,-8.006,0.996,0.0,-3.177
-1.074,3.343,-10.723,-0.454,-1.158,2.836,-0.291,-10.348,-12.178,0.909,1.777,-3.193
0.748,3.928,-8.501,-1.932,-1.571,0.895,-1.213,-10.042,-14.216,1.035,2.723,-2.259
0.963,5.049,-6.528,-1.356,-0.723,0.0,0.0,-10.392,-14.775,0.765,2.147,-1.456
1.061,4.826,-8.777,-0.979,0.476,-1.924,0.463,-10.466,-16.28,0.633,2.56,-0.691
1.042,-0.393,-10.384,-2.267,1.538,-4.374,0.877,-9.858,-16.848,0.223,1.983,-0.118
-8.066,-15.688,-7.341,-2.745,3.835,-4.374,-0.909,-6.633,-18.969,-0.268,2.891,0.389
-14.459,-19.072,-5.247,-1.451,0.865,-4.374,-1.442,-15.671,-12.5,-0.547,-1.026,1.353
