-0.432,-9.87,-8.768,0.0,-0.143,0.225,-0.331,-9.32,-12.16,0.0,0.0,0.0
-1.359,-10.147,-8.489,-0.1,-0.183,0.0,-0.373,-9.318,-12.223,0.0,0.0,0.0
-1.575,-10.11,-8.551,0.0,-0.257,-0.107,-0.285,-9.292,-12.245,0.0,0.0,0.0
-1.739,-10.114,-8.454,0.0,0.0,-0.184,-0.198,-9.238,-12.18,0.0,0.0,0.0
-1.919,-10.296,-8.625,0.0,0.126,-0.131,-0.263,-9.258,-12.2,0.0,0.0,0.0
-1.89,-10.183,-8.617,0.0,0.0,0.0,-0.26,-9.296,-12.203,0.0,0.0,0.0
-1.653,-10.041,-8.751,0.0,0.0,0.0,-0.339,-9.292,-12.269,0.0,0.0,0.0
-1.695,-10.121,-8.72,0.0,0.0,0.0,-0.339,-9.233,-12.346,0.0,0.0,0.0
-2.848,-10.207,-8.132,-0.108,0.0,0.129,0.586,-9.398,-12.891,0.0,0.458,0.104
-11.151,-15.3,-4.623,2.21,2.07,2.952,-0.741,-9.464,-12.144,0.102,0.495,0.0
-21.093,-17.761,-5.294,1.616,1.928,4.357,-1.573,-9.742,-12.503,0.258,0.0,-0.511
-21.093,-20.073,-6.463,0.282,2.526,4.357,-1.4,-15.532,-16.269,0.882,-0.145,-1.53
-13.148,-20.073,-6.072,0.0,0.424,4.357,-2.608,-8.797,-25.123,1.069,-4.184,-2.567
9.236,-4.987,-8.404,1.627,1.379,4.357,-8.661,-4.345,-25.84,-1.187,-4.353,1.641
6.746,7.48,-14.998,-0.351,1.546,2.076,0.0,-18.907,-19.852,-0.955,-1.625,4.372
16.357,7.974,-6.914,-0.369,-1.779,-0.222,6.555,-19.259,-15.975,-2.218,-1.844,4.372
10.738,-18.078,-6.495,-1.406,-2.321,-4.374,8.102,-12.033,-5.322,-1.196,-1.497,0.829
-9.549,-1.544,-9.462,1.74,1.567,-1.423,5.56,-7.208,-6.131,0.141,-1.278,-1.395
-3.809,-0.265,-9.922,-2.33,0.253,2.75,0.989,-9.186,-9.288,0.809,0.889,-1.958
2.228,4.799,-9.873,-0.306,-0.828,0.849,-2.099,-11.876,-12.556,1.161,1.253,-2.482
1.093,5.996,-10.89,-1.196,-0.374,-1.33,-1.466,-13.637,-16.549,1.397,1.94,-2.644
-0.988,2.319,-10.548,-2.207,0.756,-4.374,-1.362,-13.386,-18.796,1.129,2.572,-2.293
-7.614,-9.989,-3.462,-2.506,0.734,-4.374,-1.567,-10.015,-18.717,0.523,2.683,-1.322
-12.347,-15.46,-6.381,-1.157,0.319,-4.374,0.1,-7.907,-18.259,0.0,2.941,-0.251
-13.398,-16.687,-4.074,-1.12,-0.913,-4.374,-19.006,-7.231,-20.176,-1.624,0.467,1.67
