0.0,-9.849,-8.489,0.0,0.0,0.533,-0.587,-9.365,-12.12,0.0,0.0,0.0
-1.202,-10.07,-8.563,0.0,-0.22,0.0,-0.525,-9.28,-12.118,0.0,0.0,0.0
-1.487,-10.137,-8.501,0.0,-0.27,0.0,-0.563,-9.249,-12.184,0.0,0.0,0.0
-1.186,-10.047,-8.315,0.0,-0.117,0.0,-0.512,-9.323,-12.144,0.0,0.0,0.0
-1.647,-10.201,-8.449,0.0,0.0,0.0,-0.547,-9.34,-12.105,0.0,0.0,0.0
-1.322,-10.156,-8.379,0.0,0.199,0.0,-0.537,-9.342,-12.016,0.0,0.0,0.0
-1.453,-10.04,-8.603,0.0,0.0,0.0,-0.644,-9.389,-12.094,0.0,0.0,0.0
-1.553,-10.061,-8.564,0.0,0.109,0.0,-0.649,-9.281,-11.902,0.0,0.0,0.0
-2.775,-10.83,-7.856,0.0,0.369,0.16,-0.886,-9.465,-12.302,0.12,0.551,0.22
-12.902,-14.368,-6.39,1.091,0.909,2.0,-1.724,-9.363,-11.297,0.206,0.13,0.0
-21.093,-20.073,-4.618,2.343,1.698,4.357,-2.75,-10.124,-12.949,0.451,-0.48,-0.895
-21.093,-20.073,-4.888,0.312,1.943,4.357,-8.254,-18.197,-16.166,2.047,0.158,-2.415
-5.26,-20.073,-2.97,1.107,0.558,4.357,-11.016,-5.004,-21.754,0.372,-4.353,-1.788
6.774,-0.875,-9.404,0.331,2.188,4.357,-3.025,-10.179,-18.904,-0.418,-2.774,3.715
12.723,12.146,-11.152,0.229,-0.379,1.918,-1.391,-19.259,-18.854,-1.413,-2.114,4.372
18.132,-11.024,-8.508,-1.583,-1.984,-4.083,6.355,-17.985,-13.785,-1.169,0.157,4.372
-13.128,-8.594,-2.72,2.193,-0.456,-2.967,4.673,-10.648,-5.266,-0.218,0.139,-0.471
-7.679,2.056,-9.694,-1.667,-0.944,1.983,0.699,-7.425,-6.452,0.383,-0.918,-1.194
4.49,1.958,-9.539,-0.992,-1.943,1.706,0.465,-9.477,-10.886,0.817,0.489,-1.652
3.087,3.046,-8.844,-1.972,0.644,-0.294,-1.685,-12.243,-13.426,1.237,1.794,-2.179
1.245,2.096,-7.85,-2.371,1.146,-2.787,-1.481,-13.666,-15.922,1.54,2.477,-2.482
-2.653,-3.361,-7.966,-2.343,2.227,-4.374,-0.601,-11.627,-16.699,1.195,2.117,-2.286
-11.138,-14.821,-4.199,-1.027,1.589,-4.374,-0.865,-9.638,-17.835,0.547,1.158,-1.667
-10.633,-16.123,-8.684,-1.292,0.0,-4.374,-8.298,-8.109,-18.374,-0.274,2.51,0.112
-7.785,-20.073,-3.885,-0.741,1.865,-4.374,2.202,-16.922,-10.198,-0.469,0.282,1.653
