-2.004,-10.149,-8.552,0.0,0.0,0.0,-0.236,-9.328,-12.005,0.0,0.0,0.0
-1.932,-10.162,-8.674,0.0,0.0,0.0,-0.194,-9.35,-11.923,0.0,0.0,0.0
-1.943,-10.127,-8.625,0.0,0.0,0.0,-0.185,-9.325,-11.914,0.0,0.0,0.0
-2.046,-10.071,-8.598,0.0,0.0,0.0,-0.192,-9.356,-11.95,0.0,0.0,0.0
-1.914,-10.09,-8.557,0.0,0.0,0.0,-0.228,-9.34,-11.951,0.0,0.0,0.0
-1.859,-10.089,-8.612,0.0,0.0,0.0,-0.263,-9.354,-11.882,0.0,0.0,0.0
-1.718,-10.022,-8.604,0.0,0.0,0.0,-0.193,-9.323,-11.785,0.0,0.0,0.0
-1.682,-10.011,-8.75,0.0,0.0,0.0,0.511,-9.167,-12.254,0.0,0.105,0.0
-4.079,-10.744,-7.317,0.0,0.217,0.177,-0.169,-9.365,-12.2,0.0,0.399,0.165
-14.746,-15.248,-5.394,1.102,2.078,2.013,-1.407,-9.757,-11.933,0.233,0.181,0.0
-21.093,-20.073,-4.488,2.199,1.557,4.357,-3.162,-10.945,-14.395,0.66,-0.255,-1.017
-21.093,-20.073,-4.661,0.0,1.248,4.357,-9.641,-14.831,-19.85,1.885,-2.34,-2.767
-4.97,-20.073,-3.851,1.488,0.627,4.357,-12.211,-2.623,-22.973,-0.532,-4.353,0.0
11.264,-1.831,-11.491,1.729,2.23,4.357,-2.628,-13.487,-19.212,-0.653,-2.877,4.372
15.548,10.111,-12.409,-0.534,-0.473,2.332,-0.199,-19.259,-20.793,-1.88,-2.85,4.372
16.451,-9.799,-8.727,-1.513,-1.832,-4.374,8.891,-14.893,-10.617,-1.405,0.0,3.458
-21.093,-7.76,1.563,-0.158,-2.647,-3.156,5.376,-9.547,-4.958,0.0,-0.116,-1.166
-10.928,3.803,-14.185,-1.183,2.289,1.221,1.939,-7.959,-7.413,0.543,0.0,-1.715
2.01,1.229,-8.157,-1.173,-1.222,1.956,-0.988,-10.741,-10.82,1.016,0.856,-2.231
2.895,4.833,-9.645,-1.1,-0.692,0.187,-0.373,-14.251,-15.106,1.382,1.582,-2.64
1.973,3.142,-8.43,-1.603,0.306,-2.705,-0.774,-13.313,-17.794,1.367,2.807,-2.373
-0.912,-4.664,-7.427,-2.777,2.061,-4.374,-1.327,-10.844,-18.878,0.711,2.792,-1.685
-17.781,-15.269,-4.755,-0.145,1.416,-4.374,-2.391,-8.13,-18.076,0.215,1.829,-0.602
-16.953,-17.168,-7.432,-0.824,-1.58,-4.374,-6.893,-8.715,-16.666,-0.242,2.929,1.006
-8.69,-18.272,-1.869,-2.982,0.0,-4.374,-1.345,-11.22,-13.418,-0.6,-0.185,1.139
