-1.863,-10.089,-8.543,0.0,0.0,0.0,-0.462,-9.411,-11.74,0.0,0.0,0.0
-1.824,-10.143,-8.543,0.0,0.0,0.0,-0.454,-9.387,-11.749,0.0,0.0,0.0
-1.827,-10.109,-8.516,0.0,0.0,0.0,-0.423,-9.403,-11.752,0.0,0.0,0.0
-1.926,-10.138,-8.594,0.0,0.0,0.0,-0.459,-9.397,-11.743,0.0,0.0,0.0
-1.789,-10.086,-8.603,0.0,0.0,0.0,-0.5,-9.397,-11.768,0.0,0.0,0.0
-1.826,-10.079,-8.655,0.0,0.0,0.0,-0.48,-9.35,-11.678,0.0,0.0,0.0
-1.866,-10.082,-8.689,0.0,0.0,0.0,0.212,-9.47,-11.805,0.0,0.0,0.0
-2.088,-10.246,-8.637,0.0,0.0,0.0,-0.309,-9.41,-11.892,0.0,0.217,0.233
-5.069,-11.352,-7.829,0.276,0.133,0.835,-1.589,-9.668,-12.082,0.271,0.226,0.111
-14.648,-15.697,-6.552,0.786,0.309,2.85,-3.519,-10.599,-12.919,0.639,-0.336,-0.895
-21.093,-19.904,-7.028,1.401,1.353,4.357,-8.272,-17.594,-14.727,1.879,-0.196,-2.663
-20.134,-16.882,-5.3,1.214,0.651,4.357,-10.614,-1.955,-24.143,0.184,-4.353,-1.835
-6.754,-20.073,-5.457,1.799,0.794,4.357,-3.974,-9.81,-17.708,0.103,-1.65,3.684
1.718,-4.679,-4.267,1.439,1.398,4.357,-1.707,-19.259,-21.149,-1.643,-3.644,4.372
10.608,10.207,-13.05,0.231,1.133,3.522,5.449,-17.272,-13.404,-1.499,1.548,4.372
16.285,5.555,-8.999,-0.137,-1.892,0.355,5.013,-11.439,-4.213,-0.958,-0.33,0.711
4.155,-19.901,-11.527,-0.867,-1.738,-4.374,2.716,-6.619,-5.658,0.27,-1.359,-1.154
-8.948,3.991,-13.494,1.901,-2.306,-1.076,1.846,-9.073,-11.192,0.797,0.523,-1.525
-4.575,2.644,-7.967,-2.187,0.0,2.557,-1.086,-12.275,-12.974,1.233,2.14,-2.12
9.285,3.671,-7.481,-1.295,-1.23,1.842,-0.333,-13.57,-14.797,1.64,2.217,-2.4
2.324,3.458,-8.925,-2.441,0.596,-0.233,1.063,-12.345,-16.584,1.499,2.898,-1.862
2.29,2.512,-7.139,-1.836,0.447,-1.667,1.044,-11.401,-18.114,1.092,2.769,-0.996
1.092,-1.231,-8.362,-1.889,1.688,-4.157,-0.35,-8.642,-19.512,0.642,2.479,-0.643
-7.295,-11.796,-8.372,-1.229,3.396,-4.374,5.755,-19.259,-19.903,-1.205,-2.286,0.898
-14.562,-19.63,-10.332,-0.977,0.984,-4.374,0.433,-9.524,-14.038,-0.654,-0.434,0.737
