-0.862,-10.629,-9.353,-0.192,0.218,1.485,-0.36,-9.25,-12.264,0.0,0.0,-0.144
0.399,-9.321,-8.854,-0.221,-0.375,0.743,-0.103,-9.323,-12.18,0.0,0.0,-0.143
-0.493,-9.629,-8.533,0.0,-0.132,-0.14,0.135,-9.308,-12.13,0.0,0.0,0.0
-1.35,-10.199,-8.448,0.0,-0.347,-0.353,0.169,-9.312,-11.966,0.0,0.0,0.0
-1.797,-10.138,-8.455,0.0,-0.175,-0.448,-0.142,-9.302,-11.871,0.0,0.0,0.13
-2.024,-10.104,-8.372,0.0,0.0,-0.453,-0.261,-9.341,-11.941,0.0,0.0,0.117
-2.308,-10.246,-8.604,0.0,0.252,-0.382,-0.332,-9.359,-11.757,0.0,0.0,0.106
-2.404,-10.347,-8.641,0.0,0.233,-0.182,-0.204,-9.3,-11.72,0.0,0.0,0.137
-2.599,-10.113,-8.709,-0.123,0.218,0.0,0.13,-9.596,-12.09,0.0,0.383,0.357
-12.238,-15.709,-2.632,1.449,2.067,1.858,-2.298,-9.665,-11.194,0.1,0.507,0.363
-21.093,-20.073,-6.556,1.985,2.484,4.357,-3.326,-9.784,-12.215,0.247,-0.442,-0.668
-21.093,-20.073,-6.929,-0.835,2.01,4.357,-2.402,-16.498,-16.453,1.087,0.185,-2.011
0.869,-20.073,-7.157,1.015,0.341,4.357,-4.456,-11.861,-19.118,2.199,-3.711,-2.539
8.102,-0.742,-10.96,0.277,2.381,4.357,-6.964,-3.007,-20.154,0.315,-4.353,0.0
8.51,11.808,-9.897,-0.618,-0.312,1.653,-0.606,-6.293,-16.826,0.0,-2.552,4.372
10.354,2.085,-9.168,0.263,0.0,0.58,1.245,-19.259,-15.95,-1.086,0.887,4.372
-10.597,-10.06,-2.926,0.0,0.0,-4.374,8.019,-14.705,-7.498,-1.684,0.0,3.4
-11.146,6.029,-14.052,-1.07,-0.608,0.0,2.885,-11.182,-5.756,0.698,-1.045,-2.393
2.173,2.169,-8.052,-1.726,-2.116,1.972,0.367,-10.455,-11.317,0.874,0.879,-2.804
1.566,4.621,-8.949,-1.52,-0.431,0.207,-0.417,-11.321,-12.906,1.006,1.519,-2.543
0.365,5.303,-6.24,-1.583,0.293,-1.29,0.363,-11.146,-15.333,0.888,2.515,-1.911
-1.25,2.534,-6.272,-0.779,1.179,-3.458,0.204,-10.131,-15.43,0.503,2.986,-1.143
-5.502,-5.031,-5.799,-1.811,1.693,-4.374,-0.245,-8.977,-16.096,0.326,1.997,-0.452
-14.27,-12.424,-6.038,0.0,0.888,-4.374,0.571,-8.239,-17.156,-0.257,1.715,0.188
-12.381,-17.014,-7.267,-0.52,0.18,-4.374,-16.41,-7.191,-16.239,-1.085,2.444,1.67
