-1.512,-10.171,-8.275,0.0,-0.202,0.0,-0.446,-9.308,-12.254,0.0,0.0,0.0
-1.733,-10.137,-8.695,0.0,0.0,0.0,-0.421,-9.323,-12.281,0.0,0.0,0.0
-1.809,-10.265,-8.779,0.0,0.0,0.0,-0.382,-9.332,-12.276,0.0,0.0,0.0
-1.701,-10.17,-8.866,0.0,0.0,0.0,-0.483,-9.325,-12.282,0.0,0.0,0.0
-1.735,-10.158,-8.829,0.0,0.0,0.0,-0.611,-9.336,-12.157,0.0,0.0,0.0
-1.848,-10.187,-8.946,0.0,0.0,0.0,-0.595,-9.312,-12.107,0.0,0.0,0.0
-1.755,-10.062,-8.752,0.0,0.169,0.0,-0.616,-9.306,-12.078,0.0,0.0,0.0
-1.605,-10.095,-8.787,0.0,0.0,0.0,-0.364,-9.307,-12.039,0.0,0.355,0.112
-2.465,-10.328,-8.099,-0.111,0.0,0.0,-0.769,-9.352,-12.876,0.137,0.466,0.181
-11.059,-13.344,-6.408,0.284,0.942,1.7,-1.836,-9.428,-12.47,0.291,0.0,-0.392
-21.093,-20.073,-3.478,1.639,1.372,4.357,-2.779,-12.682,-15.962,0.721,-0.135,-1.454
-21.093,-20.073,-6.547,0.839,1.59,4.357,-5.044,-11.832,-20.05,1.59,-2.629,-2.518
-9.735,-20.073,-7.677,1.531,-0.202,4.357,-7.834,-4.012,-21.404,-0.574,-4.353,0.0
4.707,-6.683,-10.062,1.417,0.984,4.357,-1.86,-11.188,-16.11,-0.904,-2.132,3.759
11.027,9.865,-13.512,0.784,0.336,3.86,-1.208,-18.027,-16.435,-1.508,-2.583,4.372
18.132,2.52,-16.301,0.0,-2.852,-0.431,5.453,-15.843,-11.634,-0.947,0.77,4.372
-17.984,-20.073,8.201,-1.803,-1.994,-4.374,8.232,-10.424,-5.798,-0.131,-0.93,-0.378
-12.747,4.339,-15.603,-1.207,1.892,0.18,1.637,-7.624,-8.285,0.618,-0.891,-1.908
2.653,-2.164,-7.754,-1.284,-1.743,3.048,-0.871,-10.541,-11.779,1.043,1.867,-1.935
3.439,4.384,-10.596,-1.601,-0.456,0.786,-1.903,-13.801,-13.948,1.454,1.939,-2.355
2.433,5.507,-9.006,-2.408,0.887,-1.804,-2.099,-13.965,-17.121,1.499,2.07,-2.309
-1.233,-1.79,-7.564,-2.984,2.409,-4.374,-1.502,-9.282,-17.81,0.892,1.879,-2.06
-13.276,-16.623,-5.539,-2.396,2.786,-4.374,0.901,-7.66,-18.698,0.0,2.653,-0.372
-14.91,-17.592,-5.621,-0.81,0.151,-4.374,-20.497,-8.57,-20.739,-1.019,1.717,1.542
-12.773,-20.073,-3.175,-1.435,-0.932,-4.374,-2.666,-9.569,-10.029,-0.325,1.547,1.539
