-1.601,-9.858,-8.111,-0.122,-0.447,0.0,-0.357,-9.385,-12.038,0.0,0.0,0.0
-1.651,-10.082,-8.072,0.0,-0.256,-0.21,-0.148,-9.299,-11.981,0.0,0.0,-0.139
-1.887,-10.12,-8.531,0.0,0.0,-0.328,0.206,-9.287,-11.949,0.0,0.0,0.0
-2.239,-10.241,-8.463,0.0,-0.118,-0.262,-0.125,-9.427,-11.627,0.0,0.112,0.0
-2.3,-10.254,-8.556,0.0,0.0,-0.112,0.161,-9.259,-12.191,0.0,0.0,0.0
-2.18,-10.071,-8.667,0.0,0.0,0.0,0.0,-9.211,-11.872,0.0,0.0,0.0
-1.866,-10.053,-8.787,0.0,0.183,0.119,0.0,-9.269,-11.645,0.0,0.0,0.166
-1.628,-10.116,-9.013,0.0,0.147,0.0,0.554,-9.41,-11.939,0.0,0.242,0.312
-5.583,-12.143,-5.982,0.294,0.972,0.627,-1.597,-9.833,-11.983,0.132,0.581,0.361
-21.093,-19.209,-4.607,1.823,2.939,3.784,-2.833,-10.072,-12.39,0.418,-0.318,-0.617
-21.093,-20.073,-6.275,0.339,2.888,4.357,-4.509,-17.717,-16.432,1.423,0.0,-2.08
-14.387,-20.073,-2.63,0.567,0.409,4.357,-5.914,-7.759,-19.694,0.474,-4.353,-2.135
3.632,-7.863,-8.23,1.452,1.905,4.357,-3.636,-9.648,-21.015,-0.84,-3.495,3.493
3.991,4.69,-13.033,-0.237,1.119,3.197,-2.846,-19.259,-18.895,-1.277,-0.967,4.372
17.888,6.744,-11.226,-1.409,-0.115,2.846,3.761,-18.898,-11.857,-1.731,-1.25,4.225
-18.037,-13.717,-4.227,0.407,-1.23,-4.374,8.455,-10.843,-8.081,-0.804,-1.219,0.0
-7.302,5.176,-18.416,1.226,1.765,-0.377,2.8,-6.432,-5.744,0.0,-0.118,-1.018
-1.893,0.521,-7.586,-2.518,-0.532,2.43,1.205,-9.548,-9.432,0.766,0.647,-1.586
4.478,5.555,-10.779,-0.691,-1.008,1.163,-1.855,-13.947,-12.206,1.36,1.463,-2.465
1.942,5.191,-10.153,-1.463,0.829,-1.162,-1.099,-14.865,-15.702,1.594,1.397,-2.991
0.559,3.568,-10.143,-1.371,1.467,-3.82,-0.805,-12.299,-19.648,1.015,2.697,-2.35
-3.302,-7.229,-4.743,-1.891,1.465,-4.374,-2.541,-8.175,-18.504,0.173,2.984,-1.283
-10.556,-14.696,-7.097,0.147,1.142,-4.374,-1.214,-7.939,-16.83,-0.288,2.621,0.654
-21.093,-16.042,-4.493,0.37,-0.842,-4.374,-3.387,-18.542,-18.728,-0.562,-0.639,1.916
-3.682,-20.073,-5.855,-1.211,0.457,-4.374,-6.891,-8.634,-9.679,-0.358,0.661,0.591
