-1.507,-10.59,-8.202,-0.333,-0.852,1.227,-0.134,-9.423,-12.062,0.0,0.0,-0.163
-0.958,-9.702,-8.051,-0.288,-0.923,0.771,0.0,-9.317,-11.963,0.0,0.0,0.0
-0.849,-9.513,-7.88,-0.172,-0.433,0.261,0.0,-9.322,-11.959,0.0,0.0,0.0
-1.236,-9.811,-8.09,0.0,-0.35,-0.279,-0.198,-9.336,-11.973,0.0,0.0,0.0
-1.815,-10.118,-8.35,0.0,0.0,-0.46,-0.321,-9.393,-11.804,0.0,0.0,0.0
-2.192,-10.158,-8.478,0.0,0.145,-0.39,-0.33,-9.343,-11.825,0.0,0.0,0.0
-2.288,-10.162,-8.57,0.0,0.191,-0.288,-0.386,-9.415,-11.775,0.0,0.0,0.0
-2.568,-10.116,-8.515,0.0,0.2,-0.182,-0.218,-9.481,-11.826,0.0,0.0,0.0
-4.245,-10.526,-7.925,0.0,0.303,0.307,0.0,-9.543,-12.126,0.0,0.405,0.219
-14.864,-15.75,-3.35,0.918,2.623,2.661,-0.685,-9.644,-11.935,0.0,0.486,0.29
-21.093,-17.074,-7.623,1.161,2.076,4.357,-2.471,-9.736,-12.303,0.218,-0.17,-0.359
-21.093,-20.073,-8.744,-0.43,0.733,4.357,-1.224,-12.59,-16.497,0.453,-0.167,-1.489
-4.676,-20.073,-8.929,0.924,-0.221,4.357,-1.954,-9.593,-21.029,1.048,-3.58,-2.666
3.866,-2.177,-11.455,0.0,1.935,4.357,-8.667,-4.659,-22.121,-0.393,-4.353,0.781
6.425,9.088,-9.279,-0.902,0.0,2.265,-1.587,-14.123,-19.016,-0.376,-2.555,4.372
18.132,2.48,-7.31,-0.119,-1.318,0.0,2.347,-19.259,-17.395,-1.804,-2.134,4.372
-15.64,-13.345,1.634,-0.377,-2.101,-4.284,6.185,-12.964,-7.946,-1.278,0.0,2.604
-13.751,6.217,-12.245,-0.971,1.144,0.761,2.582,-8.299,-5.018,0.131,-0.612,-0.828
0.348,2.882,-12.214,-0.881,-1.943,1.726,2.811,-8.524,-9.803,0.719,0.152,-1.364
0.973,2.115,-8.185,-2.408,-0.877,0.423,-0.452,-11.069,-12.066,1.171,1.69,-1.902
0.742,3.344,-5.975,-2.92,-0.161,-0.532,-0.856,-13.018,-14.921,1.464,2.033,-2.306
-0.77,2.755,-6.497,-1.708,2.065,-2.663,-1.104,-12.566,-16.072,1.607,2.351,-2.011
-6.546,-3.882,-6.208,-2.138,3.488,-4.374,0.57,-10.265,-17.194,1.118,1.136,-1.813
-11.612,-13.176,-4.281,0.0,0.459,-4.374,1.477,-9.456,-19.099,0.123,2.196,-0.892
-11.21,-19.077,-6.532,-0.599,0.527,-4.374,-20.497,-6.955,-19.011,-1.427,3.016,1.518
