-0.579,-10.095,-8.619,0.0,-0.345,0.447,-0.103,-9.292,-12.191,0.0,0.0,0.0
-0.563,-10.03,-8.314,-0.175,0.0,0.103,-0.191,-9.349,-12.145,0.0,0.0,0.0
-1.463,-9.998,-8.56,0.0,-0.403,0.0,-0.254,-9.337,-12.054,0.0,0.0,0.0
-1.307,-10.226,-8.396,0.0,0.0,-0.111,-0.452,-9.323,-12.048,0.0,0.0,0.0
-1.623,-10.177,-8.827,0.0,0.0,0.0,-0.526,-9.386,-11.918,0.0,0.0,0.0
-1.702,-10.217,-8.524,0.0,0.0,0.0,-0.546,-9.3,-11.585,0.0,0.0,0.0
-1.917,-10.145,-8.417,0.0,-0.109,0.0,-0.716,-9.357,-11.904,0.0,0.314,0.127
-1.846,-10.173,-8.312,0.0,0.0,0.125,-1.198,-9.658,-11.621,0.181,0.191,0.0
-8.167,-12.169,-5.576,0.739,0.0,1.168,-2.543,-9.946,-12.6,0.375,-0.336,-0.845
-21.093,-20.073,-0.668,2.27,3.221,4.357,-9.164,-18.532,-15.061,1.817,0.128,-2.227
-21.093,-20.073,-2.462,0.445,2.104,4.357,-0.398,-10.313,-20.924,1.446,-4.353,-2.376
-14.006,-20.073,-5.384,0.997,0.533,4.357,-4.944,-3.838,-19.752,-0.472,-4.353,1.852
5.636,-9.57,-8.402,1.405,1.669,4.357,-0.612,-12.329,-13.951,-0.17,-0.823,4.372
7.92,8.465,-13.684,0.203,0.424,3.176,7.01,-19.259,-16.718,-1.393,-1.97,4.372
16.641,2.195,-11.824,-1.164,-2.283,0.0,9.302,-11.876,-5.513,-0.914,0.699,1.877
-10.521,-14.125,1.973,-2.697,-0.986,-4.374,3.174,-11.342,-7.801,0.751,0.529,-2.798
-12.097,5.315,-12.006,0.0,1.19,0.0,0.0,-9.816,-10.639,1.075,0.759,-3.373
0.0,2.323,-7.398,-0.578,-0.59,2.067,-0.649,-11.373,-14.277,1.109,1.446,-2.655
1.619,5.095,-8.362,-0.739,-1.197,0.787,-0.313,-10.875,-15.379,0.969,2.596,-1.852
0.564,5.518,-8.364,-1.26,0.395,-0.882,-0.114,-10.149,-15.362,0.757,2.059,-0.8
-0.23,2.786,-8.033,-1.488,0.946,-2.898,0.651,-9.688,-17.314,0.598,1.455,0.0
-3.314,-2.845,-7.716,-1.834,1.446,-4.374,-6.34,-6.577,-19.294,-0.728,3.021,0.832
-11.045,-11.708,-5.936,-0.577,0.215,-4.374,4.634,-11.81,-14.68,-0.566,-0.134,1.722
-12.513,-17.048,-5.937,-1.93,-0.601,-4.374,-5.246,-9.592,-10.577,-0.403,-0.194,0.231
-7.12,-20.073,-6.223,-1.668,3.379,-4.374,0.0,-9.556,-12.493,-0.158,-0.18,-0.367
