-0.933,-9.852,-8.613,-0.236,-0.364,0.364,-0.565,-9.293,-12.252,0.0,0.0,0.0
-1.402,-9.925,-8.333,-0.13,-0.31,0.0,-0.471,-9.296,-12.216,0.0,0.0,0.0
-1.541,-10.017,-8.244,0.0,-0.319,-0.112,-0.533,-9.371,-12.066,0.0,0.0,0.0
-1.859,-10.29,-8.094,0.0,-0.27,-0.17,-0.531,-9.363,-12.083,0.0,0.0,0.0
-1.897,-10.073,-8.269,0.0,0.0,0.0,-0.579,-9.377,-11.987,0.0,0.0,0.0
-1.824,-10.108,-8.433,0.0,0.0,-0.134,-0.533,-9.378,-11.966,0.0,0.0,0.0
-2.064,-10.192,-8.479,0.0,0.0,-0.106,-0.478,-9.346,-11.887,0.0,0.0,0.0
-2.078,-10.252,-8.477,0.0,0.0,0.0,-0.213,-9.398,-12.489,0.0,0.35,0.128
-6.127,-11.839,-6.244,0.514,0.262,0.74,-0.874,-9.373,-12.515,0.208,0.55,0.171
-16.813,-19.356,-0.686,2.103,3.507,4.004,-2.31,-9.744,-12.508,0.369,-0.215,-0.559
-21.093,-20.073,-5.145,1.089,3.345,4.357,-2.045,-16.617,-15.826,1.216,0.0,-1.666
-16.269,-20.073,-3.697,1.051,0.259,4.357,-1.148,-10.844,-22.282,1.15,-4.353,-3.257
4.736,-11.675,-8.536,0.96,3.062,4.357,-7.503,-5.139,-22.847,-0.492,-4.353,2.287
11.681,9.478,-12.305,0.359,0.723,4.028,-0.715,-18.797,-21.484,-0.65,-1.959,4.372
18.132,6.538,-15.578,-1.573,-1.32,-0.104,5.072,-19.259,-13.764,-2.077,0.0,4.372
-17.248,-20.073,1.9,-2.358,-3.244,-4.374,6.876,-14.414,-2.88,-0.636,-0.258,-0.623
-15.755,4.327,-9.496,-0.166,1.978,0.915,3.346,-7.033,-4.77,0.157,-1.142,-1.434
2.046,-1.86,-6.463,-0.291,-0.508,2.609,1.394,-10.428,-9.376,1.021,0.815,-1.789
1.507,3.679,-10.099,-0.374,0.166,0.644,-0.616,-14.061,-14.117,1.5,1.574,-2.659
1.124,4.272,-8.569,-1.377,0.247,-1.757,-1.279,-13.438,-17.152,1.569,2.474,-2.77
-1.562,-0.427,-7.079,-2.709,0.815,-4.374,-0.86,-10.905,-19.221,1.079,2.31,-1.804
-11.606,-13.132,-5.724,-1.73,1.854,-4.374,-0.565,-9.346,-19.438,0.229,2.792,-0.556
-10.445,-13.004,-5.811,-0.488,1.392,-4.374,-9.809,-6.271,-18.899,-0.566,3.361,0.729
-9.529,-16.153,-5.992,-0.223,0.0,-4.374,0.39,-7.344,-15.617,-0.448,1.209,1.956
-7.106,-20.073,-4.164,-0.969,0.416,-4.374,-4.486,-9.915,-11.852,-0.478,-0.884,-0.314
