-1.251,-10.349,-8.408,-0.312,-1.141,1.133,0.88,-9.24,-11.875,0.0,0.0,0.0
-0.643,-9.834,-8.089,-0.241,-0.621,0.641,0.691,-9.318,-11.87,0.0,0.0,0.0
-1.301,-9.596,-8.048,-0.124,-0.226,0.0,0.535,-9.338,-11.907,0.0,0.0,0.132
-1.438,-9.837,-8.139,0.0,-0.518,-0.359,0.444,-9.304,-11.817,0.0,0.0,0.151
-2.168,-10.185,-8.02,0.0,-0.473,-0.599,0.19,-9.409,-11.767,0.0,0.0,0.174
-2.525,-10.355,-7.936,0.0,-0.118,-0.42,0.179,-9.318,-11.723,0.0,0.0,0.194
-2.727,-10.289,-7.81,0.0,0.0,-0.175,0.216,-9.305,-11.805,0.0,0.153,0.229
-2.318,-9.895,-8.155,0.0,0.134,0.0,-0.338,-9.733,-12.066,0.145,0.341,0.26
-5.514,-11.158,-6.434,0.183,0.647,0.498,-2.122,-9.855,-11.76,0.267,-0.264,-0.506
-18.444,-18.441,-2.568,1.695,2.777,3.737,-3.398,-16.388,-14.688,1.119,0.172,-1.534
-21.093,-20.073,-3.463,0.891,1.243,4.357,-2.721,-12.688,-16.516,2.386,-2.157,-2.403
-18.811,-20.073,-6.439,0.711,0.615,4.357,-0.235,-4.679,-16.986,0.632,-4.353,-1.085
-0.627,-15.956,-8.217,1.193,0.586,4.357,-1.247,-4.973,-14.868,-0.224,-2.233,2.642
1.87,3.53,-9.771,0.98,0.625,4.357,-1.973,-11.57,-11.813,-0.627,-0.342,4.372
6.233,10.809,-12.557,0.136,-0.455,1.717,1.443,-19.259,-13.819,-1.596,-2.319,4.372
18.132,-5.144,-11.053,0.0,-1.834,-1.473,11.551,-11.734,-9.993,-0.725,0.0,2.392
-14.659,-10.416,-1.094,0.237,0.707,-3.601,4.313,-10.413,-7.984,0.692,0.574,-2.444
-4.644,2.586,-8.653,-0.801,-1.446,2.663,-0.702,-11.02,-11.37,0.948,1.296,-3.29
5.875,5.158,-9.7,-0.558,-0.49,1.266,-0.727,-11.206,-13.371,1.054,1.728,-2.892
-0.617,4.357,-6.862,-1.81,0.269,-0.653,-0.448,-11.389,-14.285,0.949,2.003,-2.095
-0.517,4.436,-7.756,-1.309,0.276,-1.471,0.178,-10.042,-15.416,0.731,1.82,-1.217
-1.039,1.265,-8.374,-1.52,1.555,-3.222,0.579,-9.257,-16.295,0.291,1.472,-0.274
-3.844,-6.063,-6.838,-1.912,2.534,-4.374,0.845,-9.632,-16.438,-0.284,2.476,0.348
-11.672,-13.558,-7.33,1.188,1.204,-4.374,0.364,-16.854,-14.426,-0.773,-1.362,1.243
-10.153,-15.239,-7.068,0.0,-0.403,-4.374,-2.933,-9.657,-9.312,-0.365,0.462,0.722
