-2.273,-9.991,-7.961,0.0,0.0,0.112,-0.428,-9.557,-10.946,0.0,0.0,0.0
-2.026,-9.979,-7.932,0.0,0.0,0.176,-0.52,-9.529,-10.923,0.0,0.0,0.0
-1.937,-9.998,-8.069,0.0,0.0,0.177,-0.454,-9.482,-10.999,0.0,0.0,0.0
-1.736,-9.858,-8.094,0.0,0.0,0.153,-0.443,-9.441,-11.069,0.0,0.0,0.0
-1.577,-9.861,-8.003,0.0,0.0,0.0,-0.425,-9.5,-11.098,0.0,0.0,0.0
-2.005,-10.074,-7.64,0.0,0.0,-0.136,-0.455,-9.511,-11.081,0.0,0.0,0.0
-2.044,-10.034,-7.699,0.0,0.0,-0.221,-0.804,-9.847,-11.025,0.0,0.127,0.0
-2.252,-10.109,-7.975,0.0,0.0,0.0,-0.594,-9.861,-11.609,0.223,0.0,0.0
-4.061,-10.498,-8.206,0.0,0.461,-0.131,-1.582,-10.03,-11.886,0.645,0.0,-0.195
-12.233,-12.454,-4.658,1.357,0.0,1.887,-3.996,-12.615,-11.989,1.19,0.0,-1.112
-21.093,-14.024,-1.468,2.117,2.198,4.357,-6.411,-11.845,-23.242,1.009,-1.14,-1.823
-21.093,-13.025,-2.451,1.747,0.899,4.357,-5.148,-3.971,-26.446,-2.668,-2.156,-0.701
-13.355,-13.784,-2.827,1.458,0.0,4.357,2.815,-13.758,-21.671,-4.323,-3.37,3.305
-6.622,-5.172,-7.462,1.106,-1.523,4.357,5.891,-19.259,-13.852,-4.323,1.671,4.372
0.0,0.778,-6.277,1.589,-1.51,3.131,-1.818,-19.259,0.0,-0.163,-1.554,-1.021
13.412,-2.413,-15.032,0.733,-2.438,-0.478,4.236,-12.853,-5.483,1.896,-3.076,-3.261
-3.254,-1.751,-13.638,0.479,1.42,-1.747,2.463,-14.329,-10.838,2.844,0.32,-3.378
-2.416,1.724,-7.78,-1.192,-0.478,1.322,1.798,-11.202,-15.74,2.839,2.692,-1.996
4.471,2.949,-5.296,-1.266,-0.647,0.432,3.069,-8.718,-18.454,2.46,2.87,0.0
2.509,5.1,-5.789,-1.804,-0.137,-1.387,1.384,-10.343,-21.279,1.354,1.125,0.973
3.233,-1.622,-8.296,-1.723,1.79,-4.065,-19.118,-7.751,-22.916,-0.889,1.856,1.89
-5.393,-10.689,-12.192,-3.918,1.062,-4.374,-1.572,-9.998,-7.918,-0.792,0.179,1.056
-9.245,-20.073,-3.215,-3.448,1.859,-4.374,-2.759,-9.676,-11.923,-0.532,0.223,0.0
-19.746,-20.073,-4.035,-2.372,2.498,-4.374,-0.515,-9.468,-12.18,-0.195,0.146,0.0
-13.114,-18.928,-5.997,-1.322,0.399,-4.208,-1.517,-9.386,-11.735,0.0,-0.166,-0.114
