-1.828,-9.91,-7.814,0.0,0.0,0.0,-0.949,-9.483,-11.303,0.0,0.0,0.0
-1.915,-9.957,-7.611,0.0,0.0,0.0,-1.029,-9.45,-11.299,0.0,0.0,0.0
-1.881,-9.946,-7.763,0.0,0.0,0.0,-0.96,-9.457,-11.313,0.0,0.0,0.0
-1.85,-9.859,-7.947,0.0,0.0,0.0,-1.026,-9.451,-11.316,0.0,0.0,0.0
-2.113,-10.048,-7.461,0.0,0.0,0.0,-0.951,-9.46,-11.33,0.0,0.0,0.0
-1.804,-9.977,-7.463,0.0,0.0,0.0,-0.946,-9.487,-11.309,0.0,0.0,0.0
-1.982,-9.915,-7.894,0.0,0.0,0.0,-0.976,-9.462,-11.288,0.0,0.0,0.0
-2.067,-10.086,-7.791,0.0,0.0,0.0,-0.531,-9.561,-11.115,0.0,0.154,0.0
-8.996,-11.91,-6.419,-0.185,0.262,0.49,-1.03,-9.636,-11.989,0.142,0.157,0.0
-14.977,-15.629,-2.973,1.995,0.0,3.803,-1.285,-9.68,-11.752,0.404,0.179,0.0
-21.0,-16.716,-2.404,2.518,0.107,4.357,-3.589,-9.964,-12.091,0.919,0.0,-0.61
-19.803,-12.682,-5.299,1.522,-0.729,4.357,-8.567,-17.307,-18.249,0.991,0.667,-1.926
-13.408,-10.552,-2.909,1.901,-0.14,4.357,1.824,-10.793,-24.065,-1.96,-0.509,-1.754
-1.111,0.234,-3.735,2.395,-2.157,4.357,-7.048,-9.506,-20.973,-4.323,-3.318,2.475
3.105,-0.313,-4.923,1.825,-0.687,1.865,2.984,-19.259,-17.788,-3.424,-1.384,4.372
1.237,-8.195,-7.777,0.645,0.784,-1.165,6.969,-19.259,-6.61,-1.826,2.022,2.162
-0.396,0.861,-15.304,-0.112,1.075,0.521,3.337,-12.052,-0.583,0.62,-3.822,-2.513
4.641,1.289,-10.65,-1.474,-1.841,1.506,5.623,-9.391,-9.443,1.27,-0.817,-3.274
3.084,1.003,-10.191,-2.153,-0.102,0.0,2.422,-13.097,-10.742,2.259,2.465,-3.226
5.393,-0.659,-6.37,-2.484,1.491,-2.229,1.928,-11.427,-16.39,2.693,2.616,-2.201
-0.984,-3.991,-4.658,-4.289,0.746,-4.374,-0.363,-9.059,-17.044,2.328,2.33,0.0
-6.615,-14.803,-3.659,-4.289,1.276,-4.374,-0.254,-15.566,-19.506,1.355,0.1,1.73
-8.562,-20.073,-3.667,-2.654,0.827,-4.374,-10.078,-12.404,-19.796,-0.548,0.482,2.157
-13.203,-20.073,1.894,-2.341,2.158,-4.374,-9.059,-8.749,-9.671,-0.661,0.198,-0.102
-7.322,-17.372,-3.848,-1.778,1.134,-3.465,-0.822,-9.56,-11.791,-0.44,0.321,0.0
