-2.471,-9.71,-6.969,0.0,0.0,-0.131,-0.186,-9.536,-10.722,0.0,0.0,0.0
-2.637,-9.827,-6.8,0.0,0.0,-0.114,-0.172,-9.511,-10.734,0.0,0.0,0.0
-2.71,-9.812,-7.022,0.0,0.0,0.0,-0.182,-9.494,-10.72,0.0,0.0,0.0
-2.457,-9.707,-7.073,0.0,0.0,0.0,-0.185,-9.529,-10.762,0.0,0.0,0.0
-2.328,-9.712,-7.301,0.0,0.0,0.0,-0.172,-9.562,-10.726,0.0,0.0,0.0
-2.312,-9.773,-6.991,0.0,0.0,0.0,-0.208,-9.53,-10.775,0.0,0.0,0.0
-2.125,-9.677,-7.198,0.0,0.0,0.0,-0.217,-9.494,-10.781,0.0,0.0,0.0
-3.53,-10.368,-7.018,-0.131,0.374,0.0,-0.23,-9.483,-10.744,0.0,0.0,0.0
-8.156,-10.984,-5.724,0.383,-0.516,0.75,-0.344,-9.621,-10.961,0.0,0.0,0.0
-14.598,-13.431,-4.0,1.993,1.079,3.47,0.173,-10.003,-11.119,0.295,0.209,0.0
-18.197,-11.714,-0.429,2.434,1.124,4.357,-2.13,-10.613,-11.147,0.855,0.258,0.0
-17.262,-11.348,-4.407,2.813,0.811,4.357,-2.753,-11.828,-10.548,1.136,0.0,-0.66
-9.716,-7.387,-3.086,1.926,-1.301,4.357,-6.841,-12.676,-18.465,0.924,-1.333,-1.714
-3.979,1.56,-4.523,2.047,-1.285,4.314,1.109,-10.131,-22.721,-1.326,-0.888,-1.759
3.451,3.622,-7.954,2.804,-2.96,2.769,-2.814,-10.003,-17.749,-4.122,-3.432,1.396
2.522,-0.198,-7.646,1.06,-1.008,-0.595,-3.546,-19.259,-13.675,-3.228,-3.084,4.372
-2.215,1.493,-10.343,0.0,-0.397,-0.691,10.031,-19.259,-11.116,-1.162,-0.118,4.372
-3.134,2.834,-9.862,-0.782,1.224,0.0,0.0,-9.55,-4.225,0.0,-1.323,0.517
-1.69,0.0,-12.827,-1.981,0.0,0.837,8.121,-8.583,-8.826,0.978,-2.333,-1.444
0.7,-3.688,-7.759,-3.338,0.757,0.656,4.568,-12.784,-11.501,1.467,1.511,-3.073
4.502,0.0,-6.568,-3.958,1.232,-0.87,2.959,-15.3,-12.343,2.091,2.499,-4.017
1.269,-3.36,0.27,-4.289,2.412,-4.374,1.726,-13.728,-16.476,2.383,2.681,-2.959
-14.782,-12.186,2.972,-3.315,2.984,-4.374,-3.939,-9.566,-17.609,1.799,0.817,-0.829
-15.22,-12.57,-4.635,-1.411,3.66,-4.068,3.055,-13.119,-22.327,0.576,0.106,0.865
-7.725,-16.527,-4.339,-0.128,0.214,-4.374,-10.03,-12.639,-14.245,-0.746,4.06,1.935
