-2.399,-9.683,-6.788,0.0,0.0,0.0,-0.468,-9.502,-10.821,0.0,0.0,0.0
-2.448,-9.52,-7.034,0.0,0.0,0.0,-0.474,-9.524,-10.844,0.0,0.0,0.0
-2.492,-9.624,-7.012,0.0,0.0,0.0,-0.461,-9.517,-10.841,0.0,0.0,0.0
-2.718,-9.746,-6.499,0.0,0.0,0.0,-0.494,-9.493,-10.874,0.0,0.0,0.0
-2.436,-9.627,-6.545,0.0,0.0,0.0,-0.385,-9.499,-10.838,0.0,0.0,0.0
-2.339,-9.594,-6.741,0.0,0.0,0.0,-0.352,-9.487,-10.931,0.0,0.0,0.0
-2.397,-9.666,-6.665,0.0,0.0,0.0,-0.403,-9.484,-10.964,0.0,0.0,0.0
-2.212,-9.567,-6.926,0.0,0.0,0.0,-0.346,-9.626,-10.767,0.0,0.252,0.0
-2.3,-10.064,-8.101,0.0,0.18,-0.399,-0.855,-9.972,-11.717,0.193,0.179,0.0
-14.05,-12.779,-4.252,-0.32,-0.276,0.964,-2.827,-10.104,-11.936,0.894,0.0,-0.222
-21.093,-19.798,-4.355,0.975,2.253,4.357,-4.509,-14.583,-12.594,1.507,-0.105,-1.458
-21.093,-20.073,-7.813,0.313,0.34,4.357,-2.899,-12.542,-26.319,1.356,-3.133,-2.005
-12.032,-16.94,-6.287,0.342,-4.057,4.357,-4.94,-2.325,-29.436,-3.297,-4.353,-1.028
0.946,2.819,-8.261,1.612,-3.424,4.357,-3.77,-19.259,-17.713,-4.323,-3.078,4.372
10.404,3.24,-10.2,1.843,-3.546,1.464,9.961,-19.259,-9.876,-3.59,0.497,4.372
1.896,-17.816,-2.824,-0.395,-1.194,-4.374,0.252,-13.149,-2.639,-0.117,-2.732,0.114
-9.692,2.483,-14.763,-0.34,4.377,1.103,10.705,-12.131,-6.266,1.677,-2.271,-3.479
12.337,-0.514,-11.834,-0.997,-2.502,2.92,5.342,-13.544,-12.232,1.746,1.179,-4.359
4.773,-1.58,-7.529,-3.75,0.757,-1.827,2.138,-12.733,-14.579,1.966,3.959,-3.656
-0.724,-2.53,-7.058,-4.102,0.974,-3.999,-0.586,-10.064,-16.798,2.496,3.565,-1.04
-1.723,-9.39,-4.025,-4.289,1.92,-4.374,1.886,-10.533,-17.828,1.349,1.0,1.292
-7.387,-14.844,-7.65,-3.439,2.006,-4.374,-19.283,-11.158,-24.47,-0.415,1.905,2.243
-14.412,-20.073,0.0,-1.725,1.162,-4.374,-10.266,-11.785,-6.599,-0.903,1.257,0.605
-10.434,-20.073,-5.652,-2.408,2.306,-4.374,1.762,-8.912,-15.16,-0.768,-0.422,-0.103
-13.207,-14.376,-4.035,0.0,-0.41,-1.618,-1.383,-9.471,-11.007,-0.239,-0.16,0.262
