-1.96,-10.016,-7.635,0.0,0.0,-0.14,-0.877,-9.482,-11.333,0.0,0.0,0.0
-2.2,-9.994,-7.838,0.0,0.0,-0.15,-0.895,-9.454,-11.303,0.0,0.0,0.0
-2.428,-9.995,-7.781,0.0,0.0,0.0,-0.844,-9.465,-11.315,0.0,0.0,0.0
-2.285,-9.864,-7.905,0.0,0.0,0.0,-0.841,-9.492,-11.316,0.0,0.0,0.0
-2.242,-9.915,-7.853,0.0,0.0,0.0,-0.854,-9.504,-11.301,0.0,0.0,0.0
-2.062,-9.974,-7.801,0.0,0.0,0.0,-0.898,-9.425,-11.293,0.0,0.0,0.0
-1.903,-9.93,-7.687,0.0,-0.1,0.0,-0.816,-9.438,-11.282,0.0,0.0,0.0
-2.136,-10.015,-7.907,0.0,0.0,0.0,-1.014,-9.624,-11.182,0.0,0.0,0.0
-6.534,-11.167,-7.529,0.0,0.0,0.327,-0.971,-9.615,-11.567,0.116,0.12,0.0
-13.4,-13.213,-6.358,0.328,-0.33,2.79,-0.819,-9.785,-11.456,0.326,0.179,0.0
-19.732,-14.781,-5.278,1.563,1.483,4.357,-1.617,-9.814,-11.344,0.73,0.227,0.0
-18.996,-13.948,-5.566,1.823,-0.406,4.357,-2.787,-11.473,-11.486,1.074,0.153,-0.587
-14.181,-10.515,-6.395,0.986,-0.696,4.357,-4.394,-11.057,-22.648,0.241,-0.602,-1.592
-9.591,-1.624,-6.522,0.441,0.421,4.357,-2.675,-7.635,-25.408,-3.191,0.0,-1.503
-1.762,4.8,-5.677,0.993,-2.519,4.357,2.129,-12.721,-21.806,-4.323,-0.75,1.085
8.789,1.655,-7.158,1.032,-2.74,0.965,1.888,-19.259,-10.665,-4.323,0.191,3.156
-5.629,-8.306,-8.289,0.128,-1.568,-1.941,-3.447,-19.259,-1.033,-0.251,-3.38,0.0
-0.45,0.0,-15.427,-1.106,1.703,1.578,5.996,-12.354,-6.95,1.443,-2.446,-2.799
9.654,0.0,-8.436,-2.162,-0.407,0.495,0.619,-11.041,-11.41,3.376,0.335,-2.617
3.491,-0.723,-5.084,-2.205,0.623,-1.963,2.009,-11.297,-14.136,3.089,1.411,-1.839
-1.724,-3.562,-5.423,-2.516,2.25,-4.374,1.141,-9.907,-16.529,2.883,1.951,-0.331
-5.376,-10.522,-6.504,-2.641,1.564,-4.374,0.204,-11.116,-19.431,1.512,0.0,0.837
-10.855,-19.978,-2.053,-4.289,0.213,-4.374,-16.182,-9.253,-22.76,-0.342,1.375,1.894
-11.438,-20.073,-3.781,-3.249,2.398,-4.374,-5.293,-9.952,-6.252,-0.44,1.299,1.226
-9.718,-20.073,-6.066,-1.054,-1.69,-4.374,2.345,-9.55,-12.275,-0.66,-0.361,0.0
