-1.884,-9.551,-6.364,-0.19,-0.179,-0.474,-0.917,-9.488,-11.038,0.0,0.0,0.0
-2.472,-9.751,-6.614,0.0,0.0,-0.635,-0.907,-9.456,-11.0,0.0,0.0,0.0
-2.987,-9.87,-6.457,0.0,0.11,-0.55,-1.029,-9.486,-11.094,0.0,0.0,0.0
-3.356,-9.719,-6.752,0.153,0.216,-0.226,-0.99,-9.508,-11.04,0.0,0.0,0.0
-2.98,-9.736,-6.988,0.0,0.0,0.0,-0.892,-9.48,-11.095,0.0,0.0,0.0
-2.684,-9.687,-7.045,0.102,0.0,0.242,-0.976,-9.48,-11.113,0.0,0.0,0.0
-2.356,-9.551,-7.034,0.0,0.0,0.317,-0.829,-9.399,-11.002,0.0,0.0,0.0
-2.077,-9.549,-6.887,0.0,0.0,0.303,-1.418,-9.626,-11.517,0.0,0.108,0.0
-3.284,-10.095,-7.558,-0.123,0.32,-0.106,-1.352,-9.732,-11.438,0.257,0.246,0.0
-12.868,-12.311,-5.204,-0.144,-1.388,1.14,-1.639,-9.841,-11.354,0.557,0.275,0.0
-21.093,-18.68,-1.036,0.908,0.775,4.357,-3.167,-11.891,-13.071,1.076,0.0,-1.222
-17.461,-18.897,-3.437,2.694,-0.957,4.357,-6.55,-10.454,-23.333,0.283,-1.067,-2.117
-13.483,-12.457,-5.204,2.456,0.494,4.357,-6.06,-4.686,-22.309,-2.506,-1.73,-0.252
-8.316,-5.426,-2.423,1.51,-0.332,4.357,2.837,-12.474,-20.395,-4.323,-2.102,2.419
-5.816,-3.463,-4.621,1.726,0.172,3.651,5.345,-17.962,-16.339,-4.323,0.0,2.915
-2.859,-5.824,-5.439,0.364,2.584,3.012,-0.901,-16.356,-1.014,-1.737,0.0,0.602
15.046,0.88,-9.733,-0.348,0.419,2.258,4.761,-10.437,-5.898,1.233,-3.397,-1.577
12.719,3.528,-10.367,0.298,-1.061,-0.718,3.742,-11.699,-9.642,2.44,-1.852,-2.043
2.363,4.163,-7.507,-0.467,-2.382,-1.778,6.036,-14.494,-14.282,2.647,1.508,-2.828
-4.53,2.008,-9.978,-1.214,-0.207,-1.312,3.136,-12.336,-18.076,2.407,2.605,-2.682
-5.233,-3.178,-7.603,-2.387,0.522,-0.917,0.0,-8.407,-18.787,1.763,2.285,-0.883
-3.749,-2.248,-6.307,-3.12,-0.119,-1.864,-2.098,-11.467,-21.525,0.942,0.691,1.048
-4.282,-5.873,-6.581,-4.217,2.487,-4.374,-0.769,-19.259,-15.91,-0.41,0.551,2.357
-6.247,-18.126,-4.22,-2.557,2.365,-4.374,-7.196,-7.339,-13.7,-0.893,-1.006,-0.2
-21.093,-20.073,-2.209,-0.844,0.91,-4.374,-0.667,-9.61,-11.674,-0.439,0.0,-0.131
