-2.121,-9.927,-7.706,0.0,0.0,0.0,-0.987,-9.536,-10.9,0.0,0.0,0.0
-2.038,-9.939,-7.523,0.0,0.0,0.0,-0.976,-9.51,-10.868,0.0,0.0,0.0
-1.994,-9.849,-7.774,0.0,0.0,0.0,-0.934,-9.516,-10.905,0.0,0.0,0.0
-2.033,-9.964,-7.695,0.0,0.121,0.0,-0.932,-9.494,-10.902,0.0,0.0,0.0
-2.176,-10.003,-7.564,0.0,0.0,0.0,-0.928,-9.527,-10.886,0.0,0.0,0.0
-2.19,-9.89,-7.523,0.0,0.0,0.0,-1.006,-9.511,-10.904,0.0,0.0,0.0
-2.288,-9.861,-7.603,0.0,0.0,0.0,-0.913,-9.5,-10.947,0.0,0.0,0.0
-2.044,-9.836,-7.811,0.0,0.0,0.0,-0.94,-9.506,-10.892,0.0,0.0,0.0
-2.045,-9.871,-7.754,0.0,0.0,0.0,-0.47,-9.677,-10.402,0.0,0.306,0.0
-12.732,-12.294,-3.948,-0.544,0.283,0.562,-1.292,-9.639,-11.249,0.274,0.418,0.0
-21.093,-18.695,-1.384,1.584,2.84,4.357,-2.769,-9.855,-12.865,0.85,0.0,-0.404
-21.093,-19.952,-7.523,1.533,-1.067,4.357,-7.983,-16.231,-14.702,1.469,0.302,-1.708
-14.894,-20.073,-8.357,1.636,-1.652,4.357,8.639,-12.788,-30.335,-0.71,-1.644,-1.938
-3.414,-6.74,-6.346,1.995,-3.105,4.357,-4.175,-7.992,-23.292,-4.323,-3.309,0.426
3.308,2.068,-8.927,2.496,-3.051,2.9,-1.358,-18.281,-15.187,-4.323,-2.657,4.372
9.418,-3.938,-13.878,0.3,-0.99,-2.078,12.095,-19.259,-3.384,-2.899,1.857,4.372
-3.267,-1.128,-8.271,0.0,-0.579,-0.744,-0.197,-13.607,-1.016,0.671,-1.737,-1.318
-3.195,0.0,-9.37,-0.677,1.478,1.791,7.872,-13.136,-9.37,2.793,-1.543,-3.242
6.668,2.018,-8.985,-0.447,-0.365,0.715,4.926,-12.52,-15.758,2.89,1.444,-3.438
4.496,2.264,-3.951,-2.788,0.668,-1.937,2.041,-11.832,-16.377,2.898,3.77,-1.641
1.566,2.034,-8.955,-3.037,1.267,-4.281,-0.117,-8.82,-17.739,2.384,2.101,0.478
-6.996,-14.013,-3.808,-2.486,3.055,-4.374,7.479,-13.493,-22.136,1.133,0.419,1.067
-9.027,-20.073,-4.862,-4.289,1.422,-4.374,-9.362,-14.078,-18.425,-1.032,0.848,2.007
-11.997,-20.073,-4.464,-2.83,1.029,-4.374,-2.369,-10.528,-11.641,-0.913,-1.263,-0.541
-18.376,-20.073,-4.304,-0.37,-1.741,-4.167,-2.18,-9.62,-10.854,-0.26,0.217,0.11
