-2.261,-9.851,-7.106,0.0,0.0,0.0,-0.789,-9.516,-10.611,0.0,0.0,0.0
-1.84,-9.732,-7.276,0.0,0.0,0.143,-0.87,-9.519,-10.62,0.0,0.0,0.0
-1.732,-9.716,-7.366,0.0,0.0,0.0,-0.871,-9.536,-10.647,0.0,0.0,0.0
-1.847,-9.853,-7.335,0.0,0.0,0.0,-0.913,-9.523,-10.562,0.0,0.0,0.0
-1.768,-9.816,-7.051,0.0,0.0,0.0,-0.893,-9.526,-10.625,0.0,0.0,0.0
-1.936,-9.738,-7.118,0.0,0.0,0.0,-0.875,-9.468,-10.575,0.0,0.0,0.0
-2.071,-9.757,-7.227,0.0,0.0,-0.116,-0.598,-9.652,-10.727,0.0,0.0,0.0
-2.272,-10.173,-6.991,0.0,0.0,-0.15,-0.571,-10.109,-11.172,0.247,0.349,0.114
-7.448,-11.737,-7.546,-0.176,-0.33,-0.377,-2.718,-10.594,-11.601,0.856,0.192,0.0
-14.671,-15.824,-3.186,0.839,0.573,3.021,-4.03,-13.508,-12.404,1.387,-0.117,-1.063
-21.093,-20.073,-2.284,1.601,1.85,4.357,-1.073,-12.05,-26.897,0.648,-3.045,-2.444
-15.766,-19.809,-9.74,1.522,-1.382,4.357,-5.736,-5.447,-23.545,-3.399,-2.428,-1.121
-5.737,-10.647,-6.198,1.54,-3.076,4.357,-5.355,-15.55,-14.535,-4.323,-3.026,3.845
2.427,3.405,-7.828,2.271,-3.392,4.323,8.466,-19.259,-14.53,-3.599,-3.03,4.372
13.001,4.617,-13.557,2.016,-3.812,0.247,2.365,-15.939,-4.879,0.185,0.861,1.525
-0.957,-11.465,-2.946,-0.752,-0.221,-4.374,6.732,-12.594,-3.946,0.842,-3.071,-3.181
-11.2,6.241,-13.703,0.212,4.377,0.559,6.403,-11.716,-11.787,1.503,-0.279,-4.334
9.074,0.281,-12.5,-1.215,-1.592,3.505,1.567,-13.025,-16.424,1.61,2.483,-4.019
2.895,-0.593,-7.784,-2.997,0.919,1.356,1.165,-9.865,-15.984,2.202,4.157,-2.062
3.918,1.343,-7.285,-2.368,0.0,-2.112,-0.437,-8.002,-16.856,2.011,2.185,0.333
3.281,-2.646,-5.499,-3.98,1.546,-4.374,0.506,-12.526,-19.874,0.739,-0.103,1.687
-6.906,-15.229,-2.313,-3.948,3.085,-4.374,-2.644,-14.358,-16.931,-0.732,4.282,2.731
-9.343,-20.073,-1.325,-4.289,2.891,-4.374,-5.298,-11.626,-6.603,-0.776,0.201,-0.156
-16.051,-20.073,-1.005,-2.067,1.004,-4.374,1.637,-8.994,-13.528,-0.502,-0.123,-0.239
-11.55,-17.968,-5.811,-0.565,0.335,-3.455,0.142,-9.229,-10.977,-0.365,-0.434,-0.19
