-2.726,-9.718,-7.018,0.0,0.0,0.0,-0.847,-9.51,-11.133,0.0,0.0,0.0
-2.411,-9.695,-6.93,0.0,0.0,0.0,-0.914,-9.506,-11.146,0.0,0.0,0.0
-2.54,-9.678,-7.037,0.0,0.0,0.0,-0.909,-9.472,-11.158,0.0,0.0,0.0
-2.384,-9.726,-6.975,0.0,0.0,0.0,-0.874,-9.486,-11.203,0.0,0.0,0.0
-2.665,-9.669,-7.1,0.0,0.0,0.0,-0.858,-9.492,-11.207,0.0,0.0,0.0
-2.603,-9.652,-7.297,0.0,0.0,0.0,-0.848,-9.496,-11.191,0.0,0.0,0.0
-2.611,-9.672,-7.146,0.0,0.0,0.0,-0.866,-9.481,-11.184,0.0,0.0,0.0
-2.646,-9.755,-7.573,0.0,0.0,0.0,-0.767,-9.557,-11.192,0.0,0.179,0.0
-3.551,-10.287,-7.953,-0.219,0.148,-0.154,-0.928,-9.937,-11.868,0.185,0.137,0.0
-12.316,-12.259,-4.117,0.338,-0.68,1.651,-2.399,-10.07,-11.637,0.71,0.184,-0.109
-21.093,-20.073,1.96,4.441,3.354,4.357,-5.107,-13.628,-12.143,1.427,0.146,-1.323
-21.093,-7.568,-0.762,3.086,2.623,4.357,-5.451,-10.942,-24.764,1.072,-3.068,-2.181
-14.588,-7.962,-5.997,0.7,1.374,4.357,-3.75,-2.896,-25.311,-2.681,-2.967,-0.584
-2.407,0.0,-7.604,0.448,-2.723,4.357,0.874,-11.211,-17.488,-4.323,-2.805,3.521
7.915,3.127,-10.356,0.818,-2.873,1.28,4.68,-19.259,-13.533,-4.17,-0.462,4.372
0.0,-18.218,-2.278,-0.955,-0.423,-2.902,-0.917,-17.62,-2.571,0.106,-0.164,0.268
-3.564,-0.396,-16.045,-0.249,2.426,2.223,5.286,-12.943,-5.528,1.014,-4.353,-3.025
10.52,-3.454,-7.967,-0.391,-0.687,2.731,4.436,-11.749,-12.15,2.043,0.622,-3.202
3.666,2.566,-7.875,-1.916,1.339,-0.45,2.161,-13.107,-14.714,1.872,2.554,-2.635
4.802,4.922,-9.57,-1.092,1.064,-4.14,1.63,-9.968,-17.976,2.143,3.575,-1.103
0.417,-5.661,-4.922,-4.289,0.61,-4.374,-0.366,-9.487,-17.565,1.655,2.426,0.652
-9.693,-17.538,-2.183,-1.788,2.747,-4.374,-0.344,-7.672,-27.289,0.549,1.686,1.121
-10.991,-20.073,-1.191,-4.289,1.325,-4.374,-1.273,-14.337,-7.687,-0.629,1.236,1.691
-21.093,-20.073,4.769,-3.803,-4.353,-4.374,-1.169,-9.648,-12.822,-0.79,-0.562,-0.328
-10.737,-11.638,-5.531,0.254,1.344,-0.48,-1.597,-9.301,-11.621,-0.376,-0.245,-0.106
