-1.719,-9.994,-7.81,0.0,0.0,0.0,-0.99,-9.421,-11.688,0.0,0.0,0.0
-1.908,-9.912,-7.783,0.0,0.0,0.0,-0.999,-9.379,-11.718,0.0,0.0,0.0
-1.681,-10.015,-7.611,0.0,0.0,0.0,-0.99,-9.375,-11.681,0.0,0.0,0.0
-1.523,-9.95,-7.889,0.0,0.0,0.0,-0.909,-9.395,-11.705,0.0,0.0,0.0
-1.487,-9.95,-8.045,0.0,0.0,0.0,-0.858,-9.422,-11.753,0.0,0.0,0.0
-1.653,-9.994,-7.811,0.0,0.0,0.0,-0.96,-9.393,-11.76,0.0,0.0,0.0
-1.595,-9.991,-7.846,0.0,0.0,0.0,-0.983,-9.398,-11.74,0.0,0.0,0.0
-2.354,-10.352,-8.405,0.0,0.0,-0.131,-1.081,-9.632,-11.977,0.0,0.0,0.0
-7.468,-11.379,-6.858,0.364,-0.54,0.811,-0.963,-9.595,-12.239,0.34,0.21,0.0
-15.48,-14.465,-3.249,1.187,0.953,4.086,-1.204,-9.646,-11.791,0.626,0.136,-0.18
-20.119,-15.106,-3.181,2.621,2.437,4.357,-2.184,-11.159,-12.551,1.11,0.0,-0.927
-21.093,-16.335,-4.205,0.726,-1.108,4.357,-8.681,-18.622,-18.043,1.4,-0.953,-2.129
-9.402,-9.457,-6.88,0.981,-0.501,4.357,-0.446,-6.452,-24.331,-0.952,-2.401,-1.738
-6.887,1.875,-4.956,1.52,-2.777,4.357,-3.437,-7.407,-23.22,-4.323,-2.595,3.589
8.277,4.146,-9.84,2.217,-3.903,2.75,1.075,-19.259,-15.817,-4.323,1.822,4.372
-3.456,-17.686,-6.156,0.29,1.008,-3.316,-4.036,-19.259,4.608,-1.057,2.627,1.459
2.463,-1.606,-14.356,-1.441,1.124,2.023,3.681,-16.059,-2.427,1.968,-3.736,-3.748
7.985,-0.59,-10.013,-1.641,-1.053,0.839,2.989,-11.476,-11.425,3.2,-0.625,-3.935
3.752,-0.235,-5.517,-2.732,0.879,-1.599,1.382,-10.968,-17.27,3.114,2.809,-2.303
-0.468,-3.039,-5.477,-3.422,1.96,-4.374,0.786,-7.868,-17.938,2.372,2.665,-0.173
-8.813,-12.081,-3.774,-3.809,1.271,-4.374,-0.601,-10.588,-19.73,0.871,0.392,1.254
-11.199,-16.151,-3.838,-2.776,0.89,-4.374,-6.179,-13.326,-21.149,-0.73,0.802,2.033
-12.28,-20.073,-3.724,-2.242,3.056,-4.374,-7.081,-8.907,-8.209,-0.462,0.386,0.707
-9.93,-20.073,-2.205,-3.027,-1.804,-4.374,0.999,-9.899,-11.397,-0.522,-0.275,-0.293
-10.075,-12.42,-3.489,-0.672,0.216,0.838,-0.26,-9.47,-11.45,-0.364,-0.286,-0.292
