-1.252,-10.107,-8.082,0.0,0.101,0.0,-0.744,-9.501,-10.952,0.0,0.0,0.0
-1.127,-9.952,-8.327,0.0,0.136,0.0,-0.83,-9.494,-10.985,0.0,0.0,0.0
-1.051,-10.061,-8.194,0.0,0.0,-0.103,-0.858,-9.504,-10.999,0.0,0.0,0.0
-1.001,-10.137,-7.967,0.0,0.0,-0.141,-0.835,-9.499,-11.031,0.0,0.0,0.0
-1.221,-10.103,-7.932,0.0,0.0,-0.119,-0.793,-9.481,-11.104,0.0,0.0,0.0
-1.145,-10.042,-7.658,0.0,0.0,0.0,-0.743,-9.572,-10.926,0.0,0.0,0.0
-1.244,-9.94,-7.925,0.0,-0.12,0.0,-1.102,-10.064,-11.811,0.144,0.127,0.0
-3.169,-11.285,-8.925,0.318,-0.571,-0.277,-1.781,-9.749,-11.495,0.441,0.112,-0.106
-12.65,-11.602,-7.979,-0.466,-0.949,1.71,-3.498,-10.709,-11.837,1.117,-0.115,-0.736
-21.093,-20.073,-1.327,1.594,0.235,4.357,-10.892,-19.259,-17.38,1.461,-0.81,-2.501
-21.093,-20.073,-2.873,2.477,1.152,4.357,8.676,-13.076,-29.101,-1.573,-1.128,-2.03
-16.246,-20.073,-6.49,0.27,-1.077,4.357,-2.556,-11.008,-24.59,-4.323,-3.802,2.618
-2.816,-5.427,-5.572,1.12,-1.733,4.357,2.552,-19.259,-14.202,-4.323,-1.443,4.372
5.986,-0.324,-7.154,1.779,-2.014,3.118,5.475,-19.259,0.101,-0.35,1.265,2.295
7.307,-6.919,-11.418,1.101,0.15,-2.522,6.856,-13.268,-3.259,1.336,-3.286,-3.799
-4.155,3.671,-15.105,0.311,0.861,-0.267,3.012,-14.642,-13.708,2.732,-0.853,-4.359
0.596,3.339,-10.251,-1.236,-2.164,1.115,3.792,-12.549,-18.373,2.265,2.968,-4.3
-1.821,-3.302,-3.557,-1.034,-0.581,0.61,1.681,-6.519,-17.761,2.543,4.378,-1.041
4.906,-1.184,-11.162,-2.792,-1.868,-1.209,-1.195,-9.094,-19.558,1.255,2.229,2.031
-0.277,-2.448,-10.13,-3.183,1.243,-3.82,-1.005,-9.864,-26.592,-0.634,3.394,2.303
-4.235,-17.215,-7.13,-1.913,4.377,-4.374,-3.738,-14.881,-6.457,-0.971,-0.225,1.362
-18.522,-20.073,-2.842,-3.011,4.312,-4.374,-3.053,-9.905,-10.915,-0.717,-0.189,0.0
-21.093,-20.073,-5.464,-1.997,2.107,-4.374,-0.462,-9.662,-11.76,-0.202,0.122,0.0
-12.142,-12.154,-9.597,-0.511,-0.804,-1.717,-1.438,-9.466,-11.425,0.0,0.0,0.0
-6.438,-10.474,-8.807,0.0,1.489,0.225,-0.619,-9.617,-11.457,0.109,0.0,-0.216
