-1.507,-9.882,-7.678,0.0,0.0,0.0,-0.553,-9.507,-11.242,0.0,0.0,0.0
-1.765,-9.926,-7.57,0.104,0.0,0.0,-0.594,-9.474,-11.286,0.0,0.0,0.0
-2.208,-9.969,-7.379,0.0,0.0,-0.209,-0.61,-9.448,-11.273,0.0,0.0,0.0
-2.276,-9.919,-7.586,0.0,0.105,-0.129,-0.641,-9.475,-11.295,0.0,0.0,0.0
-2.302,-10.017,-7.388,0.0,0.126,0.0,-0.662,-9.471,-11.282,0.0,0.0,0.0
-2.01,-9.999,-7.643,0.0,0.0,0.0,-0.343,-9.359,-11.155,0.0,0.0,0.0
-1.912,-9.956,-7.669,0.0,0.0,0.0,-0.921,-9.786,-11.998,0.13,0.251,0.0
-2.388,-10.642,-7.531,0.211,0.0,-0.165,-2.126,-9.86,-12.296,0.624,0.0,-0.145
-11.118,-11.951,-6.927,0.618,-0.655,1.031,-4.172,-11.648,-13.915,1.335,-0.492,-1.172
-20.875,-17.554,-2.66,1.851,2.052,4.357,-5.064,-15.734,-30.636,0.278,-1.849,-3.116
-21.093,-17.626,-4.896,1.664,2.939,4.357,-13.382,-7.986,-28.349,-4.323,-4.241,-0.35
-13.234,-19.271,-6.208,-0.213,-1.557,4.357,-7.224,-19.259,-14.495,-4.323,-4.242,4.372
-0.965,0.918,-5.943,0.862,-4.228,4.357,11.856,-19.259,-0.942,0.0,2.417,4.372
17.565,3.15,-12.178,1.576,-3.756,0.904,12.871,-15.702,0.26,0.869,-4.353,-4.359
-11.562,-20.073,4.117,-0.604,-2.925,-4.374,8.407,-16.022,-12.68,2.153,-0.194,-4.359
-0.286,-1.209,-12.394,-0.569,1.194,1.342,-0.218,-13.952,-13.657,2.561,4.378,-4.359
0.836,-4.681,-9.196,-1.613,-0.858,0.381,0.0,-5.715,-16.832,2.636,4.164,-1.073
2.816,-3.547,-8.969,-3.69,1.296,-3.451,1.04,-15.52,-22.415,1.144,-0.466,1.685
-0.418,-12.384,-7.435,-4.289,1.214,-4.374,-13.173,-17.882,-27.232,-1.393,3.484,3.256
-5.273,-20.073,-2.696,-2.994,3.876,-4.374,-9.635,-17.209,-4.607,-0.951,0.255,-0.442
-21.093,-20.073,2.386,-2.671,3.862,-4.374,-1.354,-9.984,-11.747,-0.369,0.566,0.342
-20.878,-18.418,-2.643,-1.384,-0.404,-2.845,-2.196,-9.539,-11.215,-0.121,-0.133,0.0
-2.187,-10.38,-6.335,0.574,1.138,2.121,-1.231,-9.507,-11.311,0.0,-0.206,-0.137
-2.882,-10.278,-8.205,0.324,1.194,1.014,-1.014,-9.367,-10.781,0.0,0.0,-0.181
-2.606,-9.682,-9.791,0.106,0.227,0.414,-0.671,-9.484,-10.679,0.0,0.0,0.0
