-2.173,-9.834,-7.378,0.0,0.0,0.0,-0.98,-9.516,-10.7,0.0,0.0,0.0
-2.212,-9.689,-7.468,0.0,0.0,0.0,-1.012,-9.516,-10.643,0.0,0.0,0.0
-2.447,-9.73,-7.5,0.0,0.0,0.0,-1.014,-9.531,-10.648,0.0,0.0,0.0
-2.271,-9.842,-7.158,0.0,0.0,0.0,-1.057,-9.531,-10.642,0.0,0.0,0.0
-2.26,-9.806,-7.128,0.0,0.0,0.0,-1.011,-9.516,-10.69,0.0,0.0,0.0
-2.324,-9.74,-7.415,0.0,0.0,0.0,-1.022,-9.507,-10.631,0.0,0.0,0.0
-2.208,-9.781,-7.342,0.0,0.0,0.0,-0.925,-9.511,-10.644,0.0,0.0,0.0
-2.836,-10.139,-8.09,0.0,-0.21,0.0,-0.753,-9.519,-10.189,0.0,0.256,0.0
-9.036,-12.197,-7.165,-0.105,0.424,0.523,-1.26,-9.872,-11.401,0.156,0.0,0.0
-15.122,-15.349,-2.131,1.721,0.0,4.333,-1.529,-10.343,-11.141,0.56,0.108,0.0
-21.093,-17.285,1.221,4.053,2.07,4.357,-3.61,-10.917,-12.418,1.158,-0.14,-0.615
-21.093,-15.651,-5.818,0.693,0.426,4.357,-9.794,-15.646,-21.465,0.964,-2.147,-2.539
-8.777,-5.777,-3.821,1.314,-1.11,4.357,-6.686,-5.038,-26.01,-2.616,-0.915,-1.285
2.788,2.752,-8.914,2.203,-2.062,4.1,-2.66,-14.076,-20.566,-4.323,-3.107,3.076
8.061,-5.784,-9.992,0.741,-1.644,-0.57,4.579,-19.259,-14.966,-4.323,-0.93,4.372
-3.071,-4.362,-10.614,1.375,0.4,-1.962,2.781,-19.259,-4.387,-0.585,1.241,0.237
0.242,2.814,-12.564,-0.76,-0.402,1.815,4.136,-13.479,-2.189,0.694,-3.138,-3.438
10.379,2.485,-11.87,-1.463,-0.143,0.226,7.628,-12.458,-9.124,2.073,0.185,-3.889
-0.494,-1.197,-6.486,-2.386,-0.782,-1.337,1.375,-11.249,-13.587,2.585,2.166,-3.191
6.176,-4.625,-10.149,-3.543,-0.287,-3.507,4.896,-9.896,-17.968,3.15,4.194,-0.937
-1.907,-9.88,-6.623,-4.289,0.767,-4.374,0.439,-8.545,-20.652,2.167,1.774,1.019
-7.037,-16.704,-9.438,-4.289,1.007,-4.374,1.148,-11.74,-25.145,0.193,1.264,1.098
-16.8,-20.073,-1.044,-4.289,2.181,-4.374,-10.495,-14.521,-13.727,-0.979,1.31,1.755
-12.895,-20.073,2.662,-2.519,-0.206,-4.374,-3.819,-11.302,-9.712,-0.746,-0.458,-0.2
-13.691,-11.325,-3.981,-0.199,1.784,0.471,-0.536,-9.533,-11.188,-0.312,0.0,0.0
