-2.633,-9.834,-7.252,0.0,0.0,0.0,-0.585,-9.53,-10.672,0.0,0.0,0.0
-2.787,-9.799,-7.31,0.0,0.0,0.0,-0.549,-9.547,-10.666,0.0,0.0,0.0
-2.549,-9.805,-7.386,0.0,0.0,0.0,-0.6,-9.524,-10.71,0.0,0.0,0.0
-2.48,-9.837,-7.374,0.0,0.0,0.0,-0.606,-9.48,-10.727,0.0,0.0,0.0
-2.324,-9.749,-7.288,0.0,0.0,0.0,-0.576,-9.533,-10.714,0.0,0.0,0.0
-2.249,-9.744,-7.228,0.0,0.0,0.0,-0.598,-9.526,-10.639,0.0,0.0,0.0
-2.17,-9.792,-7.292,0.0,0.0,0.0,-0.565,-9.563,-10.605,0.0,0.0,0.0
-2.205,-9.688,-7.449,0.0,0.0,0.0,-0.611,-9.802,-10.948,0.0,0.112,0.0
-5.258,-11.088,-7.354,-0.124,0.182,0.0,-1.16,-9.927,-11.084,0.349,0.217,0.0
-12.546,-13.109,-4.507,0.851,-0.356,2.145,-2.282,-10.614,-11.863,0.914,0.116,-0.303
-20.499,-17.098,0.0,1.806,2.781,4.357,-6.6,-14.455,-13.341,1.26,0.0,-1.498
-21.008,-14.18,-2.667,1.975,1.137,4.357,9.071,-11.936,-28.577,-0.279,-2.458,-2.098
-13.214,-13.147,-6.704,1.059,-1.583,4.357,-6.675,-6.185,-22.173,-4.026,-4.242,-0.484
-0.577,0.818,-7.17,1.022,-1.913,4.357,-2.109,-15.593,-16.796,-4.208,-3.739,4.372
1.431,4.304,-7.865,1.424,-2.416,2.561,11.604,-19.259,-13.263,-2.67,0.786,4.372
4.162,1.015,-10.377,0.504,-2.656,0.114,-4.136,-13.774,-1.947,0.139,-1.05,0.211
0.706,-1.62,-10.061,-0.229,-0.912,-2.204,7.039,-8.907,-8.936,1.425,-4.353,-2.685
-4.559,5.59,-11.893,0.242,1.771,0.0,1.235,-9.257,-13.372,1.664,-0.29,-2.108
1.192,4.167,-9.275,-0.768,-0.389,0.703,1.269,-13.496,-13.931,1.75,3.664,-1.982
4.032,1.523,-7.402,-0.621,0.54,0.319,0.546,-12.833,-14.404,2.263,2.845,-1.851
1.933,1.17,-9.107,-2.21,0.269,-0.609,1.715,-11.806,-17.174,1.938,1.034,-1.741
1.184,1.508,-6.261,-3.232,0.589,-2.496,-2.379,-8.982,-18.246,1.125,0.3,-1.051
-2.995,-3.432,-2.727,-3.681,0.896,-3.979,-17.231,-5.749,-18.144,-0.14,2.062,1.696
-8.619,-8.971,0.306,-4.289,1.272,-4.202,-6.741,-14.371,-7.211,-1.1,-0.393,0.288
-11.413,-11.192,-4.069,-2.843,1.42,-4.374,-1.238,-9.845,-11.528,-0.66,-0.15,-0.186
