-2.185,-9.733,-7.303,0.0,0.0,0.0,-1.378,-9.447,-11.288,0.0,0.0,0.0
-2.416,-9.858,-7.209,0.0,0.0,0.0,-1.342,-9.446,-11.299,0.0,0.0,0.0
-2.502,-9.754,-7.489,0.0,0.0,0.0,-1.366,-9.452,-11.294,0.0,0.0,0.0
-2.568,-9.664,-7.465,0.0,0.0,0.0,-1.368,-9.454,-11.258,0.0,0.0,0.0
-2.52,-9.767,-7.13,0.0,0.0,0.0,-1.32,-9.444,-11.276,0.0,0.0,0.0
-2.49,-9.667,-7.337,0.0,0.0,0.0,-1.221,-9.438,-11.18,0.0,0.0,0.0
-2.385,-9.769,-7.437,0.0,0.0,0.0,-1.476,-9.452,-11.566,0.0,-0.128,0.0
-2.849,-10.339,-7.27,0.0,-0.124,0.0,-1.478,-9.69,-11.512,0.204,0.0,0.0
-10.682,-11.907,-4.586,0.219,0.214,1.416,-1.346,-9.759,-11.461,0.538,0.532,0.18
-17.57,-13.201,-5.096,1.479,2.491,4.357,-2.945,-9.7,-11.196,0.837,0.156,-0.187
-19.888,-12.427,-4.274,1.35,-0.366,4.357,-3.166,-13.295,-13.48,0.946,0.122,-1.302
-18.033,-12.749,-5.46,2.03,-1.01,4.357,-0.552,-9.815,-22.659,-0.694,-1.389,-1.88
-13.854,-9.629,-4.632,1.469,-1.264,4.357,-6.286,-7.98,-22.925,-3.466,-2.285,-0.196
-3.686,-0.367,-4.348,2.226,0.295,4.357,-0.488,-13.309,-18.209,-4.323,0.0,3.125
3.087,2.552,-7.892,1.531,-1.545,3.184,1.953,-19.259,-12.21,-4.075,1.48,3.778
7.936,-0.882,-11.46,0.461,-1.951,-0.172,1.91,-17.151,-2.263,-1.071,0.632,-0.135
3.38,-0.682,-10.96,0.649,-0.789,-1.846,2.921,-11.245,-5.197,1.268,-3.048,-2.71
-0.85,6.627,-12.305,-0.62,-0.976,0.258,0.77,-10.599,-11.552,2.319,0.0,-2.23
-0.747,5.154,-7.517,-1.248,-0.817,0.987,1.088,-12.208,-13.682,3.12,1.588,-1.585
1.438,1.844,-9.21,-1.554,0.848,0.25,1.557,-11.205,-16.572,2.944,1.481,-0.492
2.753,0.781,-7.671,-1.289,-0.521,-0.884,1.021,-10.614,-17.881,2.172,1.392,0.307
3.831,-0.933,-11.375,-2.259,2.233,-3.477,0.744,-10.916,-17.593,1.089,0.0,0.358
-3.642,-10.094,-5.815,-4.289,1.303,-4.374,-2.056,-12.585,-20.606,-0.797,-0.168,1.221
-12.422,-20.073,0.566,-4.289,0.0,-4.374,-4.156,-9.67,-9.37,-0.667,-0.386,0.476
-16.136,-20.073,-0.952,-2.922,2.125,-4.374,-1.599,-10.002,-11.098,-0.439,0.0,-0.134
