-2.204,-9.873,-7.219,0.0,0.0,0.0,-1.077,-9.484,-11.178,0.0,0.0,0.0
-2.297,-9.825,-7.279,0.0,0.0,0.0,-1.055,-9.457,-11.18,0.0,0.0,0.0
-2.109,-9.784,-7.305,0.0,0.0,0.0,-1.026,-9.471,-11.202,0.0,0.0,0.0
-2.374,-9.843,-7.169,0.0,0.0,0.0,-1.066,-9.48,-11.194,0.0,0.0,0.0
-1.915,-9.749,-7.553,0.0,0.0,0.0,-1.06,-9.488,-11.188,0.0,0.0,0.0
-2.241,-9.788,-7.159,0.0,0.0,0.0,-1.013,-9.45,-11.203,0.0,0.0,0.0
-2.302,-9.803,-7.438,0.0,0.0,0.0,-1.037,-9.481,-11.158,0.0,0.0,0.0
-2.379,-9.949,-7.356,0.0,0.0,0.0,-1.09,-9.726,-11.213,0.0,0.0,0.0
-7.433,-11.388,-6.072,-0.207,0.893,0.315,-0.934,-9.736,-11.468,0.147,0.213,0.0
-18.075,-15.787,0.436,2.465,1.227,4.247,-1.504,-9.583,-11.856,0.607,0.128,0.0
-21.093,-13.617,-1.44,2.172,1.624,4.357,-2.425,-10.869,-11.858,1.085,0.0,-0.549
-18.488,-14.833,-6.158,1.184,-0.151,4.357,-6.635,-13.942,-16.566,1.101,-0.938,-1.565
-9.409,-9.017,-7.38,1.101,-0.774,4.357,1.898,-8.873,-21.458,-0.857,-1.936,-1.764
0.0,1.569,-6.232,1.398,-0.733,4.357,-0.637,-9.924,-22.956,-3.874,-2.807,1.616
2.486,3.341,-6.316,1.086,-2.124,1.968,-0.476,-16.197,-18.241,-4.323,0.0,4.278
3.822,-6.307,-8.51,0.355,0.292,-2.262,6.65,-19.259,-6.912,-3.684,2.781,3.66
-0.722,2.189,-12.893,0.0,1.166,0.501,3.783,-15.045,-3.457,0.0,-1.696,-1.773
5.544,5.407,-9.943,-1.084,-0.366,0.959,2.928,-11.297,-6.25,1.961,-1.189,-2.78
0.0,3.094,-8.349,-1.232,-1.249,0.115,2.335,-11.193,-12.321,3.254,1.389,-2.361
2.967,2.027,-4.434,-1.91,-0.373,-0.835,1.762,-9.28,-14.757,3.419,2.388,-0.99
2.561,0.512,-6.671,-2.538,0.956,-2.959,1.829,-8.591,-17.507,2.732,1.354,0.409
-5.805,-1.788,-5.883,-3.147,0.6,-4.374,5.297,-13.679,-22.662,1.33,0.0,0.886
-9.275,-9.818,-0.58,-4.289,0.868,-4.374,-4.406,-14.033,-20.521,-1.098,0.423,1.395
-13.779,-15.951,-3.283,-3.847,1.79,-4.374,-1.206,-9.992,-11.455,-0.854,-1.085,0.263
-17.252,-18.321,-4.768,-1.013,1.464,-4.374,-3.081,-9.506,-11.073,-0.418,0.254,0.487
