-1.184,-10.115,-7.814,0.0,-0.125,0.113,-0.604,-9.511,-10.653,0.0,0.0,0.0
-0.978,-9.924,-7.358,0.0,0.0,0.167,-0.666,-9.547,-10.662,0.0,0.0,0.0
-0.711,-9.969,-7.373,0.0,0.0,0.0,-0.695,-9.523,-10.66,0.0,0.0,0.0
-1.462,-9.975,-7.603,0.0,0.0,0.0,-0.708,-9.53,-10.712,0.0,0.0,0.0
-1.024,-9.976,-7.538,0.0,0.0,0.0,-0.696,-9.542,-10.742,0.0,0.0,0.0
-1.027,-9.834,-7.547,0.0,0.0,0.0,-0.921,-9.52,-10.738,0.0,0.0,0.0
-1.353,-9.902,-7.573,0.0,0.0,-0.117,-0.758,-9.484,-10.77,0.0,0.0,0.0
-1.763,-9.912,-7.525,0.0,-0.415,-0.127,-0.428,-9.555,-10.704,0.0,0.0,0.0
-4.893,-11.078,-7.896,0.0,-0.351,0.0,-0.677,-10.003,-11.074,0.149,0.104,0.0
-10.687,-14.038,-5.06,0.285,-0.346,2.542,-1.042,-9.978,-10.93,0.479,0.175,0.0
-15.973,-17.741,-6.507,2.014,1.312,4.357,-1.493,-10.303,-11.061,0.999,0.185,0.0
-17.316,-17.026,-3.195,1.608,0.539,4.357,-4.729,-12.648,-11.175,1.137,-0.107,-0.898
-12.948,-15.339,-7.27,1.826,0.622,4.357,4.582,-11.469,-25.116,0.0,-2.825,-2.303
-6.569,-3.652,-9.066,1.448,-1.108,4.357,-7.622,-6.319,-22.214,-3.109,-3.101,-1.277
4.596,2.503,-10.817,1.262,-3.118,4.23,-5.836,-14.541,-15.1,-4.006,-2.621,4.171
0.997,1.668,-10.222,0.0,0.0,0.493,7.055,-19.259,-20.174,-3.146,-2.139,4.372
1.174,1.296,-8.672,-0.391,-0.58,-0.166,4.975,-19.091,-7.283,-1.571,4.378,1.59
3.809,2.911,-7.741,0.336,0.0,0.0,1.025,-11.291,-1.847,0.745,-4.105,-3.097
4.004,4.952,-10.82,-0.124,0.136,-0.219,4.223,-7.035,-12.257,0.979,-1.867,-3.066
2.538,3.716,-8.837,-1.204,-0.895,-0.216,1.441,-11.719,-13.924,1.632,3.001,-2.261
4.112,0.596,-8.721,-1.812,-0.193,-1.536,-0.417,-11.505,-13.694,2.646,3.477,-1.037
2.995,-4.525,-9.613,-2.461,0.0,-3.188,2.736,-11.543,-14.496,2.509,1.395,0.0
1.056,-12.912,-10.443,-4.289,0.832,-4.374,2.826,-10.636,-18.022,2.206,1.625,0.291
-6.236,-20.073,-4.835,-4.289,2.846,-4.374,2.928,-10.301,-16.652,0.692,-0.611,0.0
-13.819,-20.073,1.881,-4.289,3.174,-4.374,-7.756,-16.006,-18.048,-0.964,0.681,1.59
