-1.959,-9.706,-7.24,0.0,0.0,0.0,-0.89,-9.459,-11.224,0.0,0.0,0.0
-1.744,-9.778,-7.122,0.0,0.0,0.0,-0.78,-9.472,-11.261,0.0,0.0,0.0
-1.816,-9.694,-6.997,0.0,0.0,0.0,-0.793,-9.495,-11.291,0.0,0.0,0.0
-1.968,-9.798,-6.997,0.0,0.0,0.0,-0.867,-9.481,-11.252,0.0,0.0,0.0
-2.156,-9.751,-7.135,0.0,0.0,0.0,-0.89,-9.48,-11.239,0.0,0.0,0.0
-1.971,-9.842,-7.068,0.0,0.0,0.0,-0.814,-9.465,-11.263,0.0,0.0,0.0
-2.115,-9.694,-7.396,0.0,0.0,0.0,-1.02,-9.442,-11.425,0.0,0.0,0.0
-1.984,-9.842,-7.134,0.0,0.0,0.0,0.0,-10.209,-11.834,0.0,0.152,0.0
-4.507,-11.158,-7.52,-0.114,0.0,-0.11,-0.975,-9.751,-11.804,0.457,0.189,0.0
-12.638,-12.642,-3.593,0.861,0.48,2.755,-2.739,-10.673,-12.151,1.142,0.0,-0.571
-15.683,-14.06,-2.092,2.574,1.874,4.357,-10.544,-17.391,-21.065,1.407,-1.51,-2.242
-20.867,-9.25,-5.664,1.584,1.624,4.357,-6.723,-4.288,-23.434,-1.527,-2.881,-1.534
-11.491,-9.169,-5.045,0.679,-0.541,4.357,0.407,-10.853,-20.56,-3.84,-3.109,3.592
-8.401,-1.083,-5.386,1.214,-0.911,4.357,2.514,-19.259,-15.916,-3.444,0.69,4.372
-6.788,7.096,-5.089,1.829,-1.388,3.592,-1.498,-19.259,2.404,-1.335,2.202,2.061
10.897,6.993,-9.415,2.262,-3.39,1.677,5.192,-12.694,-4.677,0.844,-4.353,-2.567
-11.356,-12.775,-5.129,-0.256,1.893,-1.579,3.926,-11.935,-8.76,1.615,-0.657,-3.352
-1.051,-4.204,-11.747,-1.202,1.709,2.778,1.625,-13.792,-13.827,1.737,1.856,-3.288
12.415,-1.228,-10.077,-0.407,-2.366,1.431,1.976,-10.989,-17.275,1.94,3.253,-1.991
4.19,0.756,-9.569,-3.135,0.941,-2.014,-0.553,-9.545,-19.092,1.606,2.554,0.0
1.698,-2.103,-8.757,-4.289,1.113,-4.374,-0.401,-11.366,-18.862,0.681,0.472,0.766
-4.998,-13.899,-1.001,-4.261,1.708,-4.374,-3.225,-15.266,-17.907,-0.388,0.837,1.837
-10.07,-20.073,-1.707,-2.47,3.668,-4.374,-5.211,-8.869,-12.367,-0.842,-0.946,-0.298
-13.499,-20.073,-1.912,-3.768,1.853,-4.374,-1.523,-9.816,-10.848,-0.414,0.0,0.0
-16.175,-19.511,-0.674,-1.895,-0.921,-2.676,-0.326,-9.435,-11.578,-0.216,0.0,0.0
