-1.448,-9.7,-10.127,-0.192,-0.153,-0.395,-1.651,-9.413,-11.859,0.0,0.0,0.0
-1.649,-9.853,-10.017,-0.244,-0.328,-0.407,-1.771,-9.483,-11.857,0.0,0.0,0.0
-4.964,-10.38,-8.965,0.0,-0.361,-0.127,-1.594,-9.481,-11.938,0.0,0.103,0.0
-7.591,-11.108,-9.242,0.794,0.525,1.132,-1.76,-9.456,-11.887,0.119,0.122,0.0
-10.309,-11.054,-7.76,0.666,-0.165,2.792,-1.955,-9.559,-11.768,0.254,0.0,0.0
-11.386,-11.223,-8.074,0.936,0.359,3.808,-1.86,-9.574,-11.577,0.394,0.0,0.0
-12.691,-10.833,-9.619,0.503,1.619,4.394,-2.235,-9.911,-11.346,0.56,0.116,0.0
-14.757,-8.189,-7.294,0.392,0.973,4.394,-2.963,-10.916,-11.706,1.118,0.0,-0.583
-12.717,-4.638,-7.867,0.239,0.211,4.394,-2.926,-15.689,-14.692,2.425,0.331,-1.128
-2.251,1.983,-8.729,0.512,-0.51,4.394,4.472,-12.707,-13.475,1.037,-0.552,-1.322
1.97,7.948,-11.554,0.262,-1.272,3.427,0.991,-6.784,-20.119,-1.558,-4.345,0.0
2.879,8.116,-11.277,-0.424,-0.311,1.659,0.79,-13.236,-14.355,-3.421,-0.523,1.807
2.503,7.957,-10.768,-0.179,-2.039,0.539,0.312,-16.191,-12.307,-4.1,-1.631,1.92
4.1,5.002,-10.941,0.263,-2.03,-0.375,1.938,-14.56,-8.385,-2.975,0.587,1.711
3.726,1.054,-9.902,-0.285,-1.69,-1.374,0.318,-8.662,-3.08,-0.906,-1.214,0.747
-0.356,2.919,-11.568,-0.175,-0.316,0.0,2.515,-6.642,-6.131,0.907,-0.822,-0.307
4.156,3.984,-12.434,-0.703,-0.152,0.914,0.706,-8.471,-9.041,1.892,0.598,-1.054
6.351,4.016,-10.123,-1.073,1.025,0.0,1.127,-11.304,-11.706,2.493,1.524,-1.246
3.398,3.623,-10.842,-1.044,0.517,-1.422,0.657,-13.477,-12.37,2.887,2.197,-1.102
2.529,0.657,-9.556,-2.314,0.126,-4.337,0.959,-12.054,-13.078,2.475,2.208,-0.578
-6.075,-7.9,-4.404,-3.649,0.338,-4.337,1.434,-9.973,-12.459,1.56,1.852,0.0
-14.985,-15.767,1.342,-3.603,-0.566,-4.337,-0.8,-10.033,-12.16,0.618,-0.564,0.515
-13.005,-16.86,2.828,-3.163,-0.225,-4.337,-1.845,-9.157,-19.093,-0.696,-0.705,0.899
-9.075,-14.51,-0.9,-1.402,0.697,-3.105,-5.703,-15.366,-6.549,-1.361,2.125,1.295
-9.039,-10.519,-3.723,-0.493,1.389,-2.371,-2.902,-9.316,-12.542,-0.473,0.115,0.171
