-0.882,-9.269,-10.162,-0.207,-0.329,-0.371,-1.563,-9.565,-11.227,0.0,0.0,0.0
-1.454,-9.747,-10.229,-0.238,-0.211,-0.553,-1.627,-9.562,-11.172,0.0,0.0,0.0
-1.891,-9.986,-10.208,-0.254,-0.138,-0.436,-1.413,-9.428,-11.012,0.0,0.0,0.0
-2.164,-9.834,-9.928,-0.194,0.0,-0.229,-1.38,-9.464,-11.035,0.0,0.101,0.0
-1.984,-9.873,-9.904,0.0,0.0,0.0,-1.503,-9.664,-11.143,0.0,0.0,0.0
-1.73,-9.671,-10.092,0.0,0.0,0.0,-1.436,-9.527,-10.989,0.162,0.0,0.0
-3.122,-10.021,-9.918,0.178,-0.363,0.116,-1.514,-9.62,-10.814,0.246,0.116,0.0
-6.627,-11.881,-8.489,0.994,-0.731,1.646,-1.891,-9.926,-10.794,0.394,0.12,0.0
-8.966,-11.17,-7.546,1.519,1.637,3.234,-2.173,-10.757,-10.99,0.769,0.0,-0.536
-13.837,-10.367,-6.424,1.405,0.616,4.36,-3.555,-13.269,-11.995,1.698,0.251,-1.037
-16.549,-9.847,-5.877,1.032,0.345,4.394,-1.886,-13.147,-14.526,2.412,-0.183,-0.764
-16.249,-8.838,-6.468,0.908,0.115,4.394,-0.947,-7.684,-12.552,0.31,-1.699,-0.403
-7.564,-2.527,-7.94,1.118,-0.374,4.394,2.146,-8.358,-14.848,-2.585,-1.373,0.708
0.0,3.212,-8.604,0.974,-2.139,4.394,-1.502,-13.266,-11.008,-3.835,-1.012,1.515
4.45,6.515,-11.122,0.653,-1.526,2.328,3.007,-15.172,-14.714,-4.366,-1.604,1.994
3.897,8.119,-9.006,-0.186,-1.055,0.228,-0.422,-14.208,-4.838,-2.761,3.075,1.413
3.363,5.642,-9.005,0.215,-1.084,-0.881,0.403,-9.377,-2.032,-0.369,-1.321,0.143
-0.57,1.772,-10.129,0.0,-1.826,-1.66,1.847,-6.966,-7.27,1.786,-0.903,-0.568
0.21,2.212,-10.846,0.306,-0.325,0.124,2.224,-8.928,-11.33,2.397,0.434,-0.931
1.222,1.974,-12.68,-0.49,0.398,0.523,1.229,-11.791,-11.861,2.778,2.133,-1.032
2.724,0.931,-11.444,-1.401,0.645,0.498,1.338,-11.983,-12.302,2.781,1.71,-0.641
2.455,3.297,-11.714,-1.807,1.524,-1.524,0.875,-10.363,-12.599,2.016,1.783,-0.104
-3.379,1.155,-8.85,-2.609,3.11,-4.337,0.847,-8.667,-11.501,0.95,0.67,0.435
-12.216,-8.872,0.0,-2.796,1.025,-4.337,-1.879,-8.426,-15.467,-0.212,-1.565,0.484
-13.905,-13.009,1.694,-3.848,-0.296,-4.337,1.261,-15.064,-17.392,-2.163,1.546,1.127
