-0.624,-9.551,-9.562,0.0,-0.242,0.0,-1.493,-9.578,-10.631,0.0,0.0,0.0
-1.709,-9.733,-9.255,0.0,0.0,0.0,-1.559,-9.573,-10.633,0.0,0.0,0.0
-1.964,-9.468,-9.597,0.0,0.0,0.0,-1.614,-9.686,-10.578,0.0,0.0,0.0
-2.199,-9.548,-9.858,0.0,0.0,0.0,-1.669,-9.504,-10.541,0.0,0.0,0.0
-1.774,-9.657,-10.034,0.0,-0.134,0.0,-1.376,-9.562,-10.418,0.0,0.0,0.0
-1.428,-9.646,-9.732,0.0,-0.238,0.0,-1.619,-9.645,-10.455,0.0,0.0,0.0
-1.259,-9.692,-9.452,0.0,-0.211,0.0,-1.487,-9.667,-10.395,0.0,0.0,0.0
-1.879,-10.215,-9.055,0.778,0.106,0.586,-1.645,-9.68,-10.434,0.0,0.221,0.0
-6.439,-11.021,-7.839,1.977,0.294,1.882,-1.879,-9.656,-10.59,0.0,0.245,0.0
-13.632,-9.02,-5.948,1.079,1.916,2.952,-1.545,-10.142,-10.699,0.194,0.0,0.0
-16.163,-7.824,-6.225,0.785,0.935,4.394,-2.548,-10.373,-10.863,0.592,0.0,-0.342
-18.968,-10.236,-8.527,0.649,0.483,4.394,-4.514,-13.601,-13.068,1.658,0.202,-1.029
-14.274,-7.006,-8.013,0.383,0.426,4.394,-1.231,-14.453,-16.199,2.579,-0.883,-0.88
-5.45,-0.275,-6.366,0.705,-1.083,4.394,-1.913,-8.932,-12.174,0.695,-3.257,-0.661
5.759,6.469,-10.345,1.013,-1.53,4.394,2.281,-6.77,-15.248,-2.033,-3.03,1.06
3.988,8.473,-9.105,0.369,-0.546,1.55,0.494,-12.166,-11.57,-3.196,-1.422,2.248
8.264,3.927,-10.854,0.787,-0.959,-0.557,1.437,-12.851,-11.623,-3.431,-1.558,2.817
1.497,-4.502,-10.384,-0.287,-1.451,-3.439,1.229,-12.316,-5.041,-2.34,0.483,2.532
-4.539,0.0,-11.861,0.315,0.0,0.0,6.458,-11.261,-4.49,-0.104,-0.787,0.519
0.815,-0.308,-10.969,-0.894,0.874,1.208,1.532,-10.465,-7.905,1.748,0.399,-1.623
1.902,3.711,-9.493,-1.5,0.405,0.584,-0.366,-11.747,-11.987,2.465,1.087,-2.042
3.105,7.591,-12.051,-1.197,1.087,-1.438,0.0,-12.285,-14.026,2.558,1.859,-1.836
0.802,6.952,-10.075,-1.501,1.688,-4.337,0.0,-10.517,-13.449,2.1,2.048,-1.283
-5.219,-1.498,-3.268,-1.554,1.345,-4.337,0.0,-9.506,-12.537,1.227,1.995,-0.405
-12.399,-5.391,0.109,-1.571,-1.632,-4.337,0.645,-8.838,-11.286,0.228,1.545,0.521
