-2.413,-9.522,-10.121,0.0,-0.114,0.204,-1.715,-9.518,-10.953,0.155,0.0,0.0
-2.108,-9.719,-9.51,0.0,-0.256,0.311,-1.716,-9.556,-10.842,0.175,0.0,0.0
-1.56,-9.624,-10.132,0.19,0.0,0.359,-1.73,-9.62,-10.736,0.187,0.0,0.0
-1.569,-9.47,-10.048,0.0,-0.24,0.334,-1.857,-9.603,-10.489,0.201,0.0,0.0
-1.218,-9.402,-9.67,0.0,-0.406,0.182,-1.903,-9.643,-10.297,0.206,0.0,0.0
-1.357,-9.505,-9.45,0.0,-0.304,0.0,-1.986,-9.606,-10.187,0.196,0.125,0.0
-1.622,-9.523,-9.078,0.0,-0.382,0.0,-1.96,-9.546,-9.952,0.165,0.0,0.0
-1.624,-9.351,-8.625,0.0,-0.204,0.0,-2.161,-9.628,-9.693,0.0,0.1,0.0
-9.534,-11.133,-6.655,0.513,0.755,0.904,-2.262,-10.07,-10.392,0.141,0.32,0.0
-18.036,-13.457,-4.877,1.079,0.764,3.247,-2.613,-10.166,-10.171,0.461,0.0,-0.345
-17.179,-15.373,-8.756,1.116,0.225,4.394,-2.03,-11.499,-10.701,0.973,0.0,-0.716
-15.91,-16.555,-7.248,0.777,0.284,4.394,-1.983,-13.447,-12.427,1.942,0.249,-0.912
-8.583,-10.193,-10.827,0.862,0.346,4.394,5.32,-10.59,-12.975,1.085,-0.223,-0.878
-0.919,-0.511,-6.867,0.0,-2.145,4.394,1.807,-6.729,-16.698,-1.055,-4.253,-0.177
5.989,4.987,-9.329,1.281,-1.802,3.098,-0.482,-9.764,-12.335,-2.935,-1.309,1.393
6.969,6.718,-10.307,1.058,0.0,0.405,-1.116,-13.737,-10.979,-3.719,-1.411,2.176
7.404,5.804,-10.333,0.828,-1.443,-1.145,1.094,-14.771,-9.979,-3.2,-0.584,2.563
2.073,-1.814,-9.771,-1.746,-3.612,-4.253,1.378,-12.264,-4.181,-1.55,0.261,1.509
-7.468,0.825,-9.372,0.63,0.929,0.379,2.223,-9.799,-5.402,0.604,-0.743,-0.417
0.495,1.414,-10.761,-0.873,0.326,1.978,1.028,-10.535,-9.446,1.965,0.514,-1.38
0.806,3.486,-7.928,-1.074,1.584,1.115,-1.119,-11.705,-11.163,2.854,1.756,-1.418
4.1,6.025,-9.406,-0.666,1.215,-0.487,-0.39,-11.487,-12.238,2.77,1.492,-1.051
2.079,6.518,-10.9,-1.094,1.234,-3.422,0.718,-10.129,-12.409,2.108,1.842,-0.405
-5.917,-3.418,-8.461,-1.767,1.926,-4.337,1.364,-10.044,-12.153,1.151,0.762,0.0
-14.11,-12.407,-0.966,-1.887,-0.235,-4.337,0.773,-9.358,-14.052,0.0,0.537,-0.177
