-2.724,-10.028,-9.884,-0.292,0.0,-0.787,-1.336,-9.498,-10.914,0.0,0.0,0.0
-2.95,-10.005,-9.368,-0.126,0.0,-0.319,-1.411,-9.521,-10.88,0.118,0.125,0.0
-4.873,-10.033,-9.018,0.252,0.131,0.354,-1.59,-9.707,-10.845,0.191,0.141,0.0
-6.214,-9.943,-9.41,0.294,0.146,1.094,-1.658,-9.65,-10.59,0.289,0.108,0.0
-8.58,-10.305,-8.644,0.225,0.151,2.261,-1.71,-9.91,-10.504,0.39,0.0,-0.108
-10.872,-10.951,-7.677,0.444,0.812,3.299,-2.019,-10.643,-10.734,0.71,0.0,-0.498
-15.936,-11.733,-8.115,1.002,0.347,4.394,-2.403,-13.344,-11.558,1.634,0.326,-0.94
-16.906,-11.192,-7.884,0.565,0.0,4.394,2.714,-10.797,-13.593,1.565,-0.851,-0.913
-9.448,-7.335,-8.982,0.657,-0.116,4.394,-3.424,-6.451,-13.111,0.0,-3.959,-0.578
-2.896,0.602,-9.147,0.218,-1.038,4.394,1.152,-8.079,-14.397,-1.953,-1.068,1.004
-0.647,4.549,-9.034,0.245,-1.427,3.413,0.791,-12.135,-12.089,-3.042,-0.2,1.683
3.438,7.565,-9.769,0.281,-1.528,2.007,0.159,-13.478,-11.187,-3.306,-1.514,1.673
4.695,8.745,-9.365,0.329,-0.473,0.104,0.55,-12.517,-8.841,-2.258,0.284,1.694
4.865,6.698,-9.682,0.326,-0.47,-1.407,0.317,-10.274,-6.337,-0.633,0.0,0.732
-1.905,1.044,-9.391,-0.167,-1.454,-2.693,0.662,-8.956,-7.586,0.768,-0.601,-0.464
-3.975,2.054,-10.258,0.177,-0.709,0.338,0.462,-9.798,-10.365,1.713,0.557,-0.949
-0.525,4.778,-11.357,-0.32,0.449,1.45,0.166,-11.284,-11.944,2.3,1.699,-0.932
0.924,5.684,-9.194,-1.777,-1.316,0.828,-0.145,-11.335,-12.034,2.387,1.937,-0.665
4.61,4.812,-8.453,-1.841,-0.997,-0.159,0.652,-10.332,-11.527,1.948,1.729,-0.288
6.096,3.162,-11.972,-1.994,3.693,-2.611,0.469,-8.891,-11.003,1.349,0.666,0.169
-3.617,-5.496,-11.376,-4.045,2.316,-4.337,0.123,-9.124,-12.148,0.5,-1.628,0.275
-11.942,-15.605,0.0,-3.464,0.483,-4.337,-3.114,-9.827,-18.403,-0.989,-0.243,0.977
-11.917,-18.669,-0.378,-2.989,0.846,-4.337,-4.833,-14.506,-8.103,-0.774,1.779,1.157
-6.16,-19.666,-4.147,-1.325,1.914,-4.337,-3.692,-9.533,-9.994,-0.419,0.363,0.255
-14.957,-16.03,-6.527,0.0,2.624,-2.392,-1.254,-9.729,-10.608,-0.171,-0.302,-0.317
