-2.361,-9.984,-9.753,-0.248,-0.2,-0.361,-1.444,-9.529,-10.665,0.0,0.0,0.0
-2.515,-10.147,-9.127,0.0,0.0,0.0,-1.553,-9.6,-10.683,0.0,0.0,0.0
-1.551,-9.596,-10.016,0.134,-0.139,0.166,-1.825,-9.62,-10.639,0.0,0.172,0.0
-1.587,-9.814,-9.446,0.0,0.133,0.169,-2.027,-9.669,-10.645,0.15,0.288,0.0
-1.209,-9.53,-10.078,0.149,0.0,0.111,-1.765,-9.687,-10.462,0.283,0.0,0.0
-1.629,-9.427,-10.087,0.217,0.0,0.0,-1.958,-10.05,-10.262,0.387,0.0,0.0
-3.084,-9.212,-9.881,0.179,-0.214,0.108,-2.358,-10.481,-10.327,0.671,0.0,-0.302
-5.78,-9.997,-9.165,0.512,0.429,1.121,-3.302,-12.34,-11.134,1.43,0.218,-0.757
-10.453,-11.136,-7.127,1.168,2.736,3.356,-0.412,-11.887,-13.293,2.123,-1.253,-0.778
-18.022,-9.943,-8.94,0.966,1.953,4.394,-2.463,-8.38,-11.884,0.711,-2.537,-0.809
-19.284,-11.334,-11.833,-0.197,2.292,4.394,0.592,-7.491,-14.09,-1.605,-1.608,0.642
-14.099,-9.809,-10.931,-1.668,0.535,4.394,-1.342,-12.309,-11.093,-2.93,-0.954,1.69
-5.271,-3.74,-8.575,-1.841,-1.055,4.394,0.137,-14.564,-11.626,-3.257,-2.069,2.135
2.241,4.328,-9.778,-0.49,-1.448,3.75,1.206,-13.121,-11.052,-2.547,-0.318,2.258
2.236,8.016,-9.106,-0.258,-1.434,1.765,1.8,-10.597,-6.235,-1.43,0.106,1.169
6.837,7.458,-10.295,0.615,-1.909,0.0,1.877,-9.076,-6.164,0.308,-0.318,-0.414
5.108,0.0,-8.052,-0.985,-4.353,-3.296,-0.223,-8.347,-8.712,1.551,0.158,-1.382
-11.234,-1.471,-8.092,1.849,-4.353,-0.271,0.0,-10.982,-11.219,2.159,1.477,-1.513
-1.441,2.34,-13.375,0.606,1.469,1.773,-0.448,-11.941,-12.094,2.458,2.359,-1.241
6.348,3.435,-13.196,-0.507,0.577,1.348,1.124,-11.058,-11.867,2.25,2.104,-0.838
3.463,5.079,-10.513,-1.646,0.634,0.201,1.386,-8.461,-11.546,1.469,1.741,-0.413
5.802,5.707,-11.998,-2.666,2.677,-2.43,0.945,-8.869,-11.255,0.592,1.258,0.0
-1.331,-4.217,-10.539,-3.13,3.246,-4.337,0.263,-10.482,-11.07,-0.22,-0.604,0.523
-10.539,-14.902,-1.676,-4.301,0.635,-4.337,4.738,-13.962,-19.366,-2.003,0.28,1.03
-11.869,-19.666,-0.322,-2.459,1.274,-4.337,-3.034,-11.997,-8.341,-0.903,-0.948,0.856
