-1.665,-9.454,-9.844,-0.268,-0.414,-0.397,-1.471,-9.511,-10.917,0.0,0.0,0.0
-1.939,-9.679,-9.526,-0.31,-0.359,-0.483,-1.392,-9.499,-10.91,0.0,0.0,0.0
-2.437,-9.734,-9.632,-0.169,-0.16,-0.415,-1.322,-9.4,-10.882,0.0,0.102,0.0
-3.177,-9.902,-8.702,0.159,0.0,0.0,-1.523,-9.573,-11.051,0.0,0.0,0.0
-2.718,-9.454,-9.835,0.0,0.0,0.0,-1.468,-9.659,-10.848,0.136,0.0,0.0
-1.899,-9.564,-9.625,0.0,-0.37,0.122,-1.365,-9.55,-10.57,0.11,0.198,0.0
-1.793,-9.409,-9.689,0.0,-0.155,0.103,-1.817,-9.679,-10.812,0.14,0.15,0.0
-4.417,-10.567,-8.0,0.36,0.469,0.526,-1.52,-9.619,-10.667,0.231,0.0,0.0
-10.54,-12.409,-7.27,1.043,1.223,2.475,-2.2,-10.227,-10.808,0.41,0.145,-0.126
-15.824,-13.244,-5.121,1.214,0.773,4.163,-2.288,-11.436,-11.173,0.991,0.0,-0.729
-16.974,-14.208,-7.099,1.792,2.073,4.394,-1.977,-14.9,-14.062,2.363,-0.325,-1.124
-12.009,-13.166,-8.801,1.11,0.507,4.394,1.871,-10.922,-12.86,1.166,-0.825,-1.184
-2.359,-3.965,-9.975,0.987,-1.1,4.394,1.287,-6.159,-18.375,-1.162,-3.403,0.434
-0.181,5.759,-9.604,0.0,-3.207,3.629,-1.089,-10.646,-12.047,-2.755,-1.235,2.208
3.223,5.911,-9.68,1.268,-1.235,1.433,-0.43,-15.275,-11.262,-3.372,-2.646,2.754
3.327,5.267,-12.575,1.591,-1.423,-0.277,1.747,-14.732,-10.072,-2.537,-1.096,2.873
0.839,4.201,-10.178,-1.246,-4.039,-1.807,4.253,-11.372,-5.758,-1.185,-0.633,1.143
-2.649,3.424,-12.237,1.298,-2.362,-0.517,2.067,-9.218,-5.785,0.735,0.368,-0.775
-3.861,3.97,-12.672,-0.344,2.312,-0.156,-1.054,-11.065,-8.609,1.941,0.0,-1.804
-2.159,2.927,-10.743,-1.355,0.283,1.49,-0.698,-12.878,-12.353,2.493,1.365,-2.064
0.69,3.431,-9.959,-2.004,1.367,0.982,-0.63,-12.616,-13.335,2.428,2.836,-1.674
2.184,3.907,-8.259,-2.026,1.297,-0.103,0.103,-10.762,-12.839,1.694,2.421,-1.219
1.211,2.688,-9.403,-2.308,2.866,-2.746,0.0,-8.775,-12.669,0.814,1.598,-0.497
-8.9,-4.51,-7.26,-3.015,3.703,-4.337,-1.229,-9.627,-12.132,0.127,0.433,0.418
-11.626,-12.275,-0.68,-3.089,0.466,-4.337,5.132,-13.786,-20.293,-1.946,-0.663,1.15
