-1.194,-9.582,-10.165,-0.17,-0.191,-0.454,-1.736,-9.554,-11.203,0.0,0.0,0.0
-1.747,-9.986,-10.12,-0.164,0.0,-0.453,-1.678,-9.512,-11.081,0.0,0.0,0.0
-2.2,-9.983,-9.809,0.0,0.0,-0.267,-1.625,-9.549,-11.117,0.0,0.0,0.0
-2.324,-9.823,-9.759,0.0,0.229,0.0,-1.637,-9.495,-11.056,0.0,0.0,0.0
-1.803,-9.625,-10.313,0.0,-0.102,0.0,-1.626,-9.594,-11.023,0.0,0.0,0.0
-1.544,-9.464,-10.094,0.0,-0.136,0.0,-1.7,-9.541,-10.94,0.0,0.0,0.0
-1.472,-9.636,-10.048,0.0,0.0,0.0,-1.562,-9.51,-10.86,0.0,0.0,0.0
-5.609,-10.786,-7.67,0.527,-0.429,0.647,-1.618,-9.625,-11.08,0.17,0.141,0.0
-8.289,-10.985,-8.559,1.337,0.947,2.317,-1.738,-9.886,-10.744,0.319,0.0,-0.148
-13.241,-11.709,-4.757,2.054,0.564,4.117,-2.118,-10.241,-10.838,0.632,0.0,-0.349
-16.528,-10.222,-6.714,1.806,1.295,4.394,-2.03,-12.556,-11.956,1.324,0.358,-0.801
-14.776,-9.498,-4.909,1.284,0.285,4.394,-2.353,-14.836,-12.928,2.337,0.122,-1.035
-8.245,-4.636,-6.501,1.804,0.0,4.394,3.948,-9.157,-12.082,1.079,-0.923,-0.638
-2.586,2.021,-9.874,1.102,-0.718,4.394,0.544,-5.818,-17.61,-1.166,-4.345,0.693
0.951,5.288,-10.004,0.279,-1.212,2.936,-1.76,-10.957,-13.101,-2.638,-1.321,2.672
3.347,8.88,-9.768,0.0,-1.248,1.55,-2.093,-16.781,-12.536,-3.265,-2.152,3.409
3.397,7.545,-7.242,0.749,-1.271,0.437,2.023,-16.911,-11.26,-2.564,-1.126,2.966
4.946,2.589,-9.263,-0.348,-1.652,-1.348,1.794,-10.671,-8.381,-1.33,-0.733,1.316
-1.981,0.767,-9.257,0.49,1.045,-0.81,0.59,-7.234,-6.833,0.0,0.0,0.0
3.53,3.311,-14.968,0.561,0.211,0.998,0.93,-9.918,-8.39,1.234,0.865,-1.547
4.218,4.101,-13.423,-0.977,0.741,0.412,-2.201,-11.529,-9.8,2.258,1.223,-2.241
4.407,3.915,-12.257,-2.154,0.569,-0.945,-0.989,-12.558,-12.926,2.488,1.629,-2.065
2.48,2.198,-9.412,-2.701,0.963,-2.893,-0.46,-12.116,-13.953,2.234,3.105,-1.494
-2.263,-4.584,-9.133,-3.466,1.938,-4.337,-0.497,-9.564,-12.169,1.382,3.143,-0.621
-11.009,-10.479,-3.183,-2.452,0.303,-4.337,-0.399,-10.165,-11.474,0.867,1.248,0.186
