-1.505,-9.497,-10.23,0.0,0.0,0.0,-1.435,-9.598,-10.565,0.0,0.0,0.0
-1.616,-9.461,-10.153,0.0,0.0,0.0,-1.26,-9.493,-10.643,0.0,0.0,0.0
-3.145,-9.515,-9.195,-0.133,0.0,0.0,-1.244,-9.528,-10.724,0.0,0.0,0.0
-5.531,-10.456,-8.8,0.776,1.328,0.73,-1.46,-9.718,-10.677,0.127,0.0,0.0
-9.914,-11.363,-7.634,1.043,0.827,2.001,-1.453,-9.634,-10.474,0.202,0.0,0.0
-13.012,-11.88,-7.986,1.303,0.925,3.522,-1.515,-9.771,-10.297,0.318,0.0,0.0
-13.602,-13.479,-9.323,1.643,-0.204,4.394,-1.96,-10.651,-10.438,0.585,0.108,-0.194
-15.228,-11.552,-7.89,1.207,0.579,4.394,-2.68,-14.065,-11.811,1.446,0.131,-0.735
-9.865,-6.03,-8.214,1.118,0.0,4.394,1.39,-12.585,-15.748,2.084,-1.515,-0.929
-1.821,3.399,-10.324,0.91,-1.393,4.394,-0.174,-7.509,-15.84,0.458,-4.104,-0.944
3.296,8.467,-11.186,0.0,-1.374,3.218,2.189,-7.254,-14.487,-1.634,-1.98,0.896
3.485,7.748,-6.542,0.504,0.128,1.23,-1.86,-13.078,-11.023,-2.97,-1.792,1.868
2.547,6.243,-9.929,1.025,0.163,0.111,2.943,-15.911,-16.767,-3.295,-3.537,2.664
1.053,5.0,-7.052,0.477,-0.684,-0.844,4.02,-14.538,-13.759,-3.354,2.184,2.252
0.936,1.583,-11.205,0.498,-1.179,-1.538,-3.397,-8.662,-1.496,-1.679,-0.885,1.012
-0.367,4.28,-13.963,-0.161,0.217,1.107,4.553,-7.575,-5.323,0.726,-1.172,-0.16
3.298,1.275,-9.877,-1.137,0.383,1.993,2.12,-9.243,-8.984,1.902,1.009,-1.617
4.043,2.164,-7.94,0.0,1.349,0.834,0.626,-11.467,-12.26,2.602,1.153,-2.134
5.486,4.733,-9.367,0.572,0.203,-0.333,1.131,-12.306,-14.386,2.854,2.427,-1.696
5.888,8.932,-15.496,0.665,0.331,-3.153,0.838,-11.194,-13.827,2.313,2.435,-0.861
0.496,1.348,-11.76,-1.894,0.429,-4.337,0.652,-9.126,-12.392,1.598,1.959,0.0
-11.372,-8.298,-0.955,-2.43,-1.43,-4.337,1.563,-9.978,-11.619,0.725,1.462,0.69
-13.084,-9.96,6.259,-3.786,-4.313,-4.337,0.671,-10.348,-10.863,-0.147,-1.305,0.668
-7.538,-10.834,-2.365,-1.794,2.331,-4.337,2.436,-13.958,-15.751,-1.658,0.988,1.048
-8.014,-19.666,-6.807,-2.47,1.865,-4.337,-7.772,-12.652,-6.008,-1.057,0.372,0.791
