-1.863,-9.924,-9.044,-0.875,0.464,-0.422,-1.539,-9.539,-11.234,0.136,0.0,0.0
-3.06,-10.02,-8.465,-0.622,0.133,-0.35,-1.688,-9.646,-11.109,0.229,0.0,0.0
-2.528,-9.482,-9.275,-0.123,-0.111,-0.138,-1.398,-9.602,-10.836,0.297,0.0,0.0
-4.945,-9.796,-7.215,0.1,0.668,0.29,-2.082,-9.742,-10.69,0.426,0.157,0.0
-10.044,-10.763,-6.81,0.664,2.56,1.436,-1.857,-10.189,-10.599,0.693,0.0,-0.279
-11.879,-11.993,-7.748,0.76,0.986,3.153,-3.065,-12.414,-11.962,1.437,0.422,-0.666
-12.909,-12.758,-8.547,0.613,1.17,4.394,-0.496,-12.573,-13.186,1.945,-0.632,-0.757
-15.164,-11.305,-9.021,0.0,0.582,4.394,-2.871,-9.025,-10.947,0.514,-1.901,-0.923
-15.623,-9.481,-9.158,0.15,-0.32,4.394,0.34,-7.08,-14.935,-1.568,-2.253,0.418
-4.74,-3.842,-8.213,0.0,-1.234,4.394,-1.915,-10.957,-11.9,-2.894,-1.032,1.611
1.934,4.031,-9.729,0.926,-2.267,4.394,-0.576,-14.591,-11.742,-3.196,-2.101,2.358
4.921,6.846,-11.023,0.85,-1.28,2.185,0.619,-13.378,-10.253,-2.437,0.174,2.393
7.93,8.03,-10.645,0.97,-0.832,-0.117,1.397,-11.06,-5.351,-1.078,0.0,1.115
3.514,1.791,-10.549,-0.573,-2.155,-2.729,1.55,-9.099,-6.536,0.558,-0.533,-0.46
-7.787,-0.345,-9.163,0.289,-0.813,-1.258,0.183,-9.322,-9.117,1.671,0.141,-1.241
-0.933,2.336,-11.861,-0.207,0.365,1.901,-0.169,-11.037,-11.634,2.19,1.41,-1.309
4.781,3.093,-10.123,-1.102,-0.224,1.852,-1.0,-11.571,-11.944,2.351,2.119,-0.926
4.432,3.928,-9.914,-1.482,-0.742,0.417,-0.301,-11.334,-11.995,1.992,1.657,-0.627
6.615,5.947,-11.302,-2.139,1.854,-2.539,-0.466,-10.645,-12.077,1.299,1.294,-0.18
2.668,-1.121,-10.701,-3.761,1.818,-4.337,-1.576,-10.485,-11.481,0.695,0.254,0.213
-9.588,-16.176,-1.209,-3.049,1.18,-4.337,-0.364,-8.602,-13.219,0.0,-0.865,0.362
-15.122,-19.666,-0.292,-3.057,1.799,-4.337,-4.602,-9.483,-15.481,-1.337,0.686,0.937
-8.31,-19.666,-5.78,-0.757,1.856,-4.337,-6.282,-10.981,-9.438,-0.719,0.455,0.734
-19.284,-19.666,-6.467,0.112,2.169,-4.337,-4.648,-10.068,-9.782,-0.537,-0.37,0.0
-4.028,-9.345,-9.997,-1.28,2.065,0.585,-1.893,-9.819,-10.769,-0.281,-0.192,-0.365
