-0.84,-9.382,-9.82,-0.27,-0.382,-0.413,-1.49,-9.628,-10.663,0.0,0.0,0.0
-1.61,-9.454,-9.734,-0.373,-0.429,-0.563,-1.517,-9.537,-10.452,0.0,0.0,0.0
-1.827,-9.993,-9.33,-0.334,-0.252,-0.431,-1.356,-9.492,-10.507,0.0,0.0,0.0
-2.395,-10.061,-9.696,-0.158,0.0,-0.23,-1.269,-9.578,-10.618,0.0,0.0,0.0
-2.179,-10.031,-9.239,0.0,-0.184,0.0,-1.305,-9.556,-10.426,0.0,0.0,0.0
-1.62,-9.733,-9.647,0.0,-0.122,0.13,-1.22,-9.554,-10.52,0.0,0.0,0.0
-1.589,-9.869,-9.462,0.114,-0.212,0.157,-1.284,-9.668,-10.607,0.0,0.0,0.0
-3.221,-10.834,-8.408,0.664,0.111,0.686,-1.342,-9.638,-10.509,0.139,0.0,0.0
-8.255,-11.26,-7.257,0.85,0.586,1.885,-1.273,-9.686,-10.375,0.212,0.116,0.0
-11.841,-10.936,-4.876,1.472,0.366,2.444,-1.907,-9.98,-10.042,0.347,0.209,0.0
-14.42,-13.98,-5.887,1.925,0.736,4.385,-1.924,-10.479,-10.217,0.659,0.0,-0.284
-12.767,-13.979,-6.876,1.752,0.828,4.394,-3.698,-12.516,-11.114,1.436,0.243,-0.727
-9.01,-7.543,-7.964,0.812,1.106,4.394,-0.775,-12.577,-12.738,2.206,-0.957,-0.618
-2.615,1.246,-7.639,0.93,-0.384,4.394,1.506,-10.399,-11.919,1.339,-2.115,-0.632
1.966,6.107,-10.132,1.195,-0.912,3.764,0.881,-6.085,-14.626,-0.987,-3.246,0.324
4.595,8.453,-11.341,0.0,0.0,1.337,0.0,-9.446,-11.675,-2.729,-0.816,1.804
1.865,8.661,-9.594,-0.397,-0.831,-0.273,-1.273,-13.052,-10.552,-3.653,-1.834,2.422
0.754,8.644,-8.817,-0.133,-1.284,-0.934,1.051,-15.214,-10.347,-3.11,-0.608,2.988
-0.893,-0.327,-7.548,0.445,-0.819,-1.899,1.514,-12.389,-6.229,-1.637,0.777,1.647
-4.016,1.796,-11.243,0.435,1.183,0.633,1.457,-9.464,-5.926,0.383,-0.841,-0.201
2.747,0.764,-10.186,-0.449,-0.487,2.422,0.315,-8.959,-9.574,1.624,0.203,-1.248
5.609,2.88,-8.223,-0.401,-0.126,0.759,-0.54,-10.614,-11.568,2.225,1.377,-1.376
4.418,4.471,-9.188,1.118,0.0,-1.556,-0.381,-11.946,-12.812,2.444,1.915,-1.15
-0.746,6.816,-12.941,0.763,0.427,-4.15,-0.645,-11.829,-12.302,2.138,1.967,-0.828
-5.258,0.225,-7.417,-2.578,-1.766,-4.337,-0.356,-10.797,-12.075,1.494,1.072,-0.387
