-0.31,-8.91,-10.252,0.0,-0.252,0.152,-1.727,-9.503,-11.361,0.0,0.0,0.0
-0.784,-9.421,-10.042,-0.251,-0.301,-0.326,-1.54,-9.451,-11.231,0.0,0.0,0.0
-1.353,-9.557,-9.989,-0.232,-0.255,-0.436,-1.571,-9.519,-11.208,0.0,0.0,0.0
-1.824,-10.017,-9.759,-0.273,-0.256,-0.458,-1.545,-9.479,-11.317,0.0,0.0,0.0
-2.041,-10.05,-9.844,-0.121,-0.198,-0.275,-1.571,-9.506,-11.191,0.0,0.0,0.0
-1.945,-9.797,-9.808,0.0,-0.166,0.0,-1.539,-9.618,-11.256,0.138,0.132,0.0
-3.16,-10.315,-9.427,0.333,0.164,0.472,-1.347,-9.567,-11.105,0.236,0.221,0.0
-6.046,-9.94,-9.664,0.0,1.671,1.322,-1.693,-9.656,-10.797,0.362,0.0,0.0
-7.117,-10.065,-10.338,0.587,0.746,2.191,-1.666,-9.832,-10.614,0.485,0.0,0.0
-15.355,-12.261,-8.469,0.102,1.607,4.05,-2.62,-10.342,-10.495,0.804,0.0,-0.361
-19.284,-14.432,-9.579,0.248,1.325,4.394,-3.105,-14.046,-12.885,1.801,0.4,-0.898
-19.284,-16.889,-11.21,-0.216,0.106,4.394,4.048,-11.359,-15.206,1.287,-0.239,-1.253
-3.591,-8.053,-10.846,-0.351,-0.895,4.394,-1.256,-6.509,-16.369,-0.385,-4.345,-0.682
5.44,1.089,-11.219,0.426,-2.88,4.394,0.641,-9.624,-14.119,-2.289,-1.152,1.345
7.79,5.944,-11.164,0.272,-1.331,1.529,-1.998,-13.02,-11.303,-3.135,-2.25,2.098
4.46,7.284,-10.941,0.378,-1.195,-0.109,1.448,-14.752,-11.815,-2.852,-1.812,2.787
7.468,3.084,-11.927,0.599,-2.244,-1.84,1.809,-12.813,-6.422,-1.914,0.461,1.927
-6.685,-0.534,-9.312,-0.518,-0.816,-2.597,3.165,-9.454,-5.027,0.0,-0.386,0.0
-3.495,2.75,-10.976,0.0,0.0,1.477,0.561,-8.756,-7.224,1.427,0.403,-1.084
1.27,2.135,-10.471,-1.185,1.125,1.7,0.0,-12.027,-10.677,2.246,0.92,-1.424
1.592,3.618,-9.123,-1.106,0.547,1.074,-0.5,-13.059,-12.594,2.699,1.985,-1.393
4.175,8.025,-12.988,-1.497,2.271,-0.721,-0.339,-12.311,-13.037,2.267,1.873,-1.114
6.045,2.957,-13.002,-2.32,2.485,-4.337,0.347,-10.054,-12.9,1.406,2.325,-0.486
-2.437,-14.529,-1.366,-4.301,-0.303,-4.337,-0.827,-9.367,-10.807,0.445,1.678,0.177
-9.637,-19.666,-2.077,-4.031,0.347,-4.337,-2.967,-8.176,-17.567,-0.654,-1.722,0.719
