-1.973,-9.949,-9.547,-0.324,-0.18,-0.366,-1.794,-9.571,-10.983,0.114,0.0,0.0
-1.939,-9.936,-9.42,-0.118,0.0,0.0,-1.852,-9.595,-10.833,0.139,0.0,0.0
-1.673,-9.682,-9.623,0.0,0.0,0.0,-1.867,-9.595,-10.754,0.166,0.0,0.0
-3.02,-9.904,-9.05,-0.109,-0.13,0.0,-1.915,-9.638,-10.586,0.2,0.0,0.0
-7.994,-11.928,-8.271,1.217,1.155,1.722,-2.313,-9.847,-10.576,0.273,0.188,0.0
-10.998,-11.729,-9.094,0.875,1.71,3.497,-2.828,-10.068,-10.638,0.451,0.136,-0.283
-13.859,-12.923,-10.076,0.509,1.959,4.394,-2.0,-11.513,-10.994,0.97,0.227,-0.764
-15.863,-12.708,-9.504,-0.277,1.16,4.394,-2.622,-13.646,-11.26,2.005,0.105,-1.103
-16.478,-9.516,-12.243,-1.275,1.151,4.394,4.849,-10.305,-12.927,1.476,-1.218,-0.982
-5.693,-2.877,-9.171,-2.188,-0.836,4.394,0.694,-6.543,-16.424,-0.336,-3.738,-0.115
3.178,3.661,-6.899,-0.21,-2.326,4.394,-0.524,-9.882,-13.173,-2.2,-1.24,1.382
7.246,7.633,-9.38,0.776,-0.111,1.799,-0.563,-14.297,-12.909,-3.256,-1.852,2.235
5.327,6.737,-11.874,1.655,0.0,0.0,1.346,-14.86,-12.297,-3.128,-0.525,2.615
5.117,4.14,-13.203,-0.309,-3.23,-2.023,1.806,-12.614,-7.598,-2.485,0.445,1.785
-4.8,-0.776,-6.505,-0.722,-2.497,-1.912,2.755,-9.328,-4.015,-0.428,0.0,0.203
-1.815,2.257,-12.032,0.343,-0.137,1.112,0.983,-7.998,-6.162,1.252,-0.232,-0.988
0.881,2.484,-10.155,-1.389,0.288,1.375,0.0,-9.734,-10.191,2.13,0.273,-1.271
2.455,4.658,-9.027,-1.398,-1.107,0.933,-0.5,-12.202,-12.148,2.604,1.721,-1.124
6.54,6.983,-9.623,-1.694,0.848,-1.116,-0.381,-12.658,-12.457,2.464,1.695,-0.917
0.504,5.761,-8.706,-2.871,2.49,-4.3,0.354,-11.356,-12.528,1.862,1.475,-0.663
-9.837,-3.49,-4.36,-2.444,2.039,-4.337,1.017,-10.861,-13.046,1.015,1.229,-0.251
-10.433,-9.531,0.539,-1.893,-0.597,-4.337,0.0,-8.66,-12.384,0.177,0.559,0.0
-9.648,-13.086,-1.073,-2.043,-1.502,-4.337,0.112,-8.298,-16.8,-0.937,0.807,0.489
-12.267,-17.408,-1.956,-1.63,1.712,-4.337,-0.54,-13.774,-10.125,-1.177,1.285,1.013
-10.302,-15.769,-6.875,-1.833,1.43,-4.071,-4.363,-11.222,-7.66,-0.633,0.571,0.691
