-2.025,-9.694,-9.81,0.0,0.358,0.152,-1.432,-9.548,-10.479,0.0,0.0,0.0
-1.607,-9.576,-9.372,0.0,0.202,0.185,-1.588,-9.614,-10.497,0.0,0.0,0.0
-1.437,-9.598,-9.388,0.0,0.237,0.144,-1.601,-9.595,-10.463,0.0,0.0,0.0
-1.471,-9.504,-9.2,0.206,0.237,0.155,-1.621,-9.622,-10.473,0.0,0.0,0.0
-2.03,-9.574,-9.331,0.319,0.278,0.109,-1.693,-9.612,-10.503,0.0,0.0,0.0
-2.625,-9.367,-9.515,0.404,0.234,0.328,-2.276,-9.783,-10.419,0.0,0.277,0.0
-4.712,-9.794,-9.4,0.443,0.125,0.756,-1.663,-9.637,-10.499,0.172,0.0,0.0
-8.756,-10.916,-8.109,0.53,0.876,1.73,-1.615,-9.862,-10.553,0.329,0.0,-0.122
-11.914,-9.906,-7.432,0.556,1.264,3.156,-1.941,-10.294,-10.376,0.606,0.0,-0.319
-16.941,-10.16,-5.953,0.527,0.625,4.394,-3.611,-12.564,-12.064,1.436,0.164,-0.732
-15.55,-9.079,-7.895,1.069,0.104,4.394,-0.987,-11.942,-14.819,2.101,-0.475,-0.733
-10.396,-5.612,-10.081,0.976,-0.568,4.394,-2.368,-7.688,-13.262,0.203,-3.076,-0.85
-3.197,1.937,-9.261,0.638,-1.055,4.394,1.673,-8.817,-14.692,-2.173,-1.738,0.614
-0.768,6.201,-8.82,0.0,-0.516,2.643,-1.663,-11.569,-10.784,-3.197,-1.861,1.557
0.754,6.64,-9.032,0.852,0.268,1.698,1.111,-13.595,-12.445,-3.346,-2.474,2.631
2.847,6.889,-8.478,1.562,-0.719,1.131,1.931,-12.792,-7.057,-2.385,1.288,2.485
6.081,2.74,-12.575,0.659,-2.214,-0.855,2.05,-10.87,-4.217,-0.582,-0.973,0.569
-2.595,0.189,-12.754,-0.96,1.824,-2.349,1.38,-10.345,-7.256,1.413,-0.319,-1.202
-2.154,2.343,-11.521,-0.982,0.295,1.134,-0.557,-11.72,-10.491,2.338,0.579,-1.862
2.287,2.905,-10.311,-1.927,-1.25,0.922,-0.97,-12.372,-12.485,2.873,1.955,-1.548
7.021,4.223,-8.102,-3.094,-0.866,-0.436,0.0,-10.833,-12.063,2.421,2.503,-1.052
2.588,2.52,-6.539,-1.879,2.734,-3.619,0.0,-9.136,-10.783,1.578,2.017,0.0
-3.868,-5.612,-8.392,-2.277,1.58,-4.337,0.481,-10.228,-11.394,0.827,0.198,0.513
-12.852,-15.319,-3.315,-3.021,1.319,-4.337,-2.878,-8.851,-23.466,-1.17,-0.695,0.772
-10.22,-19.666,-5.483,-1.901,2.905,-4.337,-7.175,-13.044,-10.993,-1.041,1.901,1.427
