-1.734,-9.754,-10.173,0.106,0.0,0.0,-1.569,-9.664,-10.878,0.202,0.0,0.0
-2.226,-10.105,-9.39,0.439,0.567,0.181,-1.672,-9.676,-10.515,0.253,0.0,0.0
-3.066,-10.072,-9.382,0.36,0.391,0.49,-1.497,-9.691,-10.297,0.32,0.0,0.0
-5.024,-10.296,-8.267,0.309,0.398,0.878,-2.024,-9.82,-10.124,0.437,0.0,0.0
-7.996,-10.763,-8.179,0.723,1.064,1.654,-2.52,-10.378,-10.304,0.696,0.187,-0.283
-11.802,-12.007,-10.175,1.332,0.624,3.62,-3.039,-12.41,-11.109,1.398,0.0,-0.812
-14.663,-12.506,-9.807,0.829,0.165,4.394,-0.186,-12.257,-13.095,2.088,-0.778,-0.803
-14.73,-7.967,-7.586,-0.289,1.816,4.394,-2.644,-9.324,-11.094,0.754,-2.081,-0.903
-9.702,-2.771,-6.257,-0.257,0.664,4.394,0.574,-7.337,-14.791,-1.284,-2.52,0.627
-4.095,2.508,-8.704,0.453,-0.65,4.394,-1.596,-11.211,-12.081,-2.479,-2.098,2.026
-2.026,5.333,-10.06,0.0,-0.698,2.876,0.133,-15.723,-13.441,-2.824,-3.109,2.964
0.138,7.948,-10.546,-0.364,-2.294,1.925,1.767,-15.182,-12.362,-2.339,-0.347,2.894
3.14,5.87,-10.758,0.359,-0.707,0.305,1.2,-11.523,-8.413,-1.707,-0.937,1.661
3.533,5.176,-10.373,0.0,-1.63,-0.488,1.842,-6.654,-6.718,-0.345,-0.152,0.433
2.025,3.133,-10.914,-0.258,-0.69,-1.666,2.289,-8.246,-7.698,0.817,0.412,-0.783
0.0,4.061,-11.503,0.0,-0.565,0.137,-0.39,-11.14,-9.914,1.922,1.157,-1.951
0.572,3.924,-10.898,-1.033,0.0,1.192,-0.947,-13.014,-12.573,2.424,1.304,-2.215
1.465,4.37,-9.725,-0.79,0.729,0.6,-0.583,-13.202,-13.583,2.504,2.494,-1.837
3.272,5.885,-10.136,-1.068,0.776,-0.302,-0.25,-11.732,-13.012,2.002,2.363,-1.246
2.299,5.468,-8.928,-2.277,2.165,-2.493,0.276,-9.13,-11.971,1.13,1.78,-0.516
-1.25,0.911,-8.066,-1.581,3.016,-4.337,0.225,-8.812,-11.383,0.284,1.516,0.0
-10.839,-7.181,-4.581,-1.629,0.928,-4.337,-0.519,-8.48,-11.655,-0.431,-0.503,0.393
-14.104,-12.422,-2.57,-2.073,-0.646,-4.337,4.144,-10.312,-15.664,-1.287,1.355,0.886
-11.65,-14.575,-2.519,-1.585,-0.713,-4.337,-4.751,-13.952,-6.465,-1.339,1.251,0.886
-8.907,-16.871,-4.324,-0.867,1.082,-4.196,-2.531,-10.491,-9.869,-0.657,0.0,0.397
