-2.108,-9.639,-10.232,-0.164,0.0,-0.369,-1.951,-9.621,-11.205,0.0,0.163,0.0
-3.587,-10.253,-9.142,0.301,-0.101,0.251,-1.788,-9.509,-11.282,0.0,0.137,0.0
-5.585,-10.028,-9.351,0.301,0.0,0.61,-1.975,-9.566,-11.149,0.174,0.0,0.0
-4.366,-9.217,-10.458,0.524,0.329,1.338,-2.083,-9.65,-11.003,0.28,0.0,0.0
-7.861,-9.377,-10.212,0.772,0.225,2.255,-2.189,-9.683,-10.754,0.406,0.0,0.0
-13.953,-9.585,-7.166,0.0,1.47,3.534,-2.471,-10.157,-10.693,0.629,0.0,-0.316
-17.806,-11.033,-8.704,0.467,0.0,4.394,-2.268,-13.153,-11.868,1.396,0.261,-0.996
-17.335,-11.562,-8.001,-0.142,0.384,4.394,-1.249,-12.499,-13.07,1.911,-0.325,-0.913
-11.648,-6.614,-5.487,0.0,0.0,4.394,-1.784,-9.91,-10.368,0.944,-1.605,-0.877
-1.27,0.721,-9.152,0.764,-0.812,4.394,1.922,-7.348,-16.333,-1.155,-2.644,0.324
3.787,6.18,-12.043,0.408,-1.703,2.641,-0.792,-11.631,-12.307,-2.596,-1.076,1.57
2.905,8.389,-10.399,-0.552,-0.2,0.92,0.111,-14.595,-13.426,-3.25,-2.928,2.166
4.745,7.241,-10.363,0.345,-1.213,-0.108,2.271,-13.837,-11.497,-2.839,0.118,2.491
9.168,4.914,-11.511,0.692,-1.301,-1.788,0.814,-10.695,-5.366,-1.854,0.0,1.364
-7.771,-2.077,-6.129,-0.915,-3.289,-2.921,2.214,-8.43,-4.857,0.216,-0.328,0.0
-2.231,2.712,-11.861,0.976,0.696,1.407,0.937,-8.396,-8.213,1.552,0.186,-0.965
-0.974,3.445,-10.206,-1.6,1.902,1.374,0.705,-10.928,-11.656,2.228,1.353,-1.354
1.175,4.244,-6.81,-1.812,-1.036,1.019,0.575,-12.777,-12.471,2.63,2.147,-1.275
6.235,6.306,-8.899,-1.181,1.515,-0.569,0.396,-12.113,-12.736,2.446,2.235,-0.9
4.304,4.465,-11.69,-0.8,2.572,-4.337,0.283,-9.515,-11.963,1.723,2.136,-0.24
-6.424,-6.979,-5.602,-3.973,0.465,-4.337,0.0,-9.202,-11.164,0.736,1.185,0.609
-12.538,-17.903,-1.761,-2.474,-0.554,-4.337,2.643,-11.558,-14.858,0.0,-1.657,0.563
-9.989,-19.666,-1.837,-2.498,0.0,-4.337,-4.019,-12.124,-16.395,-1.974,1.468,1.36
-9.727,-19.666,-6.841,-0.883,3.674,-4.337,-0.497,-11.11,-12.592,-0.705,-1.024,0.601
-13.826,-13.715,-7.019,0.729,1.132,-0.726,-6.151,-9.857,-8.537,-0.251,0.0,-0.149
