-1.872,-9.584,-9.813,0.0,0.0,0.0,-1.639,-9.598,-10.545,0.0,0.0,0.0
-1.856,-9.637,-9.728,0.0,0.0,0.0,-1.573,-9.489,-10.526,0.0,0.0,0.0
-1.678,-9.625,-9.522,0.0,0.0,0.0,-1.716,-9.555,-10.522,0.0,0.0,0.0
-1.496,-9.501,-9.465,0.0,0.0,0.0,-1.782,-9.616,-10.552,0.0,0.0,0.0
-1.508,-9.58,-9.573,0.125,0.0,0.0,-1.84,-9.632,-10.531,0.0,0.0,0.0
-1.677,-9.597,-9.602,0.131,0.0,0.0,-1.867,-9.624,-10.452,0.0,0.0,0.0
-1.703,-9.489,-9.755,0.142,0.0,0.0,-1.857,-9.554,-10.418,0.0,0.0,0.0
-3.939,-10.07,-8.216,0.217,0.17,0.589,-1.943,-9.646,-10.376,0.0,0.0,0.0
-7.034,-10.019,-7.803,0.412,0.431,0.872,-2.136,-9.883,-10.513,0.13,0.0,0.0
-11.528,-11.513,-4.944,0.751,0.948,2.61,-3.477,-10.444,-10.447,0.407,0.247,-0.387
-16.138,-13.402,-5.28,1.784,-0.376,4.394,-1.729,-12.228,-11.342,1.042,0.296,-0.789
-16.494,-14.879,-6.379,2.198,0.0,4.394,-2.579,-14.354,-13.274,2.051,0.313,-1.086
-11.348,-9.84,-8.465,1.517,0.708,4.394,3.818,-10.436,-12.477,1.119,-1.43,-0.881
-3.351,-0.615,-9.264,0.938,-0.47,4.394,1.326,-5.871,-16.916,-0.927,-4.184,0.296
1.986,5.835,-8.779,0.439,-1.456,3.436,0.659,-9.92,-13.302,-2.567,-1.678,2.044
3.228,6.326,-10.648,0.737,0.761,1.474,-0.185,-13.874,-11.717,-3.515,-1.501,2.717
4.255,5.793,-10.63,0.335,-1.38,-0.145,2.891,-14.79,-9.354,-3.068,0.229,2.66
5.243,4.408,-7.393,-0.875,-2.768,-1.017,0.461,-12.305,-2.231,-0.813,0.259,0.946
-4.983,0.965,-7.452,-0.632,-1.773,-2.436,1.47,-9.84,-6.294,1.255,-0.841,-1.157
-0.245,3.189,-9.977,0.878,1.419,1.372,0.111,-10.483,-10.537,2.221,0.793,-1.66
1.667,2.405,-9.516,-0.757,0.675,1.647,-0.314,-12.021,-12.528,2.637,2.628,-1.4
4.648,3.016,-5.546,-1.191,-0.649,0.495,-0.601,-11.388,-11.895,2.408,2.455,-1.045
2.594,6.713,-8.734,0.217,1.655,-0.696,1.018,-9.907,-12.563,1.65,1.671,-0.505
-1.107,6.277,-12.206,-0.621,2.678,-3.136,0.523,-8.341,-12.173,0.741,1.099,0.1
-6.952,-1.263,-7.195,-2.35,1.125,-4.337,-0.947,-9.182,-14.866,-0.176,-1.286,0.374
