-8.175,-8.344,-15.719,-1.13,1.787,0.511
-6.102,-19.113,-11.855,-3.097,0.462,3.658
-2.924,-19.928,-11.055,-3.284,-4.354,4.357
-4.005,-15.736,-13.243,3.575,-4.354,0.406
5.948,-14.297,-12.996,1.206,2.826,4.357
5.873,-5.265,-7.195,-1.294,0.233,1.14
6.951,-8.33,-6.858,-0.448,0.28,-1.504
3.808,-17.109,-8.303,1.205,1.091,-4.374
2.272,-19.928,-13.371,0.67,2.596,-4.374
-1.013,-19.928,-15.561,4.441,4.376,-4.374
-18.4,-14.608,-16.505,2.17,-0.152,-4.374
-1.619,-14.319,-14.661,-2.161,-1.121,4.168
-2.009,-10.564,-13.064,-1.307,0.142,1.019
-2.689,-15.878,-11.802,-1.514,-0.836,3.15
-0.602,-19.114,-13.601,-2.578,-1.238,4.357
0.467,-19.928,-11.221,-4.004,-1.852,4.357
4.108,-16.581,-9.456,-0.924,-2.478,3.773
5.013,-7.889,-8.969,-0.795,-0.58,1.435
3.99,-7.728,-6.054,0.422,1.794,-0.562
3.975,-12.989,-8.452,3.488,3.285,-1.819
3.466,-19.928,-15.208,4.441,4.376,-2.872
-0.419,-19.928,-23.957,4.441,4.376,-3.287
5.882,-14.349,-21.457,-0.361,1.1,-1.155
4.382,-16.308,-23.18,1.331,4.376,-3.672
0.84,-16.821,-19.197,-0.33,4.376,-4.039
