-19.763,-8.761,-15.791,1.21,-1.153,-3.759
-1.715,-15.666,-8.169,-0.737,-3.465,1.633
-4.376,-11.529,-9.326,0.897,-2.071,0.0
-3.0,-16.637,-11.626,4.386,-2.737,2.321
0.771,-18.355,-20.311,4.441,-1.554,2.574
-1.335,-16.639,-20.909,2.281,-3.02,3.159
0.978,-18.091,-18.956,0.0,-0.799,3.906
1.49,-18.232,-15.782,-2.903,0.207,4.357
3.649,-16.405,-12.136,-4.149,0.0,4.115
3.738,-9.262,-10.255,-2.249,-1.346,1.396
3.573,-7.228,-10.44,-1.006,-1.331,-1.312
1.113,-11.224,-10.492,-1.536,-1.696,-3.594
1.525,-17.848,-8.928,-2.518,-2.875,-4.374
0.756,-19.928,-8.975,-1.945,-2.514,-4.374
-3.793,-14.851,-10.554,1.324,3.468,-3.837
-8.123,-11.057,-12.694,1.324,1.301,-1.325
-3.68,-12.517,-13.179,1.809,-2.076,1.748
-4.029,-13.758,-11.182,0.396,0.0,2.039
-2.189,-18.039,-14.12,0.976,-0.424,4.357
5.118,-18.73,-14.812,1.306,-3.537,4.357
0.345,-15.318,-13.65,-2.929,0.204,4.357
1.304,-13.383,-8.196,-3.196,-0.623,3.071
2.259,-7.389,-9.334,-0.656,-2.428,1.275
5.381,-7.642,-7.427,0.348,1.362,-0.614
1.511,-10.957,-10.054,0.959,2.126,-3.565
