-0.113,-12.326,-11.946,0.114,-1.042,1.608
-1.123,-9.202,-11.544,-0.138,-1.345,0.699
-5.751,-18.781,-10.605,1.396,-2.706,0.691
-0.248,-18.771,-17.612,1.257,-0.693,4.357
2.683,-17.34,-14.187,-2.097,1.008,4.357
3.136,-12.059,-10.014,-3.503,0.904,3.688
6.95,-8.474,-4.77,-1.856,0.1,0.643
4.038,-13.859,-9.004,2.208,1.084,-2.534
2.345,-19.928,-13.465,4.441,2.243,-4.374
-2.081,-19.928,-18.278,4.047,4.376,-4.374
-1.871,-19.928,-15.636,3.013,3.171,-4.262
-5.408,-12.351,-13.867,0.49,-1.168,-2.956
-2.446,-11.011,-12.377,0.182,-1.086,-1.351
-6.677,-9.878,-14.119,0.647,-0.116,-1.35
-6.449,-13.016,-13.946,-1.296,-0.841,1.805
-2.05,-19.928,-12.318,-1.959,-1.39,4.357
0.813,-19.928,-14.393,-1.765,-2.336,4.357
2.892,-19.928,-13.926,-1.628,-2.414,4.357
4.106,-18.827,-13.255,-4.135,-1.321,4.357
7.641,-11.967,-5.153,-2.797,-1.267,2.303
6.052,-7.534,-8.451,0.0,-0.768,-0.97
3.421,-13.261,-9.673,0.955,0.674,-3.837
5.38,-19.928,-13.104,4.441,4.376,-4.374
-1.948,-19.928,-26.205,4.441,4.376,-4.374
0.698,-19.928,-17.732,0.493,1.779,-3.452
