-7.868,-11.045,-10.088,-3.152,-0.962,0.0
-6.226,-16.538,-8.853,-1.039,-1.464,1.559
-2.153,-19.302,-16.117,-0.798,-1.921,4.178
1.019,-19.928,-14.951,-3.473,-0.996,4.357
2.108,-16.052,-10.045,-3.734,-0.811,3.713
1.857,-8.353,-9.974,-1.479,-1.72,1.931
3.451,-6.842,-9.253,-0.836,-1.134,0.367
4.081,-11.545,-8.024,0.517,0.0,-2.161
2.016,-18.118,-11.846,3.794,1.573,-4.374
-3.031,-19.928,-16.375,1.724,2.211,-4.374
3.568,-19.928,-12.848,4.441,4.376,-3.354
-6.181,-11.383,-13.718,0.403,0.749,-3.366
-2.205,-11.138,-10.795,0.0,-1.631,-1.752
-2.719,-8.719,-13.305,-0.189,1.901,-0.955
-5.679,-11.61,-12.152,-0.572,0.51,-0.775
-6.006,-14.65,-13.283,-0.445,-2.208,1.993
-0.32,-19.928,-14.913,-0.916,-2.418,4.281
0.992,-19.928,-14.848,-2.473,-1.407,4.357
1.514,-19.928,-12.615,-2.919,-1.585,4.357
2.805,-17.425,-15.023,-2.26,-2.304,4.357
3.114,-10.757,-12.476,-2.07,-1.557,3.215
3.661,-5.49,-10.38,-1.637,-0.924,1.4
3.821,-4.616,-9.494,-0.524,-0.379,-0.874
4.301,-11.299,-10.495,0.0,-0.135,-3.694
1.987,-19.928,-11.424,0.0,1.072,-4.374
