-0.625,-17.65,-13.355,-1.975,-1.889,3.82
1.017,-15.023,-11.971,-2.062,-2.202,3.462
1.646,-12.197,-11.618,-1.553,-2.293,2.446
2.821,-10.661,-10.253,-0.81,-1.552,0.912
0.323,-6.492,-11.387,0.174,-0.271,-0.685
0.736,-7.698,-10.559,-0.202,0.248,-0.857
2.614,-11.958,-10.874,0.65,0.131,-2.771
0.693,-18.161,-11.567,0.528,0.77,-4.374
-1.875,-19.928,-12.211,0.814,0.861,-4.374
-7.804,-11.46,-15.977,2.119,0.222,-4.257
-7.107,-10.276,-8.497,-1.916,-0.364,-0.256
-4.465,-14.155,-9.444,0.966,-1.585,0.429
-4.75,-13.209,-11.296,1.357,-2.869,2.063
-0.47,-17.497,-14.419,2.444,-0.616,3.854
0.594,-17.511,-16.922,0.742,-0.655,4.357
1.818,-16.56,-14.994,-2.658,-1.056,4.357
2.788,-14.242,-11.527,-3.088,-0.799,3.662
3.306,-8.503,-10.793,-1.728,-1.25,1.608
3.437,-6.665,-10.792,-1.363,-1.701,-0.963
2.145,-11.747,-9.71,-1.777,-2.501,-3.622
0.454,-18.119,-7.755,-2.325,-3.024,-4.374
-2.165,-19.843,-8.079,-0.582,-2.361,-4.374
-4.523,-14.901,-10.069,2.285,0.0,-3.622
-6.492,-10.634,-12.725,1.539,-2.225,-1.119
-4.364,-13.033,-13.774,1.876,-3.755,1.044
