-0.756,-19.928,-14.018,-2.357,-1.885,4.357
1.205,-19.928,-13.648,-3.377,-1.587,4.357
1.36,-18.701,-11.674,-1.852,-2.405,4.357
4.643,-13.467,-9.492,-1.855,-1.847,4.357
6.282,-4.823,-8.671,1.419,0.0,0.962
3.655,-5.945,-8.853,0.663,-0.138,-2.093
1.969,-13.119,-10.279,1.037,0.224,-4.374
1.067,-19.928,-13.562,1.808,2.886,-4.374
-2.4,-19.928,-15.709,4.261,4.376,-4.374
-12.393,-15.362,-18.076,2.695,-0.185,-4.374
-0.594,-13.944,-11.603,-3.595,0.238,1.173
-4.904,-7.277,-11.576,0.238,3.616,-0.995
-5.295,-13.914,-10.233,0.179,-1.167,1.665
-2.877,-16.654,-16.654,-0.31,-3.621,3.811
-0.119,-19.928,-13.863,-3.797,-0.972,4.357
1.375,-19.928,-10.718,-3.439,-1.984,4.357
2.425,-13.746,-10.033,-0.54,-3.03,3.413
4.016,-8.554,-9.413,-0.518,-1.68,2.066
5.237,-7.298,-7.827,0.792,1.323,-0.638
2.41,-12.796,-9.802,3.075,2.686,-3.173
0.297,-19.928,-14.655,4.441,2.302,-4.374
3.043,-19.928,-21.291,4.441,4.376,-4.374
-3.666,-13.701,-14.195,0.453,-2.276,-1.266
5.023,-13.996,-19.432,1.262,1.849,-3.452
-0.34,-15.854,-16.96,-1.052,4.376,-4.374
