-10.507,-7.781,-15.189,0.229,0.355,1.64
-2.356,-19.928,-13.45,-3.634,-1.991,4.357
0.565,-19.928,-13.173,-2.514,-3.301,4.357
2.953,-19.928,-11.443,-2.038,-2.677,4.357
8.467,-8.575,-9.013,-1.316,-1.37,4.121
7.028,-4.653,-9.194,0.46,-1.002,-0.876
3.238,-10.266,-8.453,-0.104,0.425,-3.77
3.042,-19.928,-10.862,0.718,1.707,-4.374
0.918,-19.928,-15.889,3.299,4.376,-4.374
-9.376,-19.928,-18.489,3.168,3.573,-4.374
-9.696,-11.762,-14.886,0.566,-2.303,1.11
-3.095,-10.57,-14.654,0.259,-0.351,1.055
-4.306,-13.811,-12.473,-2.241,1.773,2.703
-2.815,-19.928,-12.135,-3.711,-0.785,4.357
-0.634,-19.928,-10.64,-3.376,-4.354,4.357
6.895,-17.219,-8.854,1.103,-3.002,4.357
7.254,-8.29,-7.103,1.072,0.14,1.474
7.868,-11.928,-7.848,2.543,1.022,-2.071
3.16,-18.212,-13.925,4.441,3.872,-4.356
3.385,-19.928,-19.447,4.441,4.376,-4.374
1.557,-19.928,-21.262,4.34,4.376,-4.374
-2.363,-18.293,-17.699,2.609,4.376,-4.374
-2.183,-13.349,-13.876,0.376,-1.129,-3.166
0.0,-11.837,-15.762,-0.367,0.737,-2.46
-2.599,-14.985,-14.529,-2.231,4.376,-2.907
