-5.545,-18.5,-13.173,-2.147,-2.112,3.328
-2.417,-19.928,-12.281,-3.735,-2.4,4.357
1.799,-19.928,-11.915,-0.527,-3.004,4.357
3.349,-15.404,-15.158,-0.725,-0.811,4.357
1.124,-8.657,-11.5,-1.913,-0.184,2.692
3.504,-5.466,-7.756,-1.591,-1.27,1.549
4.731,-4.378,-9.534,0.0,-0.834,-1.065
4.245,-13.326,-9.561,0.227,0.727,-4.156
2.614,-19.928,-13.313,1.434,2.582,-4.374
-4.293,-19.928,-16.706,4.441,4.376,-4.374
-8.827,-13.63,-15.515,0.0,1.129,-2.407
-1.478,-13.844,-9.722,-0.338,-1.342,-2.161
-10.705,-10.982,-14.699,1.408,0.636,-1.865
-6.132,-11.931,-15.099,-0.837,-0.611,2.207
-3.617,-19.928,-12.47,-2.037,-1.394,3.29
0.0,-19.928,-14.608,-1.265,-2.367,4.357
2.71,-19.928,-13.438,-2.06,-2.786,4.357
3.258,-17.701,-12.563,-1.683,-1.214,4.357
3.418,-8.913,-11.831,-1.278,-0.83,2.757
2.6,-4.431,-10.931,-1.192,-0.305,1.019
3.626,-4.516,-9.931,-0.703,-0.185,-0.997
2.507,-9.246,-9.73,-0.406,-0.234,-4.016
2.562,-19.928,-10.595,-2.192,0.121,-4.374
-1.151,-19.928,-14.952,4.05,3.82,-4.374
-11.196,-19.928,-15.256,-0.843,0.0,-4.374
