-3.35,-17.41,-15.326,-2.001,-0.376,3.722
-0.693,-19.297,-11.145,-2.896,-1.872,4.247
0.0,-19.928,-12.711,-1.535,-4.036,4.357
3.118,-19.928,-14.531,-0.28,-2.583,4.357
1.486,-11.699,-12.024,-1.245,-0.249,3.467
1.423,-6.902,-10.273,-1.725,-0.631,2.813
6.881,-4.081,-6.557,-0.503,-1.056,0.612
5.325,-8.191,-9.388,0.222,-0.44,-3.186
6.586,-19.928,-12.051,0.662,1.814,-4.374
-2.549,-19.928,-16.952,2.148,4.376,-4.374
-20.647,-15.548,-13.997,3.692,0.43,-4.374
1.304,-14.1,-10.15,-3.414,-3.377,2.262
-2.505,-10.504,-10.818,-0.185,-1.802,-3.272
-6.016,-12.602,-6.023,-0.327,-1.081,-1.507
-6.576,-13.363,-11.875,3.546,-1.965,2.126
1.343,-19.928,-15.221,4.092,0.0,4.166
-3.143,-19.928,-21.036,1.173,0.0,3.738
6.611,-19.928,-18.547,-2.365,-0.919,4.357
6.385,-19.699,-15.657,-4.289,0.27,4.357
6.956,-11.017,-9.207,-3.576,-1.162,2.866
6.044,-4.44,-11.658,-0.833,-2.083,-0.622
5.217,-9.345,-10.531,-1.506,-1.575,-4.023
2.751,-19.928,-9.649,-3.885,-3.087,-4.374
-1.43,-19.928,-6.874,-1.716,-2.264,-4.374
-5.313,-19.928,-8.211,1.77,-1.003,-4.374
