-4.148,-19.624,-13.505,2.023,4.175,-2.982
-7.306,-12.344,-11.403,-1.411,1.085,-2.535
-6.866,-11.367,-9.064,1.433,-3.639,-0.547
-4.306,-11.829,-12.244,2.125,-2.266,1.266
-2.463,-14.459,-13.171,2.489,-2.856,3.342
1.726,-18.757,-15.533,2.16,-0.717,3.534
-0.634,-18.798,-16.951,-0.812,-0.306,4.152
2.444,-18.399,-13.966,-2.455,-1.699,4.357
5.146,-14.226,-13.512,-2.182,-1.119,4.041
5.461,-8.651,-11.887,-1.533,-0.388,1.435
3.888,-7.514,-10.781,-1.194,-1.284,-1.033
3.349,-11.64,-9.782,-0.975,-1.626,-3.541
1.995,-19.658,-8.269,-3.153,-2.91,-4.374
-1.06,-19.928,-7.92,-0.802,-0.813,-4.374
-4.214,-17.252,-9.782,2.361,1.55,-4.202
-13.803,-9.697,-13.78,3.27,-2.726,-1.743
-1.82,-14.366,-12.648,3.004,-1.718,4.357
1.857,-15.716,-15.874,1.506,0.725,3.54
-0.952,-17.895,-14.314,-2.407,0.985,3.883
-0.227,-17.966,-10.138,-2.972,-1.3,4.193
1.715,-13.484,-11.618,-1.365,-2.848,3.469
2.571,-7.925,-10.305,-1.532,-2.032,2.067
4.962,-5.967,-6.457,-1.261,-0.591,-0.207
2.277,-9.553,-8.09,0.0,0.247,-2.793
2.357,-16.971,-9.854,0.743,1.883,-4.101
