-5.178,-16.262,-15.127,-2.665,-1.757,2.477
-1.797,-19.928,-13.17,-4.289,-2.409,4.128
-0.792,-19.928,-11.459,-2.772,-4.354,4.357
3.047,-19.928,-13.581,-0.982,-3.101,4.357
2.347,-13.83,-12.542,-0.969,0.475,4.173
3.169,-7.679,-9.323,-1.569,-0.717,2.571
4.612,-4.708,-9.696,0.114,-1.576,-0.129
3.548,-8.266,-10.505,0.0,-0.426,-2.971
3.784,-19.928,-11.516,-0.233,0.597,-4.374
-3.886,-19.928,-13.173,1.122,1.339,-4.374
-6.465,-19.928,-8.958,0.639,1.536,-4.374
-9.056,-11.45,-16.685,0.255,0.936,-1.793
-7.096,-14.293,-5.121,0.291,-2.778,-0.115
-4.985,-14.196,-11.114,3.466,-2.455,2.051
0.381,-19.928,-16.322,4.441,-2.579,3.538
-2.799,-19.307,-24.79,2.515,-3.941,4.076
0.639,-19.928,-19.059,-0.566,-1.421,4.357
3.831,-19.928,-16.013,-2.922,-0.8,4.357
3.895,-14.876,-12.025,-3.974,-0.697,4.357
5.803,-7.015,-7.933,-2.833,-1.646,1.959
6.781,-5.681,-7.407,-2.327,-2.054,-1.422
5.886,-14.509,-7.111,-2.454,-1.125,-4.374
0.709,-19.928,-7.765,-2.747,1.427,-4.374
-7.427,-19.928,-5.87,-1.028,0.0,-4.374
-6.522,-12.603,-14.037,4.426,4.062,0.0
