0.158,-10.999,-17.492,0.539,4.376,-1.872
-0.485,-9.794,-16.598,0.45,4.376,-2.218
-0.964,-11.328,-14.939,-0.402,2.841,-2.205
0.397,-13.294,-13.458,-0.525,3.016,-2.214
-0.387,-14.565,-12.918,0.0,2.701,-3.107
-4.079,-15.877,-12.836,-0.146,1.941,-3.587
-7.986,-15.418,-14.231,-0.175,3.23,-2.289
-10.747,-11.152,-13.363,-1.743,-1.428,0.0
-4.51,-17.088,-11.175,-1.705,-1.738,2.841
0.218,-19.928,-16.647,-0.291,-1.183,4.357
1.058,-19.928,-16.802,-4.289,0.0,4.357
3.523,-19.928,-9.77,-4.289,-1.091,3.816
2.806,-7.854,-9.943,-1.303,-2.206,1.854
4.584,-5.208,-7.475,-0.543,-2.318,0.0
4.19,-11.067,-9.096,1.522,-1.133,-2.691
2.31,-19.928,-12.493,1.959,0.54,-4.374
-3.006,-19.928,-14.879,2.544,2.131,-4.374
-1.231,-19.928,-13.674,2.879,4.376,-3.619
-4.67,-13.283,-13.648,-0.433,1.092,-3.075
-1.176,-12.669,-11.759,0.0,0.316,-1.63
-2.709,-10.515,-14.025,0.935,3.717,-1.325
-6.185,-9.869,-12.503,-0.552,2.102,-1.092
-9.237,-13.808,-13.511,0.444,-4.354,1.158
-1.598,-17.127,-15.025,0.19,-4.222,4.357
1.672,-19.928,-15.661,-0.888,-2.203,4.357
