-1.795,-13.352,-12.012,-1.018,-0.545,3.292
-0.941,-19.928,-11.071,-2.699,-2.548,3.728
0.354,-19.928,-11.482,-0.691,-3.38,4.173
1.944,-15.995,-14.127,-0.589,-1.942,4.357
2.255,-11.219,-11.407,-0.788,-0.574,3.208
1.553,-7.477,-10.619,-0.906,-0.194,1.819
2.338,-7.102,-9.617,-0.836,-0.269,0.204
4.208,-13.077,-9.12,-0.596,-0.183,-2.424
1.659,-17.499,-10.312,1.613,2.705,-4.374
-1.206,-19.928,-13.924,0.911,3.77,-4.374
1.634,-19.928,-12.302,4.042,3.512,-4.374
-7.535,-16.712,-16.539,1.758,0.825,-4.374
-6.948,-9.573,-14.725,-0.226,-1.54,-0.36
-1.248,-9.719,-11.315,-0.753,1.452,0.398
-4.542,-10.213,-11.656,-0.517,0.347,0.441
-5.102,-15.06,-14.965,-0.683,-1.253,1.638
-2.713,-19.928,-13.313,-2.597,-1.916,4.357
0.746,-19.928,-14.83,-0.578,-3.201,4.357
2.001,-19.928,-14.409,-1.873,-1.559,4.357
3.719,-16.8,-12.898,-2.425,-0.503,4.357
3.223,-8.328,-11.521,-2.221,-0.344,2.668
5.015,-5.083,-9.583,-1.802,-1.451,0.273
4.769,-7.592,-9.485,-0.429,-0.698,-2.934
3.856,-18.945,-10.276,-1.642,-0.12,-4.374
0.625,-19.928,-12.493,2.472,3.3,-4.374
