-7.389,-8.749,-11.831,-1.541,1.192,-1.158
-6.219,-15.891,-12.442,-1.033,-3.043,2.278
-1.082,-19.928,-13.756,-2.964,-2.3,4.357
1.354,-19.928,-11.085,-2.965,-2.472,4.357
2.203,-15.689,-10.607,-1.263,-2.597,3.706
2.775,-9.268,-9.828,-0.629,-1.196,2.442
3.892,-7.494,-7.797,0.0,0.359,0.485
3.261,-11.719,-8.423,1.881,1.174,-1.978
2.41,-18.314,-13.118,4.2,2.433,-3.834
0.725,-19.928,-18.237,4.281,3.153,-4.374
-1.108,-19.928,-19.167,3.116,3.661,-4.119
0.352,-15.459,-17.391,0.505,2.683,-3.609
-0.167,-13.714,-15.078,-0.352,3.173,-3.49
-1.147,-13.231,-14.917,-0.382,3.876,-3.524
-3.622,-12.977,-15.699,-1.303,2.713,-3.734
-7.409,-17.614,-13.525,-4.289,3.916,-2.32
-13.465,-14.71,-7.212,-3.67,0.777,-0.764
-8.265,-18.54,-11.058,-1.642,-0.919,2.644
-2.518,-19.928,-13.086,-3.082,-2.222,4.314
0.377,-19.928,-11.334,-2.783,-2.875,4.357
1.486,-14.515,-10.866,-0.969,-1.932,4.078
1.672,-7.579,-10.232,-0.733,-1.127,2.736
3.652,-4.245,-8.566,-0.204,-0.881,1.008
3.875,-7.431,-9.687,0.894,-0.274,-1.888
4.892,-19.928,-11.397,0.963,0.789,-4.374
