0.359,-10.87,-10.058,0.119,-0.212,-0.2
0.0,-10.228,-10.312,0.155,-0.202,-0.22
0.504,-10.913,-9.779,0.0,0.21,0.0
1.774,-10.585,-10.011,0.181,0.541,-0.237
0.213,-10.483,-9.677,0.218,0.336,-1.109
0.0,-10.648,-10.271,0.377,0.677,-0.945
-0.659,-10.687,-10.438,0.285,0.448,-1.307
-1.528,-13.179,-9.977,0.409,-0.748,-1.65
-4.813,-14.968,-9.868,1.315,-1.692,-1.307
-8.919,-13.155,-13.631,2.683,-2.077,0.437
-3.745,-19.153,-13.747,0.0,-0.988,4.357
2.543,-20.461,-14.08,0.331,-1.236,4.357
3.012,-20.461,-13.837,-1.677,-0.54,4.357
2.937,-14.61,-10.6,-2.653,-0.963,4.357
5.222,-6.269,-7.543,-1.322,-1.23,2.451
4.915,-4.847,-7.416,-0.292,-0.574,-0.504
4.25,-11.457,-8.881,0.301,0.838,-2.803
5.877,-20.461,-11.948,1.894,2.913,-4.374
-0.143,-20.461,-15.61,1.947,3.637,-4.374
-6.484,-20.461,-15.062,2.329,1.11,-4.374
0.0,-13.599,-12.274,-1.233,-1.277,-0.684
1.359,-12.545,-10.404,-1.382,1.307,-1.964
-3.182,-10.822,-11.328,0.203,1.866,-1.927
-6.403,-9.369,-13.131,0.212,-0.407,-0.939
-2.78,-14.831,-11.866,-1.612,-0.337,2.204
