-0.252,-10.559,-9.793,0.0,0.875,0.0
-0.413,-10.701,-10.19,0.0,0.752,-0.254
-0.918,-10.077,-10.49,0.0,0.416,-0.337
-0.412,-10.938,-10.305,-0.122,0.368,-0.247
-0.75,-10.61,-10.181,-0.271,0.446,-0.102
-0.325,-10.857,-10.02,-0.23,0.483,0.0
0.403,-11.144,-10.418,-0.246,0.74,0.37
1.15,-10.537,-10.544,-0.113,1.197,0.473
2.486,-10.419,-11.126,0.0,2.263,1.208
10.373,-11.895,-7.655,0.801,3.106,0.587
5.088,-17.057,-16.923,1.19,2.234,-4.374
-6.827,-17.213,-11.218,-1.297,1.674,-4.374
-5.543,-12.024,-13.428,1.126,1.852,-1.208
-5.696,-13.441,-12.568,0.229,0.37,0.0
-4.847,-12.233,-15.123,-0.996,0.42,2.559
-1.542,-19.823,-11.532,-2.582,-1.454,3.945
2.047,-20.461,-14.888,-0.339,-3.29,4.357
3.661,-20.461,-13.126,-2.225,-2.228,4.357
2.269,-15.818,-10.561,-1.847,-1.199,4.035
1.786,-9.17,-9.987,-0.745,-2.301,3.088
3.758,-4.22,-9.414,0.0,-2.056,1.438
6.291,-6.603,-8.462,0.375,-0.31,-1.259
7.058,-17.763,-10.766,0.846,1.423,-4.374
2.57,-20.461,-16.089,1.218,4.376,-4.374
-1.991,-20.461,-15.529,4.442,4.376,-4.374
