-0.157,-10.329,-10.667,-0.193,0.164,-0.777
-0.1,-11.907,-10.756,0.135,-0.213,-1.273
-3.277,-12.447,-11.108,1.192,-0.835,-1.256
-3.612,-11.465,-13.482,1.908,-1.522,0.435
-1.765,-12.043,-16.271,1.835,-1.921,0.783
-1.977,-13.002,-15.754,-0.77,-0.527,2.171
-0.157,-14.261,-13.471,-1.203,-1.78,2.055
0.603,-18.456,-11.899,-1.874,-2.407,2.803
0.338,-9.735,-12.906,-0.562,-1.955,3.017
4.718,-11.301,-7.112,-1.411,-1.033,2.069
1.794,-7.638,-10.447,1.476,0.57,-0.421
2.206,-9.24,-11.004,0.809,0.4,-1.691
2.843,-13.83,-11.693,1.348,1.212,-3.371
0.797,-18.683,-12.396,1.132,0.439,-4.374
-1.998,-18.741,-12.421,0.945,1.089,-4.374
-4.21,-14.925,-13.244,0.345,1.712,-2.587
-3.363,-13.513,-11.174,-0.619,0.13,-0.266
-3.202,-9.2,-10.446,-0.324,-1.151,0.401
-3.336,-14.084,-8.976,1.251,-3.083,0.658
-3.443,-18.948,-15.201,4.028,-2.982,2.604
2.446,-20.461,-16.779,0.707,0.394,4.357
2.958,-20.461,-12.826,-3.143,1.38,4.357
2.228,-16.502,-10.393,-2.481,-0.862,4.357
4.186,-10.702,-10.914,-0.811,-2.499,2.654
4.946,-7.945,-10.388,-0.522,-0.426,0.204
