-0.408,-10.609,-10.295,0.0,-0.119,-0.15
-0.393,-10.447,-10.513,0.0,0.243,-0.125
-0.308,-10.283,-10.435,0.0,0.333,-0.24
-0.374,-10.505,-10.681,0.12,0.414,-0.411
-0.77,-10.626,-11.339,0.0,0.713,-0.379
-0.898,-10.688,-11.595,-0.102,0.415,-0.231
-0.607,-11.093,-11.515,-0.28,0.451,0.123
0.0,-12.217,-11.824,-0.327,0.936,0.592
1.0,-11.452,-11.041,-0.159,2.132,1.458
10.094,-9.274,-7.58,0.0,3.153,2.079
7.755,-17.073,-11.971,3.198,1.722,-3.744
-2.493,-19.27,-13.257,0.515,0.0,-4.374
-7.909,-16.11,-10.532,0.946,2.144,-3.909
-8.021,-10.469,-17.284,1.999,0.656,0.649
-2.205,-12.998,-16.032,-0.399,0.798,1.711
-6.042,-20.461,-16.275,-2.5,0.755,3.074
1.684,-20.461,-16.835,-4.208,-2.938,4.357
1.322,-20.461,-15.596,-4.288,-2.664,4.357
4.126,-20.461,-11.291,-3.649,-4.354,4.357
10.094,-9.658,-11.216,0.791,-2.319,3.86
8.624,-3.708,-8.382,-0.99,-0.391,0.255
5.534,-6.73,-8.283,0.173,-0.169,-3.251
3.242,-15.023,-10.734,0.564,0.398,-4.374
4.331,-20.461,-15.391,0.881,3.368,-4.374
-0.504,-20.461,-18.984,4.442,4.376,-4.374
