0.492,-10.462,-11.548,0.0,-0.114,-0.23
0.295,-10.54,-11.249,0.0,-0.392,-0.301
0.107,-10.829,-11.97,0.156,-0.147,0.0
-0.152,-9.703,-12.098,-0.179,-0.174,0.432
2.154,-10.659,-12.0,-0.43,0.566,1.163
5.929,-11.357,-11.717,0.0,2.237,1.007
5.029,-11.004,-10.745,0.273,2.002,-0.84
1.253,-12.409,-11.283,1.06,0.947,-2.83
-0.212,-12.796,-12.544,0.97,0.892,-3.278
-3.709,-16.938,-11.86,2.708,1.835,-2.808
-13.243,-10.592,-22.034,3.745,-1.561,1.287
1.7,-20.461,-14.26,-3.785,0.648,4.357
-1.252,-20.461,-12.736,-2.978,-0.779,4.184
1.207,-20.461,-12.275,-3.221,-3.428,4.357
4.774,-20.419,-12.961,-0.647,-2.886,4.357
4.265,-8.467,-9.153,-1.073,-1.254,3.429
8.958,-6.702,-5.612,-1.018,-1.207,0.625
5.667,-9.435,-9.975,1.057,0.759,-2.903
1.884,-15.615,-11.536,1.322,1.18,-4.374
3.633,-20.461,-13.793,0.665,1.859,-4.374
-3.536,-20.461,-15.019,3.158,3.682,-4.374
-10.348,-17.764,-16.488,1.353,1.124,-3.048
-1.475,-9.102,-12.434,-2.052,1.087,-0.48
-6.591,-10.417,-7.397,-1.119,0.0,-1.113
-7.648,-15.527,-15.646,3.744,-1.453,1.085
