0.105,-9.927,-10.657,-0.321,-1.938,-0.124
0.0,-10.317,-10.108,0.124,-1.95,0.0
1.208,-11.764,-11.595,1.123,-1.083,-0.129
0.138,-10.431,-12.543,0.351,-0.878,-0.926
-0.228,-11.405,-10.508,0.0,-2.118,-1.27
-1.113,-10.577,-11.187,0.475,-2.183,-1.391
-0.128,-10.698,-11.246,1.039,-1.683,-0.838
-2.009,-14.195,-11.989,1.075,-2.687,-1.957
-8.304,-13.213,-12.457,0.861,-3.176,0.229
1.007,-20.443,-10.408,1.38,0.933,4.357
2.946,-17.391,-12.471,-0.713,2.193,4.357
2.728,-14.008,-9.845,-1.829,1.394,4.243
6.264,-10.155,-6.378,-0.79,0.928,2.285
3.906,-6.721,-9.412,0.601,-0.186,-1.163
1.707,-11.297,-9.533,1.537,0.0,-3.344
2.301,-16.426,-12.364,2.199,1.193,-4.245
0.601,-20.461,-12.975,2.583,1.346,-4.374
-6.652,-20.461,-11.315,1.261,0.325,-4.374
-6.814,-12.188,-15.446,0.136,-0.287,0.172
-3.279,-10.496,-8.656,-1.225,-1.148,0.584
-3.418,-12.703,-8.418,-1.042,-0.677,2.242
0.0,-19.564,-12.185,3.209,-3.603,2.193
-0.563,-16.652,-14.688,1.911,-1.629,3.655
1.936,-16.966,-13.509,-0.522,0.275,4.357
2.192,-15.552,-10.835,-1.307,0.329,4.357
