0.742,-10.451,-10.281,0.0,0.59,0.238
0.163,-10.596,-10.265,-0.184,0.856,0.0
0.168,-11.03,-10.757,0.0,0.477,0.277
0.335,-11.767,-11.857,-0.158,0.977,0.814
1.639,-11.631,-11.888,-0.145,2.773,1.51
4.068,-9.663,-10.278,-0.14,2.001,1.218
6.494,-13.984,-9.517,1.634,3.174,-1.519
1.986,-14.74,-13.424,2.495,2.651,-3.491
-1.568,-17.695,-12.683,2.162,0.0,-4.374
-5.785,-18.786,-12.316,2.911,-0.999,-4.374
-7.584,-9.596,-19.257,1.078,-0.743,2.761
-1.471,-18.569,-12.602,-2.13,0.469,3.157
-1.511,-20.461,-13.001,-1.634,-1.081,4.357
2.124,-20.461,-16.045,-3.834,-2.476,4.357
5.757,-20.461,-12.571,-2.144,-2.427,4.357
3.127,-14.618,-13.211,-0.934,-1.96,4.357
6.979,-7.275,-8.467,-2.17,-2.58,2.978
5.602,-3.083,-8.616,0.245,-0.196,-0.221
3.117,-5.566,-8.62,0.0,0.164,-2.209
4.718,-15.197,-9.734,1.008,0.878,-4.374
7.775,-20.461,-16.897,2.002,4.376,-4.374
-4.101,-20.461,-23.608,4.442,4.376,-4.374
-11.98,-16.669,-19.064,2.658,-4.354,-2.369
4.609,-13.845,-9.586,-0.89,-0.965,0.195
-2.429,-9.424,-13.884,-0.548,2.922,-2.404
