-0.963,-10.862,-11.193,0.0,0.743,0.0
-0.345,-10.733,-11.019,-0.234,0.595,0.483
0.849,-10.306,-10.938,-0.196,0.884,0.457
0.788,-10.433,-11.298,-0.16,0.965,0.319
1.389,-10.662,-11.552,-0.271,1.347,0.581
1.465,-11.882,-11.413,-0.319,2.181,0.614
0.25,-11.781,-12.294,0.221,2.723,0.425
3.134,-11.223,-11.542,0.568,3.243,1.637
9.245,-11.563,-10.968,1.284,2.686,-1.167
3.188,-16.614,-13.785,2.433,3.449,-4.374
0.332,-20.461,-12.945,1.355,2.381,-4.374
-8.793,-20.461,-12.69,4.442,0.0,-4.374
-7.507,-12.542,-18.664,0.467,-1.829,4.293
-0.566,-17.039,-13.276,-1.559,-1.449,2.999
-2.955,-20.461,-12.819,-1.366,-1.589,4.357
4.828,-20.461,-14.395,-1.478,-3.027,4.357
5.296,-20.461,-16.16,-2.161,-0.964,4.357
2.429,-18.415,-9.368,-2.168,-1.04,4.357
4.794,-8.242,-11.369,-1.59,-2.024,4.357
6.644,-2.684,-7.201,-0.117,-0.563,0.919
4.42,-3.608,-8.295,-0.342,0.118,-1.33
4.501,-11.841,-9.116,0.557,-0.203,-4.374
6.627,-20.461,-14.443,0.847,3.763,-4.374
2.464,-20.461,-19.357,3.528,4.376,-4.374
-20.681,-19.287,-15.141,3.824,-4.354,-4.374
