-1.457,-13.987,-15.435,1.659,-1.94,2.016
-0.182,-15.595,-13.185,0.0,-0.823,2.857
0.447,-15.947,-12.726,-0.88,0.0,4.149
1.879,-16.489,-10.937,-1.696,-0.491,4.357
4.149,-10.832,-10.077,-0.91,-0.747,2.917
3.551,-6.62,-9.245,-1.102,-1.066,0.314
2.69,-8.677,-7.956,-0.821,-0.749,-2.015
1.055,-11.575,-8.265,0.104,-0.209,-3.109
1.967,-15.508,-10.921,0.776,1.413,-3.766
0.928,-20.41,-13.313,0.866,3.016,-4.374
-2.98,-18.473,-13.275,0.262,1.68,-4.286
-3.661,-14.124,-10.957,-0.648,0.221,-1.805
-4.552,-10.001,-10.385,-0.607,0.359,-0.548
-6.511,-14.547,-9.906,2.142,-2.864,0.151
-2.451,-15.096,-15.241,1.833,-1.99,3.831
1.836,-20.109,-13.123,-0.249,0.0,4.357
2.616,-19.335,-12.118,-1.066,-0.293,4.357
2.221,-15.614,-10.798,-1.108,-1.099,3.909
3.193,-12.486,-10.319,-0.525,-1.648,2.793
6.448,-9.444,-8.422,0.0,-0.376,0.217
0.238,-7.638,-9.212,-0.46,-0.438,-3.004
2.92,-14.033,-6.977,0.731,3.417,-1.599
4.051,-18.146,-14.534,3.934,4.376,-3.628
-0.503,-19.694,-16.382,2.271,3.604,-4.374
-2.673,-15.888,-15.258,0.703,2.74,-3.968
