0.103,-10.067,-9.339,-0.499,-0.172,-0.551
-0.588,-10.583,-9.22,-0.32,0.132,-0.829
-1.16,-11.166,-9.384,0.0,0.302,-0.961
-1.123,-11.338,-9.669,0.258,0.784,-0.868
-1.655,-11.026,-10.507,0.197,0.843,-0.703
-0.836,-11.44,-10.722,0.293,0.895,-0.441
-0.851,-11.03,-11.651,0.177,1.316,-0.17
-2.005,-12.069,-11.696,0.0,0.816,0.482
5.555,-11.351,-8.571,-0.774,0.806,3.583
15.07,-17.575,-8.368,3.09,1.187,-4.374
0.984,-20.461,-12.166,0.13,3.18,-4.374
-4.647,-18.624,-14.614,2.977,2.437,-4.374
-8.734,-13.355,-13.078,0.595,1.774,-2.416
-8.703,-11.689,-12.772,0.616,-2.449,1.619
-2.522,-17.675,-14.011,0.991,-2.942,4.357
6.65,-20.461,-17.892,1.299,-2.07,4.357
2.439,-20.461,-18.209,-1.085,-1.861,4.357
7.344,-20.461,-16.905,-0.691,-4.154,4.357
7.665,-20.461,-15.9,-2.459,-0.636,4.357
6.018,-16.86,-11.332,-2.638,-0.189,4.357
5.987,-6.492,-8.465,-2.017,-2.15,3.3
7.517,-4.562,-7.331,0.0,-0.628,0.145
6.819,-8.6,-8.17,0.0,0.625,-2.817
1.203,-14.996,-11.423,-0.342,-1.383,-4.374
4.316,-20.461,-9.999,-1.208,3.793,-4.374
