-7.216,-12.257,-13.045,0.718,0.625,-0.99
-7.064,-13.881,-15.409,1.108,-1.479,1.613
-0.59,-15.613,-15.044,-1.504,-1.216,3.44
0.284,-16.555,-11.997,-2.52,-0.255,3.361
1.067,-15.424,-11.364,-1.835,-1.667,3.665
4.077,-14.186,-11.054,-1.381,-1.568,2.937
7.258,-12.255,-6.795,-0.385,0.107,0.49
1.997,-8.597,-9.606,1.882,0.175,-2.302
3.026,-15.445,-8.493,1.57,1.198,-2.392
2.919,-18.574,-14.442,3.063,2.489,-4.212
-0.789,-20.461,-13.819,1.847,2.22,-4.374
-5.957,-14.526,-13.607,1.7,0.139,-3.635
-2.302,-9.885,-13.941,-0.771,0.653,-0.159
-1.811,-14.298,-9.123,-1.905,2.559,-1.054
-8.71,-12.541,-14.299,1.006,-2.086,0.713
-1.137,-14.734,-13.459,-0.215,-3.51,3.486
1.592,-20.461,-12.118,-0.339,-3.413,4.107
2.318,-20.461,-14.542,0.554,-2.268,4.357
3.047,-17.428,-13.319,-1.078,-0.593,4.357
2.929,-12.463,-11.292,-1.158,-0.624,3.463
2.795,-7.013,-11.617,-0.808,-0.865,2.056
3.292,-5.242,-10.764,-1.055,-0.752,0.0
4.231,-11.093,-8.698,-0.927,-1.131,-3.194
0.752,-18.965,-8.238,-1.274,-1.152,-4.374
-2.543,-20.461,-4.563,-1.953,-0.684,-4.374
