3.713,-10.76,-9.082,-0.86,0.527,-0.318
3.901,-12.051,-7.597,0.0,0.552,-1.327
1.787,-12.478,-9.267,0.721,0.258,-1.929
0.39,-11.782,-10.793,0.833,0.249,-1.935
-0.809,-11.531,-10.694,0.501,0.917,-1.61
-3.211,-11.506,-10.66,0.948,-0.496,-1.247
-3.388,-12.431,-12.571,1.326,-1.818,-0.106
-4.359,-15.536,-12.596,1.036,-2.072,1.81
-1.0,-18.013,-14.293,1.207,-1.734,4.357
4.308,-20.461,-13.173,0.236,-0.806,4.357
2.976,-20.461,-14.56,-0.285,0.0,4.357
2.191,-15.266,-12.236,-1.999,-0.687,4.357
2.277,-9.664,-10.915,-1.608,-1.488,3.361
4.913,-4.134,-9.497,-1.399,-1.024,1.678
4.41,-5.341,-8.41,-0.637,0.329,-1.256
5.632,-15.401,-9.408,0.586,1.444,-3.95
5.54,-20.461,-14.248,2.995,4.298,-4.374
-1.368,-20.461,-20.558,3.845,4.376,-4.374
-5.678,-19.111,-14.556,-0.815,1.13,-3.31
0.527,-12.779,-10.446,0.14,-1.666,-0.859
-0.42,-10.262,-12.249,0.894,1.079,-2.033
-3.631,-10.054,-13.421,0.0,1.676,-1.827
-6.403,-10.238,-12.554,-1.462,-1.011,0.17
-2.024,-16.181,-10.568,-1.136,-1.742,2.53
0.372,-20.461,-13.408,0.0,-2.16,4.357
