-0.161,-10.686,-11.946,-0.47,-2.222,-0.166
0.0,-10.423,-11.666,0.101,-2.224,0.13
1.947,-12.845,-11.149,0.0,-1.486,0.122
-0.651,-8.773,-12.048,0.184,-1.031,-0.143
0.971,-11.685,-10.129,-0.179,-2.243,0.377
1.381,-10.537,-12.067,0.318,-0.641,0.39
0.322,-10.58,-11.211,0.0,-0.792,0.53
0.789,-10.833,-10.939,0.0,0.0,1.086
3.054,-12.119,-10.853,-0.338,0.911,1.754
10.787,-11.771,-5.483,-1.645,-0.234,1.254
10.329,-19.541,-10.637,3.513,1.66,-4.084
3.271,-20.461,-11.759,0.977,2.026,-4.374
-3.416,-20.091,-13.405,1.487,1.386,-4.374
-8.441,-17.33,-12.452,1.582,1.678,-4.302
-10.338,-12.146,-13.835,0.449,-1.679,1.999
-1.943,-17.307,-13.927,0.399,-0.612,4.357
0.629,-20.461,-14.516,1.025,-2.408,4.357
5.838,-20.461,-16.526,-0.139,-1.533,4.357
2.234,-20.461,-16.696,-2.142,0.685,4.357
4.074,-20.461,-13.829,-4.278,-2.16,4.357
4.354,-17.776,-11.914,-1.868,-2.176,4.357
7.659,-6.612,-9.855,-2.628,-1.744,4.227
7.511,-3.849,-8.353,0.0,0.0,0.0
6.557,-9.278,-8.684,0.35,1.218,-2.983
1.489,-17.935,-12.06,0.391,-0.226,-4.374
