-3.525,-14.752,-9.952,-0.279,-0.563,-0.601
-5.583,-11.154,-8.439,0.442,-0.242,1.711
-0.339,-17.65,-7.72,1.362,0.625,4.283
1.76,-16.502,-12.371,2.6,-0.584,3.83
1.696,-11.281,-12.41,0.81,0.314,3.616
2.014,-7.051,-11.176,-0.266,0.0,2.311
2.642,-4.323,-10.853,-0.558,0.475,0.54
2.472,-6.817,-11.445,-0.901,0.0,-2.2
3.543,-16.063,-10.364,-1.845,-1.456,-4.373
-0.512,-20.041,-8.382,-2.775,-3.116,-4.373
-4.455,-17.083,-7.97,-1.188,-0.512,-2.645
-3.03,-12.031,-8.203,0.152,-0.861,0.113
-1.176,-11.163,-8.195,1.141,-0.387,0.778
-1.472,-12.521,-10.385,2.561,0.0,0.895
-0.846,-13.512,-13.064,2.309,2.113,2.646
0.615,-14.447,-11.84,0.605,1.793,3.894
3.494,-12.497,-10.576,0.223,-0.132,2.016
-0.913,-8.26,-8.846,-0.481,-1.109,1.07
2.477,-8.024,-8.464,0.542,0.794,0.957
2.194,-6.2,-11.012,0.57,2.486,-0.331
-0.176,-10.13,-10.161,0.0,0.207,-3.201
-0.995,-13.847,-10.55,-0.999,-1.321,-4.373
-3.33,-16.659,-9.11,-1.811,-2.2,-4.239
-2.641,-18.229,-7.484,-1.02,-3.706,-2.067
-3.276,-10.355,-6.389,1.19,-1.581,0.222
