1.069,-8.249,-11.292,0.345,0.415,-0.36
2.316,-9.849,-11.481,0.185,0.819,-2.512
0.0,-14.357,-10.365,-0.524,0.0,-3.524
0.0,-14.383,-12.669,0.317,1.896,-2.836
-1.215,-12.345,-11.535,-1.217,4.268,-0.773
0.665,-11.591,-10.737,0.56,2.467,-1.15
-1.061,-10.094,-13.967,0.175,1.821,-2.18
-3.723,-9.752,-12.434,-1.232,0.513,-1.905
-6.473,-11.072,-8.892,-1.773,-0.999,-0.627
-4.415,-17.831,-6.132,-1.416,0.679,1.934
-4.566,-18.527,-5.432,-0.189,0.293,4.357
1.739,-20.041,-7.72,1.259,-0.851,4.357
1.241,-16.736,-10.953,1.224,-0.102,4.357
2.626,-9.906,-11.334,0.398,-0.328,3.065
1.634,-6.814,-11.157,1.004,-0.285,1.147
2.32,-5.898,-11.782,0.9,0.996,0.0
2.904,-7.93,-10.92,0.47,1.314,-1.934
4.326,-16.304,-11.202,0.207,0.717,-4.373
0.0,-20.041,-13.416,0.426,0.244,-4.373
-4.329,-18.7,-12.787,-0.637,1.443,-4.128
0.111,-14.608,-15.302,-0.285,4.377,0.47
-2.251,-9.22,-15.608,0.733,4.377,-0.593
-0.634,-7.16,-17.686,0.223,3.443,-1.024
-1.949,-10.354,-15.459,-1.724,1.531,-2.087
-5.32,-15.677,-11.176,-2.422,-0.827,-1.834
