-3.925,-8.131,-11.727,-1.124,-0.226,-2.222
-2.513,-14.547,-6.943,-1.596,-4.354,-1.287
-1.861,-11.264,-8.302,1.087,-1.08,0.795
1.208,-13.325,-10.495,1.331,0.604,3.638
1.47,-10.271,-9.578,-0.181,-0.369,1.59
1.782,-7.926,-8.77,0.0,-0.955,0.296
0.295,-8.118,-9.087,0.206,-0.81,-1.425
-1.407,-11.331,-10.134,0.597,-0.995,-2.404
-2.071,-13.721,-12.479,0.34,0.17,-2.177
-7.735,-11.72,-10.971,-0.316,-1.444,-0.356
-2.417,-13.253,-13.703,1.18,-2.928,1.949
-0.458,-12.812,-12.916,-0.191,-2.063,2.694
1.364,-13.403,-11.121,0.188,-1.629,2.85
1.641,-10.519,-12.094,0.405,-0.397,2.08
1.036,-8.363,-11.341,-0.379,-0.116,1.135
1.979,-8.26,-10.624,-0.505,-0.46,-0.326
3.444,-11.641,-9.572,-0.603,-0.122,-1.884
-1.668,-11.181,-10.526,-0.915,0.0,-3.225
-1.189,-14.834,-8.33,-0.588,-0.797,-2.783
-3.193,-10.01,-11.439,-0.309,2.865,0.106
-1.245,-10.668,-10.028,-0.665,1.826,0.39
-1.235,-9.395,-10.42,-0.199,0.0,-0.399
-1.572,-9.846,-9.543,-0.472,-0.49,-0.566
-1.573,-12.028,-9.259,-0.104,-0.874,-0.666
-1.941,-13.918,-9.968,0.25,-0.587,0.0
