-1.007,-18.219,-12.588,1.708,0.409,3.627
0.664,-14.972,-13.953,1.2,0.801,3.734
0.549,-13.599,-11.217,-0.167,-0.97,3.751
2.253,-11.097,-11.025,0.473,-0.771,2.591
1.88,-7.033,-10.285,0.153,0.497,1.778
3.176,-5.339,-9.955,-0.268,0.778,0.0
3.186,-8.077,-9.847,0.258,1.264,-2.667
3.669,-17.193,-11.752,0.607,1.325,-4.373
1.507,-20.041,-12.207,1.91,3.497,-4.373
-9.483,-20.041,-14.382,-1.094,-1.442,-4.373
-6.702,-12.742,-9.543,-1.606,-0.492,0.654
-5.187,-11.279,-8.458,0.35,-1.032,0.105
-4.825,-13.706,-10.458,2.101,-2.325,1.484
-0.41,-18.146,-12.688,2.826,-0.718,3.684
2.092,-17.659,-13.729,1.665,0.591,4.357
1.951,-15.816,-11.87,0.298,0.644,3.863
2.442,-12.654,-11.687,0.222,0.0,2.929
0.0,-6.504,-10.381,-0.758,-0.264,1.24
2.484,-8.314,-8.917,-0.617,-0.993,0.245
1.995,-7.088,-9.482,0.0,0.714,-1.491
1.813,-10.717,-10.714,-0.208,0.971,-3.035
0.803,-16.07,-11.478,-0.632,0.494,-4.373
-2.022,-19.347,-11.233,-0.909,0.195,-4.373
-5.521,-16.074,-11.564,-1.361,1.18,-1.986
-5.633,-11.467,-9.681,-1.235,0.929,-0.125
