4.492,-11.638,-9.701,1.851,2.548,-1.206
3.748,-16.031,-13.431,3.68,4.377,-2.813
1.937,-15.677,-18.07,3.649,4.377,-3.416
-1.698,-15.766,-14.294,0.776,2.198,-3.91
-3.485,-12.358,-13.921,0.844,0.243,-3.351
-2.991,-9.96,-14.72,-0.895,2.057,-1.18
-2.761,-10.218,-11.667,-2.281,2.015,-0.344
-1.6,-10.85,-9.411,-1.935,2.047,-0.41
-3.197,-11.27,-8.804,-1.664,0.54,-0.762
-2.948,-14.75,-5.5,-1.894,0.0,0.0
-2.599,-13.852,-6.358,0.579,0.0,1.217
-0.674,-12.924,-10.121,1.38,-0.29,1.618
-0.689,-11.146,-11.946,0.666,-1.139,1.274
-1.369,-10.953,-11.29,0.419,0.0,1.636
-0.108,-9.814,-12.077,0.545,0.0,1.536
0.273,-8.683,-11.382,0.0,0.21,0.981
0.171,-8.403,-11.31,-0.273,-0.102,0.136
0.689,-10.53,-10.8,-0.729,-1.069,-0.819
2.241,-12.303,-9.634,-0.64,-0.356,-2.078
-2.214,-10.276,-9.007,-0.926,0.0,-2.04
0.337,-11.904,-10.748,0.0,0.853,-0.95
-1.776,-9.704,-11.547,-0.802,2.106,-0.196
-0.605,-10.158,-10.113,-0.537,1.865,0.253
-0.58,-9.407,-11.36,-0.355,1.691,0.0
-0.846,-10.732,-9.942,-0.712,0.492,-0.627
