-1.379,-14.175,-10.278,0.737,-0.758,1.874
-1.257,-15.778,-10.6,1.268,0.0,2.567
1.112,-16.948,-11.255,1.482,0.649,3.603
-0.172,-10.884,-10.984,0.297,0.486,2.838
1.125,-10.878,-9.402,0.842,0.0,2.565
0.749,-7.373,-10.686,0.948,0.866,1.558
1.381,-5.591,-10.731,0.519,1.133,0.409
1.768,-6.906,-10.266,0.0,0.686,-1.786
1.748,-11.355,-11.828,0.0,0.355,-3.777
1.212,-20.041,-11.059,-1.349,-1.79,-4.373
-0.266,-20.041,-12.745,-1.177,1.02,-4.373
-8.275,-17.584,-10.015,-2.658,1.518,-3.301
-7.041,-11.986,-7.828,0.0,-1.778,0.705
-3.812,-12.958,-7.909,0.725,-1.207,1.669
-1.745,-17.704,-9.919,2.644,-1.381,2.823
0.781,-17.974,-13.346,2.528,-0.199,4.045
1.871,-15.405,-12.429,1.013,1.283,4.342
2.222,-11.603,-11.001,0.67,0.596,3.418
2.864,-7.34,-10.865,0.137,-0.298,1.582
2.398,-6.861,-10.124,-0.294,0.0,-1.414
0.252,-10.76,-8.852,-0.461,-0.88,-2.819
1.511,-11.822,-10.028,-0.224,1.099,-2.798
1.011,-15.589,-12.464,0.0,3.947,-3.305
-2.355,-16.156,-13.404,0.0,3.167,-3.913
-5.205,-15.281,-12.796,-0.133,0.476,-3.193
