-3.755,-11.567,-9.705,-1.522,-0.59,1.545
-2.251,-15.179,-7.893,-1.069,-0.674,2.195
-1.497,-16.527,-8.323,-0.463,-0.556,2.451
-1.308,-15.335,-9.294,0.0,-1.393,2.714
0.493,-13.742,-9.159,0.489,-1.297,3.252
1.867,-9.46,-10.176,0.771,0.108,2.685
2.631,-6.612,-10.007,0.565,0.678,1.367
2.29,-5.473,-9.93,0.288,0.814,-0.797
1.629,-9.68,-9.83,0.187,0.374,-3.14
0.0,-18.821,-11.068,0.0,0.0,-4.373
-1.758,-20.041,-12.475,-1.019,1.074,-4.373
-8.448,-14.731,-9.094,-0.95,0.0,-2.922
-6.341,-11.312,-10.167,0.552,-1.165,-0.545
-4.719,-10.901,-9.811,0.526,-1.566,1.292
-1.4,-13.646,-10.849,1.577,-1.369,2.401
0.147,-14.422,-12.348,1.481,-0.299,2.673
0.834,-15.549,-12.007,0.6,0.754,3.233
1.258,-12.539,-11.733,0.143,0.432,3.242
1.511,-7.872,-10.857,-0.59,-0.995,1.279
2.53,-8.91,-9.466,-0.562,-0.916,0.187
1.177,-7.507,-9.975,0.0,0.504,-1.038
1.819,-9.911,-10.078,-0.109,1.245,-2.165
0.919,-13.255,-11.467,0.0,1.696,-3.706
-1.557,-16.9,-11.399,-0.252,0.944,-4.373
-6.222,-16.298,-11.602,-0.325,-0.135,-3.381
