-4.318,-15.759,-6.961,1.046,0.0,2.774
-0.929,-17.139,-9.432,1.748,0.708,4.051
-1.262,-12.188,-11.961,1.246,0.907,3.339
-0.586,-7.813,-11.685,0.516,0.39,2.503
0.335,-4.379,-11.598,0.183,0.259,1.193
1.216,-4.497,-10.859,-0.422,0.191,-0.662
1.921,-9.471,-10.122,-0.565,-0.363,-2.742
1.983,-17.181,-12.123,-0.696,-0.777,-4.373
-0.64,-20.041,-10.848,-1.909,1.499,-4.373
-6.528,-15.099,-9.762,-1.231,0.623,-2.269
-2.11,-11.427,-10.316,-0.339,1.613,0.115
-1.848,-9.997,-10.624,0.0,2.028,0.0
-4.226,-9.833,-11.359,0.401,-0.278,-0.423
-2.838,-11.048,-11.079,0.157,-1.285,0.892
-0.874,-12.776,-11.428,0.378,-0.953,1.448
-0.744,-14.181,-11.911,0.358,-0.738,1.686
-1.024,-14.619,-11.545,0.467,-1.674,2.223
0.862,-13.378,-12.42,0.772,-1.652,2.551
0.444,-10.603,-11.88,-0.171,-0.915,2.327
0.993,-8.526,-10.476,-0.218,-0.48,2.036
2.037,-6.096,-10.422,-0.116,0.127,0.723
2.218,-7.716,-10.41,-0.321,0.1,-1.411
1.89,-13.369,-10.613,-0.213,-0.583,-3.779
-0.983,-17.745,-9.642,-1.203,-2.096,-4.373
-4.363,-12.476,-9.739,-1.1,0.997,-1.193
