-3.824,-12.187,-9.015,-0.445,-1.855,-0.533
-4.564,-14.819,-8.709,0.352,-1.836,0.636
-4.39,-17.521,-11.065,1.523,-0.153,3.647
0.105,-16.775,-12.871,0.527,-0.549,4.357
1.667,-11.563,-11.876,0.0,-1.938,2.979
1.675,-7.583,-11.279,0.244,-1.195,1.681
1.968,-6.062,-11.335,0.0,0.101,0.638
2.32,-7.661,-11.031,-0.291,0.786,-1.214
3.762,-13.422,-10.428,-0.425,0.85,-3.319
-0.288,-18.254,-10.717,-1.096,-0.502,-4.373
-2.346,-16.93,-9.962,-1.178,-0.317,-4.373
-3.702,-13.125,-11.336,-0.848,1.808,-1.131
-4.834,-12.159,-10.084,-0.844,-0.321,-1.382
-5.72,-11.83,-7.613,-0.341,-3.624,-0.828
-1.93,-17.277,-7.82,2.122,-3.526,0.525
-2.39,-14.994,-11.403,4.073,-2.175,1.094
2.885,-18.208,-14.846,4.037,1.538,3.927
1.793,-13.828,-15.21,1.276,3.219,3.131
1.378,-9.522,-14.762,0.35,1.376,2.501
2.213,-6.987,-15.816,-0.715,-0.747,0.804
1.345,-8.664,-12.894,-2.119,-2.192,-0.914
0.412,-10.348,-8.758,-2.148,-3.09,-2.0
0.61,-12.415,-8.43,-2.193,-1.158,-2.332
-1.262,-15.262,-6.01,-2.049,-2.544,-2.402
-2.769,-12.494,-8.627,-0.569,0.593,-0.708
