0.408,-4.895,-10.569,0.154,0.0,-0.356
2.655,-10.062,-10.748,-0.205,-0.775,-2.351
0.792,-13.326,-10.808,-0.56,-0.509,-3.993
0.433,-16.076,-11.063,-0.895,0.818,-3.706
-1.845,-16.124,-11.498,-0.99,1.78,-3.165
-3.203,-13.869,-10.729,-0.89,1.23,-2.255
-4.199,-11.881,-10.392,-0.561,0.614,-1.566
-6.441,-11.932,-10.171,-0.208,-0.583,-0.993
-7.407,-14.417,-9.908,1.044,-2.672,0.996
-0.812,-19.354,-12.368,2.759,-2.465,3.616
1.35,-18.766,-14.157,2.405,-1.193,3.823
1.726,-15.909,-13.484,1.385,0.291,4.276
1.891,-10.968,-13.297,0.652,0.0,3.556
2.515,-7.168,-12.151,-0.417,-0.3,2.043
3.194,-6.26,-10.533,-0.497,0.592,0.0
2.803,-9.248,-10.829,-0.184,1.109,-2.837
0.938,-15.312,-10.125,-1.112,-0.445,-4.373
0.313,-18.365,-9.175,-1.575,-1.175,-4.373
-2.617,-16.405,-11.194,-0.927,2.717,-2.791
-3.931,-12.657,-11.274,-0.897,2.472,-1.289
-4.36,-10.384,-10.239,-0.401,0.94,-0.794
-4.685,-11.831,-10.923,0.134,-0.359,-0.208
-4.832,-14.695,-12.114,0.42,-0.683,1.625
-2.672,-15.394,-11.147,0.0,-0.719,3.963
2.832,-19.45,-12.366,0.983,-1.463,4.357
