0.638,-10.123,-11.103,-0.207,1.328,-1.105
-0.44,-10.281,-10.968,0.144,0.723,-1.687
-1.988,-10.124,-12.01,0.0,0.199,-1.862
-3.598,-11.905,-10.996,-0.309,-0.202,-1.413
-4.688,-12.551,-10.187,0.0,0.0,0.434
-5.004,-13.869,-9.019,0.133,-1.341,1.803
-2.988,-19.108,-10.011,1.357,-2.007,4.149
1.502,-19.584,-12.357,0.938,-0.244,4.357
2.407,-14.442,-10.91,0.226,0.576,4.357
2.232,-7.201,-10.589,0.0,-0.369,2.966
4.512,-4.034,-8.885,-0.907,-0.733,0.608
5.081,-7.626,-8.768,-0.183,0.66,-2.645
4.233,-20.041,-11.331,0.495,1.753,-4.373
0.309,-20.041,-14.902,0.676,2.358,-4.373
-8.185,-18.594,-12.666,-1.242,0.796,-4.355
-3.926,-13.049,-10.993,-0.176,0.944,-1.288
-6.021,-9.233,-12.391,0.29,1.121,-0.434
-5.879,-11.111,-13.104,0.278,0.285,1.302
-1.964,-15.34,-13.681,-0.578,-0.714,3.696
0.941,-15.417,-13.064,-1.507,-1.506,3.366
-0.611,-20.041,-7.188,-0.383,-4.354,2.864
2.836,-15.752,-14.347,0.188,-1.415,3.975
1.663,-12.727,-9.18,-0.35,0.485,3.968
2.709,-5.797,-9.598,0.0,-0.963,1.92
3.98,-3.635,-9.052,-0.174,0.0,-0.533
