-0.612,-10.878,-9.902,0.0,-0.186,0.0
-0.344,-11.259,-8.736,0.142,0.0,0.0
0.0,-10.959,-8.741,0.665,0.143,-0.163
-0.618,-10.674,-10.211,0.987,0.225,-0.329
-0.949,-10.425,-10.806,0.896,0.323,-0.188
-0.588,-9.667,-11.589,0.691,0.625,0.0
-0.425,-9.157,-11.849,0.365,0.743,0.0
-0.196,-10.463,-11.031,0.23,0.285,-0.13
1.69,-12.69,-12.52,0.435,1.334,0.184
-5.251,-7.061,-9.879,-2.529,-0.128,-0.465
-2.292,-13.255,-3.791,-0.697,-3.84,-0.199
1.928,-9.967,-8.011,-0.441,0.709,0.68
-1.048,-10.997,-5.007,-0.421,-1.441,0.169
1.812,-12.117,-5.863,0.0,-0.301,0.592
-0.471,-9.731,-7.887,0.475,0.136,0.433
1.482,-13.081,-8.056,0.825,-0.173,-0.534
0.108,-11.982,-8.831,1.29,1.95,0.0
0.0,-11.832,-8.899,1.526,0.48,-0.495
-0.636,-11.401,-9.943,1.917,1.041,-0.6
-1.709,-10.117,-12.017,1.903,1.421,-0.407
-0.549,-9.772,-12.746,1.238,1.556,0.311
-3.094,-3.627,-14.734,-2.002,1.074,-0.405
-2.914,-10.373,-6.565,-3.094,-2.422,-0.726
0.289,-11.478,-6.063,-1.069,-1.819,-0.579
-1.17,-12.612,-6.051,-1.999,0.108,-0.366
