0.0,-10.388,-8.867,0.0,0.164,0.247
0.556,-10.289,-8.504,0.0,0.271,0.0
0.792,-10.063,-8.061,0.164,0.583,0.0
1.3,-10.475,-7.522,0.348,1.028,-0.254
0.675,-10.544,-7.209,0.542,0.955,-0.39
1.472,-10.202,-6.775,0.754,1.349,-0.432
0.0,-8.673,-8.055,0.888,1.176,-0.656
-2.539,-7.373,-8.646,0.432,0.539,-0.592
-1.418,-10.68,-9.987,0.108,0.389,-0.268
-0.616,-14.17,-11.936,-0.252,0.632,-0.356
-2.398,-10.186,-11.668,-0.573,0.248,0.624
-1.189,-9.438,-10.145,-1.387,0.0,0.655
-0.135,-10.523,-9.138,-0.629,-1.14,0.0
-0.636,-10.882,-9.27,-0.168,0.0,0.0
-0.309,-11.844,-8.037,0.0,0.109,0.337
-1.166,-9.922,-9.359,0.154,0.102,0.0
-0.188,-10.526,-5.898,-0.35,-1.426,0.0
0.463,-9.494,-7.947,0.681,0.919,-0.123
-1.385,-9.093,-8.93,0.197,0.551,-0.268
-1.488,-9.423,-7.928,0.143,0.0,-0.239
-1.69,-8.97,-8.039,0.0,0.0,0.206
-1.023,-9.326,-8.764,-0.247,-0.756,0.172
2.546,-14.959,-9.845,-0.24,-1.227,0.0
-2.535,-10.389,-8.425,-0.446,-1.008,-0.83
0.0,-10.159,-12.099,0.479,0.0,0.0
