1.469,-7.888,-13.167,0.653,1.762,-1.595
0.619,-13.741,-12.526,0.269,0.682,-4.053
-0.996,-15.545,-10.686,-1.621,-0.715,-3.741
0.0,-13.595,-11.076,-0.787,3.677,-1.633
0.275,-13.162,-14.802,0.646,4.377,-0.874
-2.757,-10.493,-14.521,-0.276,3.636,-2.195
-2.517,-10.711,-13.871,-0.566,1.012,-2.057
-3.964,-12.352,-13.733,-1.428,1.451,-1.248
-7.603,-11.653,-10.464,-2.271,0.809,0.597
-2.99,-15.944,-2.066,-2.489,-0.14,2.886
0.808,-19.579,-5.512,1.492,-0.7,3.12
0.984,-15.913,-7.592,1.144,0.614,3.646
2.06,-11.666,-9.26,1.564,0.783,2.649
0.886,-8.569,-10.155,1.461,1.02,1.635
1.005,-5.993,-11.202,1.242,1.009,0.685
2.688,-6.712,-10.972,0.755,1.179,-0.855
3.076,-12.789,-12.101,0.99,1.274,-3.081
0.555,-19.709,-14.992,0.651,1.135,-4.373
-7.129,-15.475,-8.188,-1.708,-1.946,-3.201
-0.867,-11.963,-11.292,-0.798,2.692,0.0
-3.393,-10.508,-9.577,-1.036,2.987,0.296
-2.525,-10.002,-10.053,-0.285,0.709,0.425
-2.158,-10.75,-8.984,-0.371,-0.506,0.693
0.182,-13.616,-8.591,0.188,-1.048,1.182
-0.464,-11.293,-9.804,0.627,-0.304,1.917
