-2.453,-13.699,-8.564,-1.017,-1.038,-1.502
-5.099,-12.731,-7.545,0.0,-0.633,-0.18
-0.389,-15.608,-8.382,1.851,0.0,3.225
1.288,-15.336,-12.065,2.755,0.274,3.097
1.775,-12.745,-12.102,1.222,0.809,2.86
0.968,-9.77,-10.826,0.777,0.726,2.131
1.538,-7.054,-11.328,0.52,0.743,1.499
3.27,-5.678,-10.811,-0.359,1.211,-0.234
2.416,-10.498,-10.24,0.0,0.916,-3.126
3.123,-20.041,-11.574,1.002,1.262,-4.373
-4.718,-16.799,-14.798,-0.815,4.377,-3.188
-0.858,-14.227,-9.881,-0.201,4.377,1.005
0.111,-10.477,-11.323,2.609,4.377,1.393
1.335,-6.625,-14.746,1.983,3.595,0.0
0.275,-5.694,-14.984,0.638,3.339,-0.913
-0.129,-8.716,-14.032,-0.562,1.341,-2.561
-1.597,-15.819,-11.577,-1.784,-1.406,-3.999
-6.588,-15.82,-7.873,-2.836,-0.96,-2.291
-4.656,-15.165,-3.261,-1.373,-0.429,1.759
-2.182,-14.944,-6.852,1.099,-0.972,1.915
-2.256,-14.003,-10.479,1.336,-0.143,2.564
0.113,-12.476,-10.883,0.757,0.173,3.28
1.267,-9.317,-11.103,0.492,0.0,2.399
2.054,-7.356,-11.36,0.0,0.0,0.804
2.038,-8.545,-10.4,-0.363,-0.152,-1.216
