-8.139,-15.259,-10.516,0.206,-1.324,-0.42
-4.575,-14.671,-10.178,0.0,-1.871,3.545
1.253,-17.841,-11.969,1.213,-2.613,4.204
1.816,-14.824,-11.886,0.31,-1.596,3.324
1.249,-12.828,-11.128,0.548,-0.402,3.029
1.12,-9.502,-11.825,0.177,0.0,2.518
2.297,-8.61,-10.635,-0.389,-0.1,1.548
4.827,-10.328,-9.636,-0.522,0.385,-0.746
0.472,-11.543,-9.517,-0.327,1.929,-3.412
-1.356,-16.65,-7.44,0.133,0.982,-3.836
1.417,-16.178,-10.401,1.421,2.159,-3.296
-3.011,-13.505,-11.775,0.66,2.732,-3.157
-4.52,-11.787,-11.401,0.395,0.616,-2.322
-4.835,-10.14,-11.254,-0.509,0.205,-0.925
-4.256,-12.706,-9.745,-0.533,0.0,0.426
-3.009,-14.791,-10.714,-0.702,-0.893,1.519
-2.604,-17.596,-9.737,-0.401,-2.394,3.072
0.799,-17.822,-11.538,0.549,-2.653,4.389
2.565,-13.883,-11.771,0.126,-1.861,3.787
1.855,-10.522,-10.741,0.111,-0.78,2.397
1.336,-7.967,-10.349,0.156,-0.409,1.452
1.737,-7.613,-9.831,0.0,-0.159,0.234
4.516,-11.686,-8.855,-0.12,1.217,-1.832
-1.192,-14.0,-10.688,0.704,2.635,-4.031
-4.015,-16.157,-10.577,0.925,0.797,-3.278
