1.126,-12.081,-11.331,0.0,1.581,-3.523
-1.132,-16.468,-7.883,-0.644,0.63,-3.818
-0.533,-13.83,-10.258,0.465,1.283,-3.064
-2.161,-12.429,-11.154,0.102,2.791,-2.662
-3.993,-12.225,-10.3,-0.104,0.896,-2.449
-5.738,-10.144,-9.822,-0.578,-0.507,-1.279
-4.975,-13.478,-8.679,0.0,-1.002,0.517
-3.184,-16.935,-10.676,0.587,-1.074,2.427
-0.975,-20.136,-10.647,0.925,-1.687,4.393
2.035,-20.199,-12.616,1.332,-2.269,4.393
2.592,-15.136,-11.968,0.171,-0.96,4.136
1.816,-10.658,-10.824,0.0,-0.454,2.856
1.494,-7.11,-10.765,0.0,-0.122,1.721
2.45,-6.054,-10.057,0.0,0.411,0.33
3.919,-10.413,-9.836,-0.218,0.618,-2.16
1.125,-14.945,-10.547,-0.383,1.338,-4.337
-1.37,-20.199,-7.731,-0.42,0.411,-4.337
-2.777,-16.342,-11.344,0.541,0.404,-3.94
-3.951,-13.578,-9.715,-1.161,1.578,-2.032
-3.484,-11.016,-9.4,-0.402,0.121,-1.118
-3.934,-9.533,-8.902,-0.922,0.127,-0.236
-3.897,-11.739,-7.557,-0.197,-0.492,0.819
-2.013,-14.755,-9.962,0.765,-0.791,2.105
-0.867,-16.488,-10.618,0.718,-1.23,2.75
0.235,-17.89,-11.018,0.978,-1.676,3.322
