-4.302,-15.832,-11.241,0.749,-0.859,0.252
-4.966,-14.168,-11.842,0.136,-1.916,2.933
0.124,-20.199,-10.328,0.826,-2.258,4.393
2.462,-20.179,-11.478,1.246,-1.386,4.393
2.819,-15.163,-10.92,0.758,0.0,4.187
2.187,-9.508,-11.33,0.581,0.0,2.763
2.515,-6.406,-11.108,0.274,-0.363,1.02
2.917,-8.554,-10.063,0.0,-0.329,-1.176
4.481,-13.242,-10.915,0.325,1.704,-3.628
-0.593,-17.824,-10.821,-0.49,1.87,-4.337
-2.719,-19.616,-9.5,0.0,0.302,-4.337
-3.409,-14.958,-12.415,-0.675,1.694,-3.205
-3.071,-11.963,-10.589,-1.275,1.74,-1.088
-2.402,-9.775,-10.951,-1.186,2.012,-0.747
-2.928,-10.943,-10.569,-1.559,1.8,-0.581
-5.438,-15.528,-8.304,-1.844,0.932,0.122
-7.581,-16.217,-7.852,-0.834,-0.61,2.346
-1.17,-20.199,-9.93,0.789,-2.862,4.393
3.409,-19.628,-12.466,0.827,-1.831,4.393
2.371,-12.662,-10.352,0.0,-1.417,3.42
1.691,-8.036,-10.77,0.822,-1.101,2.124
2.543,-6.172,-11.183,0.574,-0.157,0.695
3.416,-8.906,-10.231,0.0,0.489,-1.219
4.954,-16.099,-11.66,0.805,2.453,-4.0
-0.887,-20.199,-10.623,-0.631,0.802,-4.337
