-0.266,-18.371,-9.888,-0.66,0.307,-4.337
-2.47,-19.541,-8.415,-0.565,0.213,-4.337
-4.299,-11.845,-12.39,-0.334,2.304,-1.763
-2.54,-10.552,-10.241,-1.374,3.072,0.132
-1.809,-9.914,-9.192,-0.719,1.671,-0.137
-2.679,-9.779,-8.759,-0.659,0.473,-0.491
-3.3,-13.166,-8.427,0.0,-0.98,-0.103
-3.042,-16.552,-9.827,0.534,-1.823,0.875
-2.768,-15.741,-10.387,1.127,-2.77,2.796
1.453,-18.567,-12.476,2.238,-2.675,4.027
2.276,-14.329,-12.157,0.919,-0.347,3.836
1.558,-10.225,-10.763,0.149,0.728,2.79
1.154,-7.335,-10.672,0.243,0.0,1.622
2.473,-6.932,-10.948,0.0,0.0,0.0
3.706,-11.051,-9.84,-0.272,0.712,-2.004
0.724,-14.343,-10.196,-0.25,1.071,-4.337
-1.271,-19.41,-8.358,-0.793,0.0,-4.337
-0.313,-14.715,-11.601,-0.308,1.898,-2.956
-3.403,-12.613,-10.781,-1.117,3.661,-2.233
-3.803,-11.088,-10.958,-0.175,1.251,-1.371
-4.018,-10.174,-10.641,-1.12,0.671,-0.512
-3.883,-11.595,-8.094,-1.258,-0.604,0.255
-2.373,-13.869,-7.967,-0.129,-1.234,1.479
-1.374,-15.553,-9.405,0.835,-1.624,2.047
-1.086,-17.754,-9.395,1.201,-2.581,3.054
