-1.195,-16.994,-11.514,0.423,-1.331,1.675
-2.427,-16.203,-11.295,-0.109,-2.154,2.861
1.094,-18.777,-11.871,0.742,-2.071,4.284
2.054,-13.796,-12.578,-0.21,-0.717,3.881
1.407,-10.486,-10.083,-0.582,-0.223,2.92
1.8,-7.449,-10.644,0.166,-0.683,1.587
2.572,-6.787,-10.866,0.0,0.0,0.0
3.246,-11.231,-10.061,-0.124,0.295,-2.29
1.261,-16.565,-10.05,-0.473,0.0,-4.337
-1.654,-18.652,-8.283,-0.876,-0.167,-4.337
-2.056,-14.299,-10.47,-0.364,0.831,-2.941
-3.167,-12.075,-9.412,-0.91,1.812,-1.736
-2.712,-11.068,-9.564,-0.385,0.586,-1.125
-3.989,-9.811,-8.67,-0.914,0.654,-0.308
-3.232,-13.098,-8.097,0.256,-0.575,0.784
-1.578,-17.091,-10.318,0.907,-1.016,1.758
-2.442,-16.603,-10.338,0.824,-1.862,3.12
1.477,-19.121,-11.953,2.096,-1.935,4.338
2.47,-13.967,-12.849,0.599,-0.342,3.708
1.336,-10.313,-10.876,-0.144,0.516,2.957
1.525,-7.633,-10.681,0.207,-0.381,1.935
2.475,-6.681,-10.507,-0.19,-0.218,0.218
4.327,-11.17,-9.966,-0.308,0.708,-2.102
0.7,-15.506,-9.889,-1.045,1.224,-4.337
-1.892,-19.363,-7.645,-0.145,0.863,-4.337
