-3.289,-11.092,-9.141,-0.195,0.0,-0.894
-3.47,-15.122,-10.881,0.525,-0.912,0.322
-3.677,-14.368,-11.672,0.125,-1.999,1.876
0.142,-16.384,-11.716,0.497,-1.914,3.874
1.823,-13.18,-12.385,0.0,-1.26,3.069
1.353,-11.287,-11.449,0.0,-1.199,2.254
1.722,-8.462,-12.466,0.0,-0.972,1.414
1.06,-7.378,-11.278,-0.341,-0.289,0.268
3.186,-11.999,-10.627,-0.406,-0.211,-1.158
-1.61,-11.477,-6.793,-2.258,-1.291,-3.097
-2.834,-15.021,-3.189,-0.408,-2.717,-3.774
-2.571,-12.799,-7.654,0.538,-1.259,-2.885
-5.695,-12.011,-8.046,1.117,-1.512,-1.945
-4.382,-10.147,-11.289,2.166,-4.354,-0.757
-1.604,-11.607,-14.684,2.061,-3.805,0.374
-3.64,-14.222,-14.971,2.491,-3.925,1.159
0.584,-14.402,-21.036,2.334,-3.2,2.59
-0.439,-12.8,-16.708,0.0,-0.337,2.522
-0.256,-12.764,-13.69,0.0,-1.373,2.608
0.912,-11.216,-12.353,-0.301,-1.013,2.047
1.021,-9.977,-11.094,-0.296,-0.468,1.199
1.33,-11.58,-10.031,0.0,-0.672,0.0
0.72,-10.766,-9.927,-0.396,-1.375,-0.882
1.847,-10.77,-7.947,-1.075,-0.101,-1.234
1.573,-11.288,-6.892,0.0,1.089,-1.486
