-7.463,-14.446,-11.617,0.111,-2.157,1.065
-1.695,-17.79,-10.45,-0.516,-1.968,4.393
1.291,-20.199,-11.49,0.595,-2.944,4.393
3.049,-16.737,-11.666,0.0,-2.586,4.124
2.279,-11.398,-9.755,0.0,-1.12,2.83
1.413,-8.256,-9.652,0.454,0.0,1.88
2.648,-6.891,-10.435,0.466,0.341,0.581
4.614,-10.245,-10.294,0.0,0.948,-1.93
1.784,-15.932,-10.787,0.114,1.435,-4.337
-1.535,-20.199,-9.462,-0.171,0.742,-4.337
-1.665,-14.487,-12.03,-0.187,1.642,-2.98
-2.681,-12.264,-10.304,-1.123,3.358,-1.793
-1.975,-10.647,-10.718,0.0,2.505,-1.329
-4.042,-9.344,-10.839,-0.873,1.867,-1.137
-5.069,-12.109,-9.336,-0.923,0.342,-0.129
-3.094,-14.216,-10.229,-0.614,-0.134,1.785
-2.397,-15.19,-9.467,-1.006,-0.662,3.43
0.602,-19.788,-9.34,-0.317,-2.116,3.841
2.523,-14.591,-10.221,0.176,-2.12,3.723
2.923,-10.551,-9.989,0.156,-1.049,2.244
1.826,-8.432,-9.199,0.425,-0.608,0.516
2.06,-9.194,-9.524,0.919,0.456,-0.549
3.689,-12.551,-10.772,1.361,2.987,-1.699
1.865,-14.208,-12.353,1.813,4.377,-3.054
0.565,-19.0,-12.094,1.873,3.48,-4.078
