3.33,-12.549,-11.145,0.0,0.844,-3.073
-0.766,-14.826,-8.573,-0.938,0.765,-4.041
0.624,-15.769,-9.786,1.176,2.158,-2.722
-0.751,-14.204,-12.411,0.269,3.793,-3.301
-3.843,-13.353,-9.833,0.198,1.433,-3.076
-5.356,-10.613,-11.292,0.162,0.0,-2.406
-6.429,-10.125,-9.888,-0.821,-0.155,0.0
-3.011,-15.925,-10.221,0.286,-1.141,1.931
-2.653,-15.705,-12.193,0.0,-2.577,3.216
0.581,-20.199,-11.692,0.821,-3.369,4.393
3.075,-19.085,-12.813,1.038,-2.681,4.393
2.487,-13.158,-11.358,0.314,-0.165,3.486
1.494,-8.989,-11.097,0.356,0.573,2.55
2.469,-7.459,-11.284,0.349,0.115,1.101
2.879,-8.875,-11.593,0.0,0.0,-0.998
3.835,-13.126,-10.442,-1.052,1.25,-3.308
-0.592,-17.815,-7.028,-0.597,1.787,-4.337
-2.149,-19.126,-9.292,1.178,1.123,-4.337
-3.915,-14.83,-9.674,-0.284,1.452,-3.541
-4.423,-12.737,-8.139,0.193,-0.165,-2.3
-5.754,-9.302,-9.263,0.649,-0.676,-1.312
-6.074,-11.042,-10.542,1.301,-1.527,0.359
-3.19,-19.378,-12.745,1.843,-2.108,2.914
0.448,-20.144,-14.136,1.384,-1.956,4.393
4.592,-18.151,-15.351,0.545,-0.386,4.393
