-0.891,-10.961,-9.336,-0.108,0.0,0.0
-0.807,-10.963,-8.65,0.0,0.523,0.335
-0.336,-11.859,-8.094,0.389,0.818,0.89
1.668,-13.369,-10.593,1.459,2.412,1.324
1.349,-11.249,-11.849,0.965,3.89,1.571
3.338,-10.155,-11.268,1.116,3.77,1.487
5.98,-11.706,-12.127,2.632,4.377,0.0
3.769,-14.013,-15.413,4.431,3.956,-2.554
1.078,-17.707,-16.392,2.671,1.14,-4.337
-5.55,-17.917,-11.611,0.0,-1.092,-4.337
-3.652,-12.14,-13.912,-0.193,0.358,-1.638
-2.477,-11.765,-11.216,-2.827,2.14,-0.438
-3.606,-11.263,-7.838,-2.803,1.443,-0.452
-4.496,-12.389,-7.817,-0.995,0.835,0.0
-5.62,-13.395,-9.518,0.343,-1.072,0.889
-1.605,-16.91,-11.653,0.75,-1.673,3.271
0.111,-16.293,-13.138,0.0,-0.651,3.678
0.346,-13.915,-11.209,-0.899,-0.98,3.443
1.568,-11.523,-11.009,0.0,-1.704,2.546
1.54,-8.265,-11.253,-0.147,-1.495,1.239
1.545,-7.443,-10.217,-0.373,-0.707,0.0
1.777,-9.744,-9.575,-0.354,-0.581,-1.458
3.803,-15.604,-10.093,0.0,1.14,-2.873
-1.643,-13.724,-10.474,-0.883,1.4,-4.148
-0.997,-16.239,-7.767,-0.27,0.437,-3.117
