-2.109,-16.243,-10.749,-0.206,-2.1,2.486
-0.518,-18.278,-11.801,0.166,-2.033,3.655
1.169,-17.101,-11.508,0.0,-0.748,4.097
1.622,-13.703,-11.316,-0.2,-0.984,3.642
2.049,-9.242,-10.618,-0.305,-0.707,2.404
2.68,-6.296,-9.98,-0.22,-0.341,0.729
2.602,-7.778,-9.17,-0.166,0.145,-1.447
4.052,-15.992,-10.383,0.545,0.895,-3.669
-1.068,-17.669,-11.242,0.0,1.492,-4.337
-12.27,-18.889,-6.243,1.751,3.638,-1.227
-1.659,-12.674,-13.905,-0.398,3.873,-2.648
-3.162,-9.935,-9.429,-0.767,2.377,-0.934
-0.46,-8.88,-11.944,0.545,1.726,-0.756
-3.555,-8.724,-9.97,-1.111,1.129,-1.638
-6.114,-11.282,-8.362,-0.451,-0.726,-0.658
-3.828,-15.903,-11.008,0.365,-1.328,1.023
-2.89,-15.823,-12.736,0.119,-3.133,2.763
0.363,-15.755,-13.887,0.542,-3.448,3.822
2.394,-15.023,-12.207,-0.186,-0.367,3.385
1.201,-12.328,-11.617,-0.46,0.373,2.933
1.359,-9.005,-11.549,-0.685,0.0,2.141
1.945,-7.439,-10.408,-0.958,-0.591,0.61
1.884,-9.197,-8.896,-0.727,-1.078,-1.553
2.092,-14.771,-8.235,-0.729,-0.827,-3.201
-0.351,-14.913,-9.891,0.624,1.628,-3.741
