0.638,-12.741,-7.428,-0.127,1.013,-3.443
0.0,-16.08,-10.696,0.772,0.777,-3.758
-2.973,-13.705,-10.458,-0.718,1.966,-3.084
-2.432,-13.198,-9.005,0.0,0.652,-1.749
-2.261,-10.596,-10.033,-0.605,0.94,-1.351
-3.094,-9.841,-8.111,-0.765,0.218,-1.099
-3.712,-11.523,-8.558,-0.122,-0.176,-0.738
-5.407,-17.301,-10.386,1.572,-1.272,0.168
-4.362,-15.747,-14.769,1.974,-2.053,3.337
1.735,-20.199,-13.531,0.582,0.0,4.393
1.429,-18.594,-13.007,-0.726,-0.571,4.393
2.261,-14.76,-11.713,-1.175,-0.577,4.234
2.106,-9.314,-11.237,-0.995,-0.893,2.729
3.099,-6.202,-9.846,-0.96,-0.965,0.753
2.363,-6.664,-8.773,-0.892,-1.03,-1.633
3.195,-12.714,-9.212,-0.548,-0.288,-3.769
2.176,-20.199,-8.879,-0.549,0.286,-4.337
-2.164,-19.147,-10.498,-0.414,1.11,-4.337
-4.752,-17.192,-9.34,-0.949,0.979,-3.123
-3.886,-11.111,-9.136,-0.807,0.484,-0.829
-3.246,-9.853,-7.978,-0.405,0.132,0.0
-3.847,-9.872,-9.089,0.222,-0.227,0.87
-2.913,-13.566,-10.25,0.871,-1.321,2.553
3.576,-15.977,-13.071,0.954,-1.039,4.302
5.221,-12.591,-10.998,-1.007,1.345,2.211
