-2.905,-12.99,-10.859,0.0,-0.307,1.818
-0.684,-16.335,-9.846,-0.608,-0.321,2.757
-0.506,-15.715,-10.579,0.0,-1.861,2.964
1.143,-17.323,-10.981,0.265,-2.444,2.991
1.455,-13.931,-10.559,0.342,-1.439,3.386
2.226,-10.933,-10.064,0.194,0.0,2.865
2.607,-6.988,-10.074,0.27,0.48,1.151
2.343,-7.317,-9.743,0.585,0.397,-1.11
2.153,-11.616,-10.828,0.883,1.371,-2.826
2.088,-18.537,-13.084,1.955,3.462,-4.337
-2.497,-17.937,-13.233,0.619,2.894,-4.337
-4.031,-15.411,-10.733,0.383,0.356,-2.843
-0.629,-11.318,-13.615,0.0,3.379,-0.493
-1.001,-9.385,-12.244,-0.852,4.143,-0.133
-0.539,-9.064,-12.609,-0.553,3.499,-0.136
0.0,-10.012,-12.094,-1.291,2.978,-0.709
-0.655,-11.611,-9.764,-1.642,2.197,-1.36
-2.09,-13.102,-8.628,-1.462,1.073,-2.275
-4.898,-10.192,-7.706,-1.239,0.532,-1.206
-4.031,-16.011,-8.515,0.756,1.182,0.118
-5.645,-11.687,-11.891,0.256,0.708,1.113
-2.692,-13.716,-8.619,-0.426,-0.633,2.78
0.436,-14.246,-10.823,1.203,0.0,3.296
1.083,-10.905,-11.422,0.258,0.0,2.488
0.917,-9.581,-10.091,-0.101,-0.483,1.464
