2.807,-9.295,-9.497,0.0,0.924,0.232
2.248,-8.789,-8.91,-0.103,1.203,-0.123
1.624,-8.87,-8.354,-0.154,1.363,-0.728
-0.629,-10.544,-9.147,0.216,1.556,-1.363
-3.812,-10.781,-8.355,-0.145,0.506,-1.321
-3.361,-10.213,-9.367,0.357,-0.154,-0.289
-1.851,-12.884,-10.816,0.115,0.102,0.0
-5.577,-14.233,-11.095,0.0,-1.911,0.111
-3.307,-17.216,-12.488,0.509,-2.843,4.393
3.229,-18.946,-12.972,0.0,-1.66,4.393
2.669,-13.235,-11.003,-0.953,-0.777,3.21
1.182,-8.629,-10.581,-0.322,-0.852,1.991
1.944,-6.701,-11.132,-0.251,-1.078,0.655
1.836,-9.029,-9.445,-0.504,-1.339,-1.114
3.811,-15.381,-8.715,-0.137,-0.148,-2.665
-0.797,-14.78,-10.452,-0.516,1.926,-4.243
-2.867,-15.525,-7.423,-0.672,0.32,-3.421
-1.563,-11.203,-10.72,0.498,1.836,-1.703
-2.583,-10.785,-9.511,-0.327,1.868,-1.166
-3.679,-9.87,-9.475,0.114,-0.312,-1.092
-4.194,-9.487,-9.502,-0.21,-0.101,0.0
-2.543,-12.824,-10.22,0.26,-0.4,1.33
-1.209,-16.626,-11.294,0.294,-0.853,2.042
-1.355,-16.347,-13.101,0.122,-2.374,3.683
3.049,-13.722,-13.916,-0.575,-3.138,3.852
