-0.93,-16.952,-11.206,0.333,-1.045,2.179
-1.018,-15.586,-11.094,-0.373,-1.834,2.894
1.227,-16.458,-11.647,0.553,-2.681,3.208
1.338,-11.58,-12.296,-0.213,-1.189,2.978
1.326,-9.361,-10.325,-0.49,-0.253,2.382
2.031,-7.167,-10.814,0.0,-0.182,1.028
2.138,-8.506,-10.168,-0.115,0.0,-0.77
3.208,-14.135,-9.667,0.0,0.0,-2.671
-0.389,-16.091,-10.041,-0.658,0.645,-4.337
-3.38,-15.386,-6.951,-1.755,-0.594,-3.825
-1.423,-13.103,-8.897,1.019,1.962,-0.923
-1.897,-9.787,-10.828,0.115,2.576,-0.477
-2.634,-9.072,-9.093,-0.168,0.405,-0.685
-2.816,-8.888,-9.992,0.0,0.0,-0.367
-2.513,-12.07,-10.519,-0.186,0.0,0.166
-2.759,-16.186,-10.484,-0.282,-0.775,1.162
-3.027,-13.825,-10.718,-0.397,-2.283,2.481
0.492,-17.996,-10.952,0.831,-2.784,3.946
2.63,-13.374,-12.701,0.391,-1.729,3.186
1.01,-9.035,-10.587,-0.42,-0.278,2.238
1.552,-6.918,-10.755,0.128,-0.723,1.223
2.294,-7.492,-10.656,-0.105,-0.125,-0.41
2.442,-12.185,-9.45,0.0,0.103,-2.083
2.311,-17.452,-10.342,0.13,1.081,-4.056
-3.454,-15.535,-8.117,-1.877,-0.42,-4.337
