-4.765,-12.89,-9.497,0.332,-0.808,-0.471
-6.018,-15.158,-11.468,1.197,-1.759,1.067
-3.313,-18.589,-11.648,0.87,-1.151,3.871
0.851,-19.558,-11.454,0.527,0.0,4.393
2.479,-15.054,-10.828,-0.303,0.0,4.393
2.162,-9.184,-9.716,-0.444,-0.772,2.659
2.314,-6.481,-9.794,0.0,-0.827,0.771
4.691,-9.39,-9.98,0.0,-0.146,-1.581
1.155,-11.18,-10.893,-0.446,0.843,-4.107
1.338,-19.243,-8.802,-0.35,1.12,-4.337
0.0,-19.093,-13.08,0.875,3.693,-4.337
-5.552,-15.878,-11.589,-0.453,1.745,-3.92
-2.42,-12.028,-12.066,-0.391,-0.449,-1.666
-2.422,-10.839,-11.436,-1.513,1.642,-0.857
-2.154,-12.996,-11.571,-2.782,2.712,-0.484
-9.106,-17.177,-8.393,-2.206,2.478,1.074
-5.251,-17.246,-11.286,0.0,-2.52,3.707
1.956,-20.199,-13.808,0.649,-4.354,4.393
3.134,-18.725,-12.954,0.728,-3.8,4.053
2.452,-12.567,-12.381,0.625,-0.187,3.472
1.309,-8.747,-12.22,-0.259,1.157,2.881
2.802,-7.095,-11.583,-0.676,0.182,1.599
4.582,-9.135,-9.666,-0.967,0.0,-1.099
2.184,-13.162,-6.177,-1.24,-0.344,-4.337
0.69,-20.199,-8.58,1.849,2.767,-4.337
