-0.813,-10.32,-9.512,0.0,0.0,-0.117
-0.738,-10.06,-9.426,0.0,0.119,0.0
-0.736,-10.433,-9.613,0.0,0.259,0.0
-0.719,-10.554,-9.686,0.0,0.126,0.0
-0.183,-10.192,-9.514,-0.123,-0.332,-0.234
-0.802,-10.487,-9.372,-0.116,-0.695,-0.651
-1.904,-10.358,-9.605,-0.123,-0.861,-0.661
-3.611,-9.952,-10.068,0.0,-1.294,-0.713
-6.392,-11.34,-10.33,0.382,-1.858,-0.746
-7.945,-15.046,-12.648,1.719,-2.649,0.352
-4.485,-16.128,-14.756,1.451,-1.896,2.602
-0.888,-15.727,-13.033,-0.155,0.138,4.393
1.837,-13.438,-11.066,-0.575,-0.497,3.774
2.262,-9.202,-10.495,-0.382,-1.294,1.832
3.248,-10.293,-8.965,-0.244,-1.815,-0.125
2.484,-9.78,-10.197,-0.165,0.422,-2.202
0.968,-13.04,-7.963,-0.462,1.466,-3.009
2.999,-16.008,-10.659,1.047,3.191,-3.163
0.75,-17.555,-13.304,1.152,4.377,-4.22
-1.352,-17.36,-13.383,1.321,3.947,-4.08
-5.267,-13.341,-13.865,0.708,1.953,-3.577
-9.161,-10.363,-11.971,-0.898,-0.339,-1.885
-6.515,-14.251,-11.26,-0.172,-1.091,1.101
-4.277,-15.903,-12.888,-0.297,-2.681,3.428
1.264,-20.199,-12.628,-0.708,-2.999,4.393
