-4.054,-14.443,-11.63,-0.233,-2.319,1.69
-1.339,-18.325,-10.767,0.591,-2.526,3.905
2.219,-18.454,-12.875,0.992,-2.173,4.346
1.625,-13.377,-11.474,-0.335,-0.587,3.541
1.418,-9.627,-10.815,0.0,-0.549,2.675
2.384,-6.816,-11.729,0.184,-0.275,1.388
2.803,-7.625,-10.934,-0.26,0.136,-0.638
3.802,-13.749,-9.511,-0.402,0.0,-3.042
-0.381,-16.496,-9.707,-1.155,0.345,-4.337
-1.924,-18.371,-7.269,-0.669,0.89,-3.827
-1.956,-12.706,-11.083,0.328,2.284,-2.182
-3.349,-11.194,-9.265,-0.37,1.77,-1.436
-3.293,-10.438,-9.53,0.225,-0.222,-1.41
-5.018,-9.809,-9.332,-0.168,0.0,-0.286
-3.701,-13.74,-10.334,0.617,-0.987,1.013
-2.864,-17.31,-11.798,0.409,-1.987,2.311
-0.818,-18.793,-10.585,0.759,-2.458,4.132
2.153,-17.095,-14.116,1.728,-1.875,4.094
1.83,-12.684,-11.38,0.0,0.0,3.243
0.896,-8.853,-10.65,0.0,0.448,2.586
2.134,-6.312,-11.619,0.206,-0.121,1.347
2.956,-7.521,-11.392,-0.172,0.434,-0.595
3.7,-14.032,-10.226,-0.772,0.446,-3.206
-1.059,-17.295,-8.555,-1.172,0.905,-4.337
-2.31,-18.371,-7.316,0.0,0.697,-3.665
