-1.218,-14.331,-10.481,0.0,-1.196,1.685
-3.677,-17.01,-10.519,0.0,-4.354,1.126
-0.894,-19.377,-11.308,1.944,-4.308,3.758
2.816,-18.769,-13.313,2.286,-1.419,4.393
2.252,-12.252,-11.855,0.0,0.265,3.44
0.897,-8.797,-9.779,-0.211,0.466,2.548
1.999,-6.235,-10.362,0.232,0.0,1.37
3.26,-7.025,-10.648,0.0,0.746,-0.653
4.073,-13.346,-10.437,-0.179,0.894,-3.709
-0.104,-20.199,-9.388,-1.176,0.0,-4.337
-1.788,-20.199,-8.945,-0.179,0.114,-4.337
-2.963,-12.767,-12.613,-0.974,2.717,-2.453
-3.415,-11.675,-9.071,-1.264,2.456,-0.899
-3.124,-9.777,-10.34,-0.588,1.101,-0.757
-4.453,-10.28,-8.01,-1.003,0.583,0.175
-2.543,-13.897,-8.956,0.0,-0.231,1.256
-2.072,-16.291,-9.79,-0.299,-1.147,1.681
-2.55,-16.364,-7.543,0.0,-2.496,3.33
2.333,-19.727,-10.745,2.679,-2.304,4.393
3.143,-13.099,-11.898,1.008,0.248,3.101
1.054,-8.889,-10.08,0.197,1.078,2.261
1.953,-7.163,-10.392,0.455,-0.481,0.824
2.401,-7.499,-10.148,0.153,0.0,-0.874
2.263,-10.372,-9.672,0.168,1.02,-2.453
4.541,-19.717,-11.57,1.362,3.293,-4.167
