-0.339,-10.302,-9.699,0.0,0.0,-0.465
-0.954,-10.632,-9.439,0.0,-0.156,-0.51
-0.975,-10.587,-9.567,0.0,0.0,-0.235
-0.921,-10.471,-9.928,0.0,0.109,0.0
-0.983,-10.903,-9.798,0.0,0.243,0.196
-0.392,-10.273,-8.92,0.0,0.132,0.449
-0.632,-9.706,-8.744,0.0,-0.679,-0.186
-2.476,-9.551,-10.523,0.194,-1.343,-0.96
-5.136,-10.479,-11.963,0.689,-2.059,-1.184
-8.438,-12.197,-16.785,1.921,-4.354,0.0
-4.857,-16.597,-18.901,0.872,-3.89,2.221
-2.121,-18.325,-14.458,-0.623,-1.839,4.249
1.519,-16.674,-12.454,-0.545,-1.289,4.308
1.868,-10.648,-11.649,-0.739,-1.13,2.718
2.57,-7.418,-10.712,-0.365,-1.102,1.1
1.66,-7.279,-10.335,-0.205,-0.929,-0.923
0.385,-9.664,-9.621,-1.005,-0.731,-2.611
1.2,-15.65,-6.815,-0.747,1.903,-3.111
-2.467,-15.27,-7.592,0.0,0.208,-3.832
-2.468,-15.243,-7.608,-0.182,0.15,-3.423
-2.579,-13.259,-8.206,0.394,-0.155,-2.585
-3.897,-10.405,-8.738,0.212,0.0,-1.756
-4.667,-9.549,-9.399,0.62,0.0,-0.403
-3.663,-12.606,-10.431,0.61,-0.478,1.307
-2.649,-15.392,-12.055,1.124,-1.252,2.679
