1.144,-8.538,-10.933,-0.414,0.115,-0.105
-0.226,-7.178,-8.884,-2.146,-0.278,-1.264
0.0,-11.37,-6.444,-2.527,-0.473,-1.565
0.474,-12.685,-6.794,-1.654,-0.802,-2.085
-1.052,-12.008,-6.734,-2.237,-1.21,-2.114
-1.245,-12.028,-4.559,-2.432,-2.258,-2.116
-2.727,-11.213,-4.058,-0.344,-0.859,-0.784
-3.24,-14.004,-6.272,1.569,-0.573,0.109
-3.51,-15.08,-7.252,2.302,0.374,1.452
-3.408,-18.665,-9.762,3.36,1.323,2.946
-1.983,-18.788,-11.508,3.27,1.478,4.068
-0.438,-11.495,-13.859,1.038,-0.883,4.357
3.4,-6.593,-13.863,-0.468,-2.524,2.572
2.274,-6.12,-10.618,-1.46,-2.072,-0.443
0.858,-8.933,-10.539,0.164,1.226,-1.253
3.094,-12.445,-14.134,0.0,2.472,-2.264
0.762,-19.568,-8.31,-4.289,-1.886,-4.373
4.0,-19.568,-4.471,-4.289,-3.722,-4.235
-2.735,-15.984,-4.804,-1.804,4.376,-1.328
-6.609,-11.862,-4.447,0.107,-0.203,-2.546
-6.642,-11.409,-4.609,1.03,-2.008,-0.404
-3.085,-19.568,-9.035,4.441,-0.568,2.3
-2.244,-19.568,-13.602,4.441,-0.267,3.355
-0.442,-19.568,-8.367,1.643,-1.791,4.357
1.308,-19.568,-10.116,4.441,-0.651,3.473
