1.948,-15.202,-8.577,3.219,2.216,3.391
1.29,-11.743,-9.285,2.785,0.77,2.937
3.433,-8.825,-10.144,2.077,0.409,1.318
4.852,-9.376,-8.799,0.947,1.22,-1.588
-1.078,-10.932,-10.766,0.685,1.915,-4.373
-2.875,-12.28,-11.855,-1.048,1.233,-3.943
-2.211,-14.437,-9.469,-2.12,-0.39,-4.16
-3.72,-15.152,-8.942,-2.137,0.263,-3.49
-3.957,-14.737,-8.737,-3.396,0.201,-2.441
-5.876,-17.869,-2.903,-3.895,0.352,-0.549
-2.989,-13.029,-2.562,1.475,1.034,2.227
0.0,-18.519,-6.259,3.789,0.0,3.911
2.016,-17.007,-9.179,3.816,0.107,3.63
1.765,-13.193,-9.888,3.232,1.178,3.151
1.836,-8.064,-10.495,1.832,-0.172,1.923
3.191,-6.735,-10.586,1.114,0.729,0.0
2.025,-8.317,-10.979,0.0,0.877,-2.793
-0.975,-12.625,-10.272,-1.92,0.332,-4.369
-0.359,-17.309,-7.782,-2.808,0.733,-4.105
-2.456,-15.074,-7.882,-2.525,0.972,-3.711
-3.959,-12.66,-7.112,-2.127,2.029,-1.895
-4.697,-11.033,-6.521,-0.986,1.206,-0.883
-4.617,-12.061,-6.193,-0.549,-0.999,0.133
-2.706,-14.483,-5.776,0.834,-0.827,1.933
-0.823,-18.504,-7.926,3.211,-1.189,3.574
