-2.108,-12.229,-4.205,-0.213,-0.617,0.945
-0.839,-13.472,-5.229,1.811,-0.607,1.775
0.575,-15.529,-8.204,3.619,-0.713,2.077
1.549,-14.09,-11.385,3.604,1.335,1.922
0.818,-10.802,-12.003,1.57,2.986,2.197
2.246,-8.563,-11.833,0.674,-0.756,1.426
4.542,-8.809,-11.818,-0.196,0.683,-0.388
2.434,-11.757,-10.144,-1.08,0.517,-2.687
-0.704,-13.9,-9.354,-2.326,-0.19,-3.845
-0.559,-15.797,-5.655,-3.626,-0.621,-2.927
-2.407,-12.014,-6.124,-1.273,1.463,-2.068
-4.85,-9.887,-6.074,-1.216,1.206,-0.963
-4.816,-10.164,-4.483,-0.389,-0.579,0.404
-1.941,-15.961,-5.931,1.706,-1.174,2.031
2.079,-17.017,-9.349,4.353,0.178,3.577
2.683,-13.032,-12.304,2.086,0.769,2.162
2.085,-11.44,-9.996,0.836,1.126,2.055
3.561,-9.32,-10.386,0.792,0.239,1.319
1.727,-9.247,-9.334,0.318,1.011,-0.878
0.0,-8.097,-9.622,-0.55,0.656,-1.891
-0.392,-10.944,-8.085,-1.366,-0.161,-2.781
-1.515,-13.255,-6.83,-1.774,-0.781,-3.193
-2.271,-11.522,-7.203,-1.096,1.722,-1.472
-2.808,-10.725,-7.049,-0.352,2.193,-0.312
-2.625,-9.478,-7.369,-0.131,0.406,-0.175
