2.391,-5.822,-10.472,0.442,0.348,-0.328
0.53,-9.711,-10.485,-0.934,1.896,-3.043
-2.766,-12.753,-10.256,-1.052,1.679,-3.909
-3.367,-14.637,-9.828,-1.301,0.849,-3.33
-2.232,-14.868,-10.875,-1.256,1.193,-2.942
-4.77,-12.425,-11.083,-2.185,1.22,-2.36
-3.805,-12.573,-8.021,-2.954,0.493,-1.367
-5.521,-12.703,-5.4,-1.559,0.0,-0.99
-3.014,-14.986,-5.116,1.589,-1.023,1.741
3.539,-15.097,-9.248,3.931,2.314,3.991
6.567,-14.367,-12.58,2.65,1.567,1.878
8.526,-9.413,-14.624,0.757,1.036,0.979
7.664,-8.607,-13.694,0.324,1.076,-0.97
3.577,-12.141,-11.41,0.0,2.44,-1.932
0.327,-15.673,-13.205,-0.501,3.398,-2.666
-2.975,-11.051,-12.175,-0.414,3.213,-2.299
-0.969,-9.248,-12.05,-0.487,3.205,-1.152
-0.786,-9.072,-12.433,-1.052,4.36,-1.122
-3.056,-9.293,-10.289,-1.357,2.636,-1.293
-2.262,-9.858,-8.79,-2.46,0.728,-1.11
-4.532,-15.893,-3.718,-1.435,-0.596,-1.277
-2.775,-12.601,-6.566,0.575,0.886,2.048
-1.107,-14.021,-3.419,0.774,2.748,3.355
0.387,-12.177,-6.995,2.814,0.662,3.09
0.514,-9.079,-9.91,1.87,0.756,1.399
