-1.179,-8.095,-6.626,0.638,1.094,-0.663
-1.391,-9.594,-5.977,1.293,-0.681,-0.859
-1.293,-8.483,-8.68,0.985,-0.137,-0.661
-0.817,-12.379,-8.1,0.266,0.568,-0.267
-1.849,-9.152,-9.73,0.257,-0.173,-0.414
-1.396,-8.755,-10.667,0.257,0.367,0.229
-1.038,-9.449,-11.515,-0.262,0.14,0.364
-0.631,-10.244,-9.876,-1.839,-0.128,-0.346
-1.804,-14.781,-6.51,-2.654,0.181,-0.511
0.349,-13.082,4.408,-1.617,-1.265,1.379
2.077,-6.797,-10.707,1.897,-2.355,1.197
0.747,-6.501,-9.618,-0.267,2.334,-0.666
-0.442,-8.658,-7.779,0.476,0.155,-0.206
-0.274,-8.771,-8.377,-0.462,-0.592,-0.449
-0.309,-13.261,-6.298,-1.209,-0.81,-0.155
-0.471,-11.386,-8.832,1.604,-0.982,-0.698
-1.341,-8.588,-10.277,0.424,0.599,0.129
-1.4,-9.143,-10.436,0.465,0.155,0.272
0.725,-9.65,-11.246,0.377,1.639,0.978
0.0,-9.041,-10.13,-0.995,1.645,0.216
-0.61,-11.404,-8.215,-2.209,1.741,-0.271
-2.31,-10.355,0.181,0.502,2.496,0.427
0.84,-9.478,-5.868,1.143,0.951,-1.136
-1.805,-10.188,-7.35,2.28,0.218,-0.842
-2.177,-7.732,-8.866,1.327,0.484,-0.454
