3.104,-7.291,-10.738,0.943,0.293,0.301
2.482,-8.866,-10.508,-0.483,0.595,-2.583
0.362,-13.681,-10.475,-1.403,1.228,-4.343
-3.347,-17.136,-8.759,-2.888,0.262,-4.373
-2.23,-13.474,-7.763,-2.176,-1.941,-2.43
-2.016,-11.322,-8.067,-2.211,1.339,-1.002
-2.201,-12.056,-6.384,-2.036,2.211,-1.066
-5.396,-14.957,-4.019,-1.575,-1.598,-1.304
-2.019,-13.761,-4.19,1.67,-0.288,1.909
0.114,-19.568,-7.193,4.441,-0.727,3.231
1.876,-16.916,-10.867,4.134,-0.745,2.442
0.929,-13.289,-9.97,2.86,2.276,2.547
0.125,-10.349,-10.555,2.511,0.886,2.555
2.247,-7.237,-11.643,1.365,0.0,1.243
2.522,-5.858,-11.098,-0.625,0.466,-1.223
0.923,-10.247,-9.631,-2.291,0.0,-3.404
0.679,-17.768,-7.132,-4.289,-1.294,-4.373
-0.446,-17.085,-5.042,-3.585,-0.155,-3.648
-2.134,-12.226,-6.519,-1.458,2.369,-1.461
-2.748,-11.672,-6.2,-1.041,2.309,-0.817
-5.058,-12.104,-5.094,-0.588,-0.377,-0.678
-2.133,-13.184,-5.811,1.028,-0.233,1.89
-0.996,-17.14,-6.183,2.424,-1.176,2.289
0.375,-16.079,-9.512,3.699,-1.476,2.842
1.529,-12.205,-10.205,2.865,1.159,3.231
