-1.932,-12.473,-5.421,-1.648,-0.305,-1.722
-1.515,-10.419,-7.086,0.168,1.981,-0.117
-1.416,-10.095,-8.086,0.393,2.401,0.393
-1.482,-9.105,-8.74,0.342,0.862,0.118
-1.487,-9.474,-8.701,0.0,0.374,0.401
-0.299,-8.892,-8.99,0.0,0.301,0.635
-0.339,-8.655,-8.784,-0.492,0.0,0.0
-0.841,-8.678,-8.794,-1.1,-1.717,-0.847
-4.05,-14.571,-6.219,-3.666,-1.92,-2.89
-11.311,-19.568,0.0,1.599,-4.283,-0.737
-1.453,-19.568,-9.634,4.441,2.339,4.357
2.021,-17.97,-11.511,4.441,2.269,4.357
3.258,-9.188,-11.261,2.241,-0.12,2.83
3.146,-4.919,-12.361,0.805,-0.16,0.232
2.906,-6.649,-11.04,-1.252,-0.854,-3.147
-0.574,-13.525,-10.269,-3.287,-0.311,-4.373
-1.562,-19.568,-7.227,-4.1,-0.435,-4.373
-2.174,-19.568,-5.215,-4.289,-1.99,-4.373
-4.882,-13.237,-4.895,-2.719,0.653,-1.021
-2.406,-11.782,-4.268,-0.324,2.192,1.652
-4.038,-11.464,-6.14,0.989,-1.946,-0.258
-1.955,-14.97,-7.447,1.778,-2.239,1.222
0.0,-19.568,-6.041,3.641,-1.128,2.657
0.805,-19.568,-10.819,4.441,-1.948,2.557
0.401,-14.867,-13.291,4.266,-0.755,3.054
