3.114,-10.498,-10.432,-0.159,1.089,-2.438
-1.107,-11.095,-9.364,-1.934,0.355,-3.465
0.78,-13.662,-7.289,-1.512,0.851,-2.788
-0.511,-12.9,-10.014,-0.958,2.023,-3.552
-4.83,-12.746,-7.821,-2.434,1.403,-3.242
-4.919,-10.851,-6.062,-1.435,0.0,-0.899
-4.71,-12.674,-6.402,0.0,-0.92,0.511
-2.139,-13.377,-5.915,0.541,-0.557,2.102
-1.325,-17.831,-7.149,2.619,-1.845,3.431
2.794,-16.954,-8.853,3.068,-1.213,3.48
1.984,-12.567,-9.262,2.687,1.518,3.025
1.557,-8.823,-9.713,2.067,0.376,1.821
3.357,-7.02,-11.211,1.449,0.648,0.187
2.627,-9.323,-11.861,0.132,0.905,-2.617
0.0,-13.13,-10.676,-1.748,0.65,-4.343
0.0,-18.142,-8.452,-2.867,0.197,-4.239
-0.681,-17.173,-7.712,-2.614,0.651,-4.31
-4.903,-13.352,-7.659,-1.961,2.248,-2.615
-4.528,-10.387,-6.911,-1.154,1.108,-1.011
-6.188,-11.622,-6.357,-0.715,-0.543,-0.202
-3.822,-14.64,-5.557,0.523,-1.405,1.903
-2.262,-18.689,-7.444,3.257,-2.142,3.506
1.674,-19.568,-11.14,4.343,-2.603,4.173
2.942,-15.688,-9.379,3.023,0.753,3.38
1.579,-11.059,-10.199,2.903,0.738,2.371
