-0.288,-11.433,-5.81,0.293,-0.843,0.546
-0.295,-12.758,-6.652,1.203,0.0,1.137
0.695,-14.605,-6.341,1.708,-0.129,1.2
1.016,-15.972,-8.114,3.602,0.13,0.624
-0.379,-12.171,-11.355,3.093,1.098,1.134
0.198,-8.627,-10.451,1.654,2.561,2.063
1.037,-6.19,-9.926,0.711,1.222,1.454
3.44,-6.656,-9.897,0.0,0.449,-1.364
1.535,-12.28,-9.087,-1.315,0.29,-4.229
-0.868,-17.641,-8.701,-1.965,0.965,-4.373
-3.571,-15.865,-8.048,-1.926,2.496,-3.475
-2.153,-11.261,-9.175,-0.472,4.376,-0.317
-2.189,-8.755,-9.606,-0.172,3.141,-1.32
-4.264,-8.114,-9.123,-1.189,-0.377,-2.188
-5.086,-11.291,-6.597,-2.383,-1.587,-0.937
-2.694,-14.606,-4.12,-0.622,-0.964,1.811
-1.37,-14.842,-5.44,1.757,-2.13,2.671
0.825,-16.858,-8.569,3.199,-3.559,2.775
2.804,-12.961,-10.086,3.178,0.527,2.097
0.775,-9.846,-10.199,2.294,2.58,1.89
0.756,-7.83,-11.352,1.569,1.741,1.33
2.348,-7.671,-11.068,0.138,0.0,-0.753
1.524,-10.189,-9.725,-1.298,-0.351,-3.132
-1.023,-14.109,-8.411,-3.37,-0.843,-4.199
-1.56,-15.699,-5.507,-2.941,-1.328,-2.907
