0.0,-9.87,-10.423,0.717,0.376,-0.825
-2.963,-9.092,-9.276,-1.333,-2.183,-1.652
2.562,-11.822,-7.342,-1.717,0.0,-0.922
-0.726,-11.01,-9.466,-0.225,2.939,-1.195
-1.739,-10.838,-11.537,-1.19,4.376,-2.605
-7.12,-10.749,-7.428,-0.978,1.338,-1.509
-5.972,-9.702,-15.02,-1.265,3.767,-0.683
-2.159,-11.087,-13.579,-2.02,0.477,-0.404
-4.522,-12.662,-7.179,-1.691,3.886,-0.62
5.099,-10.686,-9.325,1.298,-0.631,1.161
0.21,-8.017,-15.143,0.752,1.077,-0.613
-3.069,-8.815,-11.68,-0.458,1.081,1.047
-3.759,-10.972,-7.444,0.887,-1.32,1.635
-0.419,-13.549,-8.962,3.007,-0.87,1.89
0.26,-14.146,-9.92,2.632,-0.899,1.411
0.0,-9.822,-10.581,1.42,0.507,0.935
2.403,-8.911,-9.049,0.497,2.636,2.025
4.105,-7.388,-8.928,1.009,1.88,-0.393
1.151,-7.684,-9.913,0.18,1.237,-3.049
-1.088,-12.63,-9.596,-1.101,0.0,-4.373
-1.733,-19.196,-7.021,-3.178,-1.996,-4.373
-6.119,-16.253,-3.691,-3.479,-1.191,-3.274
-3.468,-13.879,-2.652,1.167,1.39,2.613
-1.281,-17.06,-7.918,4.441,-0.225,2.724
0.612,-15.232,-10.302,3.145,1.223,3.899
