1.06,-11.004,-9.487,0.0,-0.536,-0.562
0.0,-9.599,-10.011,0.0,-0.437,-0.659
0.0,-9.828,-9.968,0.669,-0.155,-0.769
-0.902,-10.18,-10.605,0.684,0.347,-0.905
-3.149,-10.174,-9.446,0.123,-0.766,-0.881
-4.361,-10.37,-6.54,-0.229,-3.504,-0.329
-2.752,-13.48,-6.115,1.744,-2.359,1.272
-2.888,-15.258,-8.78,2.614,-1.27,2.96
-2.718,-18.997,-8.739,3.035,-1.383,4.218
1.85,-13.938,-10.453,3.477,0.0,4.357
4.191,-6.14,-11.155,1.131,1.052,3.299
4.029,-2.804,-11.118,-1.055,-0.679,-0.219
0.17,-9.278,-9.999,-4.289,-1.83,-4.219
-2.362,-16.13,-5.125,-4.289,0.636,-3.162
-2.097,-16.805,-5.155,-1.035,-1.604,-3.349
-4.464,-10.56,-8.152,0.247,0.367,-1.502
-2.046,-10.779,-8.279,0.587,1.511,0.861
-0.604,-11.823,-8.836,0.938,1.688,1.187
-0.741,-9.198,-9.314,0.462,1.493,0.966
-0.621,-10.408,-7.067,-0.158,0.142,1.583
0.78,-7.845,-8.11,0.203,-0.61,0.792
-0.47,-7.305,-8.075,-0.21,-0.487,0.289
-0.355,-8.516,-7.694,-0.602,-1.177,-0.428
-0.92,-10.563,-7.286,-0.676,-1.204,-0.812
-1.155,-12.521,-8.028,-0.372,-1.533,-0.673
