-1.178,-10.336,-4.723,-3.123,-1.104,-0.204
0.107,-10.431,-4.207,-0.975,-0.63,0.246
-0.479,-14.535,-7.052,2.701,0.374,-0.192
0.0,-11.563,-12.45,3.116,1.195,0.118
-0.744,-9.651,-10.517,0.502,1.703,0.586
-0.148,-10.138,-10.623,1.442,-0.186,0.364
-0.772,-10.422,-10.81,1.01,-0.213,-0.399
-0.623,-12.281,-9.394,0.775,0.762,0.285
-2.238,-7.429,-9.051,-1.957,-0.536,-0.46
-2.681,-9.892,-2.858,-3.891,-3.061,-0.308
0.0,-10.068,-4.195,-1.534,-1.018,0.361
-0.364,-8.932,-5.98,0.0,-0.416,0.174
-0.482,-10.117,-7.231,0.824,0.797,0.0
-0.482,-12.906,-8.965,2.25,1.199,-0.438
-1.289,-11.105,-11.021,2.336,2.634,0.189
-1.522,-8.13,-9.467,1.445,1.377,0.745
0.582,-11.807,-8.619,1.349,0.399,0.379
-0.595,-10.471,-10.568,0.738,0.814,-0.253
-1.488,-8.533,-9.243,-1.354,-0.751,-0.799
-2.365,-9.788,-6.316,-3.196,-2.367,-1.33
-2.611,-10.232,-4.282,-2.937,-1.723,-0.208
0.297,-10.749,-2.668,-1.363,-0.494,0.369
-0.853,-10.73,-4.177,0.756,0.0,-0.363
-0.79,-12.895,-7.841,2.374,0.506,-0.294
-1.618,-12.238,-10.548,3.003,1.352,0.0
