-0.295,-9.116,-7.9,-1.554,0.229,-1.39
0.21,-10.465,-7.515,-0.354,0.883,-1.401
-1.785,-9.369,-8.498,-0.843,0.667,-1.637
-2.642,-9.96,-6.084,-1.341,-1.003,-1.369
-2.624,-11.107,-4.817,-0.478,-1.735,-0.596
-2.827,-13.568,-5.337,1.035,-1.59,0.566
-2.339,-17.323,-5.819,2.781,-0.253,2.443
0.536,-19.568,-8.41,4.441,0.866,4.357
2.869,-14.01,-11.826,3.878,1.265,3.355
3.971,-5.727,-13.432,1.726,0.668,1.846
3.986,-5.661,-10.865,-0.87,-0.757,-1.08
0.662,-9.752,-9.428,-2.452,0.0,-3.643
-1.651,-14.68,-7.395,-3.129,1.274,-4.156
-4.113,-17.66,-5.947,-3.07,-0.232,-4.019
-3.632,-13.252,-5.55,-1.735,1.505,-0.98
-3.148,-10.745,-6.286,0.0,1.716,0.278
-1.42,-9.98,-7.84,0.463,0.908,0.561
-1.66,-9.945,-7.763,0.408,1.042,0.92
-0.831,-9.854,-7.895,0.407,-0.495,0.948
0.0,-9.766,-8.189,0.459,0.0,0.905
0.0,-9.492,-8.424,0.402,0.0,0.726
0.138,-9.083,-8.541,0.156,-0.197,0.309
0.0,-9.12,-8.267,0.0,-0.142,-0.176
-0.372,-9.457,-7.988,-0.148,-0.117,-0.508
-0.736,-9.731,-7.733,-0.176,0.0,-0.587
