1.329,-7.611,-9.807,-1.105,-0.559,-1.341
1.053,-10.824,-7.355,-2.542,-0.732,-2.375
0.224,-13.596,-6.075,-1.931,-0.328,-2.926
-2.254,-11.09,-8.808,-1.103,0.936,-2.463
-2.319,-12.427,-5.889,-1.834,-0.746,-2.877
-5.438,-11.849,-5.466,-1.04,-0.113,-1.484
-3.943,-14.515,-5.701,0.927,-1.568,0.662
-2.426,-12.761,-8.559,1.9,-0.998,1.818
-3.236,-16.365,-9.042,3.105,-1.597,2.436
-3.886,-15.974,-14.808,3.979,-4.354,2.429
-1.302,-10.895,-12.51,1.375,1.591,2.724
0.0,-10.658,-10.222,1.391,1.524,2.551
1.008,-9.322,-12.444,0.722,1.096,1.318
2.141,-7.573,-10.951,-1.873,-0.28,0.0
4.77,-11.334,-5.482,-4.289,-1.84,-1.858
1.136,-15.82,-4.058,-0.732,-0.152,-3.172
0.0,-13.058,-7.878,-1.113,-0.667,-3.397
-1.432,-12.818,-5.831,-1.644,0.307,-2.764
-4.925,-10.553,-6.564,-0.143,-0.591,-2.079
-5.456,-10.396,-6.909,0.32,-1.897,0.0
-3.048,-13.601,-8.669,1.796,-1.645,1.735
-1.664,-15.564,-9.407,2.088,-1.896,2.369
-0.349,-17.584,-10.372,3.05,-2.151,2.771
1.283,-13.522,-11.491,2.866,0.896,3.045
0.586,-9.723,-10.713,1.459,1.595,2.472
