-4.715,-12.046,-12.153,-0.898,-4.354,-0.156
-3.231,-11.65,-7.889,0.448,-4.354,1.034
-3.485,-10.207,-9.349,-1.917,0.326,1.799
-1.559,-12.172,-8.864,-0.875,-2.538,1.858
0.11,-10.227,-9.594,-0.528,-1.506,1.296
-0.232,-8.865,-7.939,-0.237,-0.717,0.744
1.088,-8.0,-8.214,0.968,-0.461,0.267
0.382,-7.948,-7.583,0.569,0.571,-1.396
-1.15,-11.725,-7.356,1.731,1.658,-2.921
-5.704,-14.852,-10.481,2.958,2.134,-4.143
-7.755,-8.466,-15.902,1.248,2.219,-1.977
-3.431,-11.655,-11.447,-1.728,0.186,0.0
-4.931,-9.458,-12.404,-1.075,-1.636,-0.365
-3.195,-10.873,-11.834,-2.119,-1.619,1.659
-2.11,-15.658,-9.586,-1.687,-3.726,1.526
-1.073,-13.406,-11.228,-0.425,-4.243,2.311
0.862,-11.14,-10.432,0.0,-0.557,2.8
0.875,-9.08,-9.694,0.0,0.447,2.015
1.163,-6.602,-9.566,0.301,0.211,0.49
1.492,-6.918,-9.647,0.628,0.655,-1.079
2.754,-14.968,-10.074,1.135,1.31,-3.082
-1.793,-18.934,-13.702,2.628,3.852,-4.337
-9.947,-7.569,-14.054,0.293,2.323,-1.229
1.066,-13.77,-9.546,-0.358,2.076,1.508
-2.702,-7.095,-12.776,1.703,2.456,-0.418
