-0.581,-10.808,-11.036,-1.177,-2.2,1.247
-0.454,-8.753,-9.525,-2.598,-4.354,0.245
3.742,-9.519,-6.915,0.53,1.77,-0.811
1.747,-13.314,-15.287,4.431,4.377,1.384
-3.403,-8.466,-16.363,1.67,3.425,-1.869
-3.023,-9.95,-11.773,-2.509,-3.38,-0.233
-0.16,-9.754,-11.143,-0.833,-4.354,-0.907
-0.139,-8.691,-11.558,-0.344,-0.835,-0.738
-2.759,-10.57,-11.09,-0.673,0.718,-1.065
-7.91,-11.385,-5.897,-0.77,-0.657,-0.184
-2.021,-8.53,-10.847,1.488,1.272,0.457
-2.89,-9.992,-10.479,-0.606,-2.542,0.0
-1.313,-9.683,-10.96,0.509,-1.574,0.263
-1.081,-8.931,-11.617,0.29,0.905,0.514
-1.627,-8.967,-11.262,0.0,0.594,0.286
-1.471,-9.123,-10.924,-0.412,-0.714,0.0
-1.369,-9.338,-10.432,-0.484,-0.702,-0.167
-2.729,-9.569,-9.359,-1.097,-0.393,-0.391
-2.115,-9.532,-9.845,0.802,0.26,0.0
-1.493,-9.156,-10.921,0.121,-0.522,0.0
-1.925,-9.253,-10.667,0.0,-0.191,-0.134
-1.797,-9.294,-11.396,0.155,0.554,0.146
-2.027,-9.178,-11.104,-0.308,-0.188,-0.162
-2.237,-9.814,-10.398,-0.352,-0.728,-0.166
-1.566,-9.517,-8.924,0.236,-0.297,0.157
