-5.299,-12.519,-9.618,0.29,-1.107,-0.771
-1.779,-10.029,-9.812,0.329,0.471,2.56
-0.618,-11.717,-10.854,0.618,0.135,1.567
-1.642,-9.732,-11.384,0.227,-0.743,1.475
-0.31,-9.099,-10.735,0.0,0.0,1.59
0.286,-7.801,-10.265,0.0,0.0,1.063
1.044,-7.012,-10.06,0.0,0.294,-0.202
0.686,-10.417,-9.6,0.181,0.284,-1.903
-0.299,-16.639,-11.092,0.953,0.941,-3.865
-9.009,-8.233,-10.948,-0.429,-0.949,-2.431
0.483,-11.273,-10.035,-0.468,0.0,1.628
-2.183,-7.374,-10.534,0.242,2.189,0.108
-1.471,-8.292,-11.167,-0.1,1.148,0.0
-2.86,-9.087,-9.706,-0.462,0.675,0.0
-1.61,-9.316,-7.953,0.171,-0.696,0.0
-1.817,-11.959,-10.097,-0.228,-1.071,-0.253
-4.737,-12.071,-9.399,-0.23,-0.66,0.0
-1.92,-12.506,-9.616,0.885,0.0,2.831
0.175,-11.044,-11.816,1.091,0.372,1.946
-0.742,-9.646,-10.717,0.0,0.698,2.211
0.693,-8.448,-9.997,0.0,0.325,1.337
0.993,-6.712,-9.496,0.0,0.293,0.196
1.06,-7.586,-10.036,0.572,1.096,-1.275
3.171,-16.684,-11.019,0.916,1.567,-2.829
-6.087,-17.31,-13.401,1.537,1.933,-4.337
