-1.715,-9.55,-11.422,0.286,0.855,0.283
-1.626,-10.055,-11.742,0.294,0.817,0.276
-1.642,-10.025,-12.077,0.163,0.793,0.247
-1.887,-8.578,-11.292,-0.451,0.185,0.401
-1.149,-10.261,-9.707,-0.694,-1.427,0.297
0.483,-12.447,-7.935,-1.365,-2.432,-0.137
0.195,-12.331,-6.646,0.0,0.908,0.659
2.088,-11.597,-7.602,0.754,2.024,0.627
-0.373,-10.43,-4.602,2.534,4.377,1.718
7.601,-19.134,-15.836,4.431,4.377,4.393
3.13,-10.58,-21.83,4.431,2.974,-0.663
0.624,-6.095,-17.5,-4.299,-3.962,-1.217
2.041,-16.055,-8.211,-4.299,-4.354,-4.29
-2.824,-13.219,-7.26,-2.472,-4.354,-4.337
-3.767,-12.453,-9.705,-0.12,-1.156,-0.534
-1.418,-9.832,-9.67,1.997,-0.496,0.933
-0.964,-9.918,-8.887,-1.52,-0.465,0.193
-2.571,-10.79,-9.025,-0.42,-2.339,0.156
-0.608,-9.67,-11.234,1.524,-2.086,0.269
-0.312,-9.442,-12.297,1.145,1.43,0.265
-2.043,-9.489,-12.269,0.698,2.22,0.332
-1.597,-9.645,-12.214,0.194,0.918,0.484
-0.791,-8.66,-12.102,-0.407,0.321,0.156
-0.984,-8.242,-10.87,-0.95,0.0,-0.393
-1.183,-10.002,-9.864,-0.751,-0.577,-1.156
