-4.544,-9.618,-10.598,0.829,-1.219,1.4
-0.789,-11.679,-11.382,0.927,-0.478,1.673
-2.149,-11.316,-11.78,0.204,-0.406,1.502
-2.486,-10.915,-11.82,-0.128,0.0,1.828
-0.808,-9.536,-11.015,-0.213,0.386,2.6
0.754,-8.181,-10.546,0.0,0.262,1.516
0.526,-7.294,-10.1,0.182,0.578,0.0
0.379,-9.441,-9.982,0.385,0.394,-1.351
1.925,-16.253,-10.508,0.91,1.144,-3.091
-5.341,-10.203,-11.583,0.462,2.052,-3.715
-3.394,-13.826,-10.382,0.68,0.654,-1.13
-3.894,-8.243,-12.697,0.162,1.366,-0.599
-4.452,-8.942,-9.072,-1.07,-0.513,-0.248
-4.63,-10.432,-8.959,-0.208,-3.205,-0.415
-2.565,-9.994,-9.847,0.565,-3.597,0.612
-1.543,-9.822,-10.507,1.035,-3.147,0.716
-1.146,-13.914,-10.74,1.193,-4.096,-0.129
-2.557,-13.45,-11.327,2.131,-2.564,0.0
0.917,-16.449,-14.53,4.07,3.337,2.59
1.543,-11.3,-16.751,0.583,4.377,3.675
1.275,-8.479,-12.554,-3.032,1.467,1.074
2.84,-7.864,-11.269,-2.422,-2.408,-0.577
1.278,-9.399,-11.283,-2.326,-3.229,-2.483
-0.621,-13.974,-10.036,-2.063,-3.444,-3.251
-6.969,-15.695,-10.156,-1.506,-4.354,-3.011
