-5.849,-10.132,-10.735,0.532,0.437,-1.885
-3.985,-9.471,-9.812,-1.087,-0.905,0.144
-3.79,-11.662,-7.045,-1.182,-3.089,-0.854
-3.354,-10.804,-7.792,1.861,-2.461,0.0
-2.479,-14.996,-12.566,3.496,-2.639,0.819
-3.007,-14.562,-12.497,1.844,-1.153,1.605
-5.625,-18.109,-8.894,1.831,-1.852,2.737
0.547,-14.833,-11.772,4.167,-2.622,3.808
0.903,-7.085,-10.38,3.902,1.289,3.408
2.25,-2.49,-12.416,0.883,1.221,2.097
2.391,-3.933,-12.33,-3.072,3.526,-0.603
0.944,-12.482,-7.313,-4.299,2.385,-3.045
4.839,-19.435,-9.479,-0.335,1.99,-4.337
-8.052,-19.435,-11.614,-0.17,3.033,-4.337
-7.296,-13.782,-11.79,0.0,-1.474,-0.119
0.258,-9.871,-10.79,-1.25,1.708,-0.599
-8.861,-10.818,-7.386,-0.474,-2.27,-2.888
-4.537,-10.488,-9.833,1.488,-3.138,0.904
-1.875,-11.28,-10.874,2.332,-0.421,2.515
-1.537,-14.456,-12.166,1.844,-2.441,1.426
-3.901,-17.354,-12.235,1.44,-3.11,1.322
-0.835,-17.118,-11.981,1.889,-0.288,3.776
-1.788,-16.621,-11.028,2.744,2.532,4.393
1.3,-10.617,-11.244,2.278,1.005,4.393
1.731,-3.662,-11.752,-0.432,1.102,1.582
