-1.129,-9.381,-9.343,0.118,0.0,0.0
-1.397,-9.474,-9.076,0.152,-0.119,0.0
-2.297,-9.403,-9.192,0.393,-0.893,0.0
-1.882,-9.196,-6.745,-0.387,-1.94,0.0
-0.39,-11.085,-7.667,-1.976,-3.368,-0.217
-0.217,-11.794,-6.596,-0.201,-0.556,-0.933
-0.262,-11.998,-7.805,1.745,0.503,0.663
1.322,-11.209,-8.906,2.48,4.377,3.762
-2.235,-13.2,-7.569,4.431,4.377,4.393
0.162,-5.253,-15.564,3.414,-2.283,1.233
0.556,-3.998,-11.926,-1.781,0.774,-0.432
-0.162,-9.255,-8.227,-3.415,-1.466,-3.636
-1.013,-15.154,-8.121,-2.744,-1.336,-4.337
-7.355,-15.162,-8.243,-0.589,-2.143,-4.337
-1.491,-12.028,-9.943,-1.005,1.514,0.0
-6.251,-11.802,-7.285,-0.251,1.605,-0.398
-4.272,-10.691,-10.485,1.8,-0.251,0.421
-3.48,-10.38,-12.271,1.315,1.516,1.771
-2.801,-11.294,-11.951,0.0,1.351,2.122
-5.357,-12.52,-11.798,0.321,-2.786,2.168
-1.825,-13.143,-14.01,0.51,-4.354,4.373
5.258,-8.044,-9.928,-1.286,-0.187,3.07
1.055,-6.057,-5.575,-0.607,1.14,0.169
1.14,-7.006,-8.993,0.0,0.373,-1.871
-0.26,-11.591,-10.317,-1.005,1.568,-3.473
