-4.172,-15.403,-9.434,0.0,-2.096,0.839
-2.422,-11.409,-10.387,0.462,-0.327,2.991
0.485,-14.464,-11.027,0.921,0.0,3.209
-0.966,-10.371,-11.434,-0.406,-1.529,1.898
0.289,-9.73,-10.49,0.0,-1.016,2.118
0.93,-6.823,-10.546,0.0,-0.308,1.202
1.416,-6.549,-9.728,-0.208,0.28,0.0
3.537,-12.053,-10.28,0.622,1.403,-1.648
-0.931,-15.408,-12.26,0.611,1.424,-4.337
-10.797,-13.905,-8.343,-1.061,-0.968,-3.877
0.0,-10.824,-12.177,-0.164,4.377,1.937
-3.454,-8.335,-11.068,0.423,4.357,-0.333
-3.37,-8.199,-13.52,0.854,0.602,-1.111
-5.044,-8.857,-13.855,-0.791,-0.511,-0.435
-3.378,-16.295,-11.944,-1.249,-0.746,0.794
-4.22,-13.355,-10.152,0.0,-2.273,1.867
0.0,-13.535,-14.458,-0.143,-4.295,4.15
1.795,-12.108,-11.187,-0.885,-2.274,1.972
-0.498,-9.614,-9.757,-0.393,-0.125,1.678
0.827,-7.728,-10.471,0.69,0.176,1.406
1.711,-6.019,-10.933,0.409,1.032,0.0
1.932,-7.565,-10.538,0.493,1.531,-1.856
3.261,-19.435,-11.463,0.996,1.319,-4.337
-16.298,-19.435,-12.115,1.747,-2.114,-4.337
-2.777,-13.294,-11.258,-1.801,-1.562,4.393
