-0.154,-11.583,-2.992,-2.241,-1.857,0.0
-1.165,-9.131,-8.536,2.077,-1.855,0.812
-1.6,-11.448,-8.466,1.992,2.589,1.004
-3.148,-9.383,-10.599,2.313,1.349,1.06
-1.658,-7.952,-11.902,0.579,1.428,1.16
-2.015,-8.101,-10.138,-0.954,0.862,0.778
-0.4,-7.647,-10.243,-0.734,0.417,-0.363
0.899,-10.788,-9.215,-0.93,-0.783,-1.276
-1.025,-10.205,-9.732,-0.95,1.171,-3.291
-4.628,-14.89,-7.968,-0.119,1.297,-2.681
-3.807,-10.727,-11.232,1.234,1.197,0.0
-1.462,-9.964,-10.691,0.313,4.377,1.445
-2.231,-8.753,-9.925,1.487,3.216,0.99
0.449,-8.455,-13.109,1.84,2.605,0.139
0.393,-11.146,-13.295,0.473,4.004,-0.658
-2.865,-10.028,-11.396,-0.19,1.723,-2.515
-5.26,-10.313,-8.889,-2.278,-3.076,-1.779
-1.533,-9.5,-8.331,-1.113,-3.122,-1.597
-3.458,-10.709,-8.801,1.104,-0.233,0.0
-3.728,-10.28,-11.189,1.458,-1.364,0.656
-1.068,-9.482,-9.933,0.538,-1.09,1.301
-2.06,-9.038,-10.953,0.958,-1.44,1.127
-1.32,-14.009,-11.513,0.657,-2.274,-0.138
-3.99,-8.127,-13.026,0.238,-2.285,1.405
0.425,-10.859,-12.352,-0.217,-0.838,1.911
