-1.829,-9.359,-9.891,0.0,-0.218,0.22
-1.489,-9.244,-10.12,0.0,0.0,0.181
-2.106,-8.836,-10.302,0.0,0.0,0.0
-2.777,-9.634,-10.489,0.223,-0.181,0.0
-3.073,-9.806,-9.904,-0.449,-0.836,0.196
-3.382,-12.403,-9.667,-0.609,-2.813,0.393
0.357,-15.884,-7.553,-3.186,-4.354,0.548
-2.037,-7.245,-6.981,-1.154,-3.305,-1.832
-4.47,-7.441,-1.488,3.183,-2.663,-1.24
-0.372,-11.734,-9.459,4.431,3.311,-0.617
-0.7,-13.268,-13.645,4.431,4.377,1.226
-0.628,-3.354,-19.292,4.431,4.377,-2.172
-5.735,-4.847,-14.394,-4.299,-0.409,-4.337
-4.971,-14.387,-3.549,-4.299,-4.354,-3.314
-1.903,-11.353,-8.527,-2.866,-2.87,-3.765
-3.485,-12.717,-7.405,-0.763,2.891,-1.357
-7.387,-11.655,-5.695,1.386,4.377,0.692
-2.784,-7.968,-11.628,0.311,0.724,0.475
-1.825,-9.301,-10.639,-0.265,-1.99,-0.341
-2.015,-9.33,-10.921,0.174,-0.673,-0.293
-2.416,-9.225,-11.396,0.0,0.486,0.129
-2.131,-9.125,-10.864,-0.38,-0.218,0.0
-1.909,-9.186,-10.447,-0.433,-0.578,0.0
-3.243,-9.799,-7.383,-0.182,-1.54,0.111
-1.258,-9.123,-10.291,0.0,0.182,0.0
