-3.106,-10.296,-8.631,-0.228,-0.598,0.0
-4.746,-14.128,-9.821,0.928,-2.33,-0.119
-2.538,-13.051,-11.476,1.734,-2.211,2.715
1.099,-14.631,-11.547,1.076,2.582,3.931
-1.163,-11.432,-11.451,-0.128,0.954,2.573
0.564,-9.19,-11.463,-0.139,-0.472,2.33
1.094,-7.192,-10.923,-0.496,-0.431,0.979
1.349,-6.068,-10.371,-0.591,0.0,-0.277
1.316,-9.41,-9.148,-0.506,1.792,-1.956
1.907,-19.435,-10.617,1.703,1.347,-3.851
-8.453,-17.743,-12.872,1.595,-1.422,-4.337
-4.963,-11.537,-11.26,-1.974,-1.264,0.518
-2.693,-9.454,-10.301,0.172,2.061,-0.332
-4.473,-8.916,-11.207,0.752,1.019,0.131
-4.32,-9.383,-11.911,0.142,-1.14,0.815
-2.23,-9.644,-10.951,-0.144,-1.082,1.671
-1.343,-13.495,-11.814,0.456,-1.968,1.538
-2.216,-14.997,-13.973,0.847,-1.13,1.279
-2.204,-11.698,-12.351,-1.387,0.0,3.306
0.187,-11.492,-11.858,-0.445,-1.293,2.657
-0.133,-7.103,-12.771,-0.216,-1.833,1.372
0.114,-6.401,-11.886,-0.584,-0.908,0.776
1.196,-7.549,-11.103,-0.265,0.0,-0.17
-0.22,-8.806,-10.149,-0.59,-0.75,-1.715
4.287,-18.27,-9.196,-1.246,-0.552,-3.138
