-2.338,-11.973,-6.652,-1.152,-2.147,-0.305
-1.691,-13.162,-9.509,0.793,-0.352,0.264
-3.754,-10.181,-9.948,0.529,0.0,1.459
-0.953,-11.557,-11.034,0.45,-0.683,1.964
-1.69,-10.31,-10.358,-0.491,-0.93,1.811
0.347,-10.798,-9.615,0.248,0.0,2.136
0.213,-7.89,-9.956,0.332,0.108,1.476
1.801,-6.31,-10.036,0.289,0.628,0.406
1.944,-8.224,-10.406,0.197,1.149,-1.915
2.873,-19.435,-11.151,1.364,2.647,-4.337
-13.097,-13.134,-13.299,0.898,0.772,-4.337
0.283,-12.551,-11.333,-1.981,1.309,3.381
-2.132,-8.044,-10.042,0.975,4.377,-0.231
-0.658,-8.025,-13.325,2.251,2.516,-0.176
-3.546,-7.825,-13.263,-0.576,0.888,-1.695
-5.479,-11.266,-9.797,-2.436,-2.645,-1.103
-2.866,-15.677,-9.016,-0.461,-3.465,0.32
-1.545,-11.258,-9.693,0.806,0.0,2.921
0.63,-13.155,-11.389,1.604,0.849,2.812
-1.402,-10.14,-11.506,-0.389,0.0,1.838
-0.257,-9.785,-9.744,-0.473,-0.3,2.076
0.81,-7.339,-9.338,-0.174,-0.653,1.168
2.014,-6.908,-9.608,0.395,0.519,-0.159
4.291,-15.621,-9.961,1.034,1.308,-2.653
-4.247,-14.516,-11.702,0.311,0.555,-4.337
