-4.828,-10.288,-9.479,1.745,0.549,-1.253
-3.707,-8.114,-10.99,0.291,1.38,-0.239
-3.482,-8.496,-10.271,-0.323,-0.135,0.0
-3.777,-9.199,-11.039,-0.225,-2.087,0.0
-2.812,-10.541,-10.991,-0.481,-2.417,1.578
-0.928,-10.356,-10.384,-1.262,-1.675,1.919
-0.314,-9.572,-8.616,-2.275,-4.023,1.116
1.675,-11.953,-7.584,-1.728,-4.354,-1.188
-1.475,-12.259,-5.966,0.508,-2.323,-2.244
4.955,-15.605,-11.847,4.431,4.377,2.988
-2.179,-8.335,-17.52,3.946,4.377,0.877
0.492,-6.438,-13.569,-0.803,0.988,0.617
2.145,-7.98,-12.708,-1.372,-2.163,-1.865
-1.058,-11.953,-10.663,-3.237,-4.354,-4.024
-2.563,-14.231,-8.93,-2.136,-4.354,-3.329
-1.646,-11.655,-11.182,-0.407,0.0,-0.568
-6.997,-10.673,5.315,1.391,1.071,0.871
-1.343,-6.536,-14.027,-0.128,2.888,0.596
-2.479,-11.36,-7.471,-0.702,-1.991,-0.977
-3.464,-12.893,-11.197,2.373,-3.944,-1.569
0.842,-9.762,-14.59,2.623,4.377,0.773
-2.492,-8.522,-15.543,0.0,4.377,2.95
-1.894,-7.054,-10.535,0.0,3.282,1.249
0.32,-7.385,-12.755,-0.418,-4.104,-0.873
-0.847,-10.638,-11.167,-1.837,-4.254,-2.767
