-2.853,-10.255,-9.963,0.0,-1.408,0.269
-0.98,-8.931,-11.038,-0.641,-0.516,1.281
-0.528,-10.448,-10.308,-0.341,-1.183,0.292
-1.804,-9.426,-11.097,0.127,-1.535,-0.159
-0.989,-9.112,-11.339,0.0,-0.184,0.451
-0.652,-9.334,-10.546,0.0,0.0,0.121
-0.94,-9.519,-10.796,0.34,0.0,-0.422
-0.116,-12.251,-11.644,0.436,0.659,-1.021
-4.317,-7.063,-10.478,-0.944,-0.114,-0.925
-9.027,-12.863,-2.214,1.244,-2.134,1.168
-1.817,-7.33,-12.331,0.68,1.032,0.0
-3.663,-8.576,-9.495,-1.358,-1.343,-0.587
-1.64,-9.505,-10.122,-0.192,-3.205,0.0
-0.771,-9.211,-11.323,0.0,-1.232,0.427
-1.051,-9.554,-11.012,-0.504,0.452,0.856
-0.697,-10.022,-10.647,-0.784,-0.603,0.632
-0.675,-8.809,-10.292,-1.007,-1.219,0.107
-0.718,-8.679,-9.839,-0.805,-1.387,-0.132
-0.215,-10.077,-10.024,-0.339,-0.977,-0.691
-1.421,-10.723,-10.304,0.0,-0.298,-1.106
-2.426,-10.216,-10.988,0.282,0.0,-1.039
-1.72,-9.565,-11.5,0.19,0.859,-0.31
-2.587,-9.626,-10.898,0.0,0.0,-0.859
-3.4,-10.276,-10.955,0.319,-0.769,-0.59
-2.883,-10.412,-12.209,0.56,0.627,0.3
