-1.395,-10.127,-7.863,0.494,0.845,-0.495
-1.088,-9.495,-7.467,0.77,0.894,-0.297
-1.632,-8.543,-8.388,1.439,1.014,-0.286
-1.809,-7.137,-10.325,1.884,1.279,0.31
-0.691,-9.841,-11.925,0.745,2.364,-0.337
-1.244,-10.546,-12.355,-0.31,2.357,0.108
0.0,-9.627,-13.284,-0.311,1.647,-0.961
-2.844,-10.732,-10.954,-1.832,-1.917,-1.464
-1.968,-11.011,-9.944,-1.312,-3.664,-0.378
-0.134,-13.01,7.231,0.501,3.641,0.298
0.0,-11.686,-13.088,0.689,1.561,0.474
-3.905,-6.844,-11.25,-0.628,-2.469,0.0
0.246,-10.128,-10.684,-0.829,-4.007,0.579
-0.507,-9.152,-11.348,0.642,-0.293,-0.734
-1.302,-8.636,-12.059,0.455,1.606,1.032
0.156,-11.415,-10.882,-0.269,0.0,0.277
1.091,-9.747,-11.303,0.0,0.41,0.601
1.029,-9.271,-10.355,-0.34,0.0,-0.203
0.751,-9.73,-10.24,0.225,0.184,-0.514
-0.464,-9.302,-11.043,0.457,0.296,-0.764
-0.845,-11.151,-11.494,0.54,0.0,-0.77
-1.412,-10.404,-11.6,-0.431,-0.783,-0.758
-1.203,-10.932,-9.866,-1.943,1.193,-1.834
-9.708,-9.72,-7.294,-0.306,1.166,-0.305
-2.805,-10.036,-10.242,1.523,-1.635,1.045
