-5.222,-12.366,-9.653,-0.383,-0.32,-1.316
-3.64,-16.198,-9.708,0.683,0.577,-0.565
-5.031,-7.518,-9.829,0.179,0.0,0.909
-2.037,-11.108,-8.102,1.024,1.069,2.382
0.623,-10.822,-11.949,2.758,2.747,2.711
-0.686,-7.199,-12.142,0.287,2.405,1.397
0.132,-6.295,-10.144,-0.539,0.708,0.545
0.416,-6.088,-9.59,-0.164,0.0,-1.147
0.167,-10.668,-9.336,0.146,0.0,-2.674
-8.473,-19.435,-9.999,0.526,1.341,-4.337
-9.626,-5.618,-16.336,-0.258,-1.472,0.0
-1.264,-11.633,-9.561,-0.844,-0.677,0.363
-5.22,-10.06,-11.509,0.949,-1.367,0.58
-2.124,-11.132,-12.934,0.411,0.478,2.585
-0.797,-11.006,-11.311,-0.546,0.753,2.608
0.0,-9.465,-10.791,-0.246,-0.294,1.856
0.426,-7.996,-10.255,-0.24,-0.588,0.756
1.16,-9.788,-9.318,-0.509,-0.846,-0.517
0.276,-11.65,-9.174,0.319,0.212,-2.716
-3.395,-9.043,-9.472,0.0,0.782,-2.419
-0.776,-13.358,-11.121,1.632,1.511,-1.549
-3.815,-9.609,-12.999,0.952,1.937,-1.625
-2.449,-8.639,-12.002,-0.492,1.972,-0.382
-4.245,-8.833,-10.076,-0.65,-0.187,-0.905
-4.749,-8.631,-9.513,-0.977,-2.386,-0.557
