-0.615,-10.843,-10.346,-0.539,0.287,1.943
0.565,-9.043,-10.742,-0.188,-1.382,1.249
0.872,-8.134,-10.675,-0.38,-0.922,0.129
0.0,-8.616,-10.238,-0.366,-0.704,-0.785
-0.68,-10.019,-10.181,-0.353,-0.696,-1.39
-3.166,-10.911,-9.614,-0.517,0.0,-0.995
-0.352,-10.824,-12.575,-0.291,4.377,0.165
-3.03,-8.593,-11.348,-2.554,4.377,0.586
-1.295,-12.651,-6.068,2.273,-0.772,0.0
-17.904,-11.501,-22.735,4.431,-4.354,-2.685
9.572,-10.99,-10.444,-4.299,-3.317,1.001
-8.384,-10.648,-8.964,-3.283,4.377,1.817
-2.774,-13.13,-7.3,1.838,0.62,3.325
0.171,-10.381,-12.432,1.999,-1.138,1.705
-0.169,-9.718,-10.774,-0.559,1.014,1.506
-0.903,-9.984,-9.646,-0.107,-0.355,0.918
-0.147,-9.112,-11.009,0.0,-1.583,0.42
0.0,-8.78,-10.345,-0.394,-0.714,-0.116
-0.594,-8.966,-10.238,-0.284,-0.635,-0.638
-1.785,-9.954,-10.143,-0.379,-0.235,-0.869
-3.505,-10.393,-8.353,1.022,0.556,0.132
-2.873,-9.234,-8.98,0.0,0.277,0.0
-1.808,-9.214,-8.996,-0.179,-0.291,0.0
-1.72,-9.313,-9.505,-0.111,0.205,0.0
-1.723,-9.349,-10.082,0.0,0.246,0.0
