-0.199,-8.278,-11.742,0.0,0.558,-1.25
-0.676,-10.766,-11.705,-0.135,-0.224,-2.24
-2.024,-12.627,-10.695,-0.824,-0.607,-2.754
-2.265,-13.061,-10.474,-0.609,1.417,-1.825
-7.156,-10.353,-8.798,-0.538,1.848,-1.12
-8.574,-12.277,-8.261,0.0,-2.399,-0.926
-2.453,-13.374,-8.815,1.32,-0.259,2.84
-1.152,-14.334,-9.124,2.045,1.281,3.634
-0.236,-10.471,-9.936,1.795,0.0,3.457
1.09,-6.022,-10.532,0.844,0.674,1.902
0.927,-4.326,-10.131,-0.304,0.598,0.202
0.915,-5.994,-9.217,-0.998,0.196,-1.632
0.499,-11.045,-8.805,-1.12,0.594,-3.14
-1.296,-16.702,-9.688,-0.488,1.72,-4.047
-8.796,-13.675,-10.127,0.504,0.152,-3.099
-2.285,-10.818,-11.471,-0.835,1.392,0.278
-5.75,-9.884,-9.272,-0.371,0.584,-0.183
-4.122,-11.158,-11.415,0.596,-0.902,0.953
-4.84,-13.807,-11.607,0.0,0.488,2.177
-5.113,-16.873,-10.033,0.198,0.101,4.393
-2.984,-15.244,-8.123,1.624,0.245,4.393
2.49,-5.766,-9.659,1.247,0.638,3.386
1.314,-1.836,-9.907,0.532,1.953,0.187
0.578,-4.221,-10.417,0.362,0.77,-2.586
-2.996,-11.152,-12.052,1.444,1.595,-4.177
