-0.643,-9.569,-12.833,0.66,-1.37,1.519
0.0,-13.884,-3.913,-0.687,-4.354,-0.81
-0.205,-13.969,-14.942,-1.316,-4.354,3.243
1.647,-12.24,-9.688,0.0,0.669,2.245
0.233,-8.855,-9.948,0.476,0.44,1.856
0.788,-7.188,-10.284,0.0,0.12,0.379
0.655,-7.793,-10.32,0.205,0.832,-0.606
0.241,-9.568,-10.771,0.0,0.759,-1.804
-0.507,-11.901,-10.428,-0.244,0.93,-2.727
-9.024,-13.521,-9.786,0.461,3.941,-0.943
-5.17,-10.167,-13.295,1.161,0.618,-2.272
-3.352,-9.489,-11.677,-0.631,-0.714,-0.274
-4.179,-10.438,-10.365,-0.306,0.646,0.0
-4.514,-10.1,-11.808,1.009,-2.461,1.484
-1.061,-9.308,-12.166,-0.657,-0.498,1.514
-3.686,-10.21,-11.31,0.0,-2.658,1.296
1.039,-10.112,-14.143,-2.728,-4.354,1.592
0.748,-14.46,-7.996,-4.299,0.225,-0.751
-6.252,-8.948,-5.108,2.547,4.232,2.737
4.432,-15.512,-14.625,4.431,4.377,4.298
-0.415,-5.259,-17.838,1.099,0.345,-0.218
-0.399,-10.675,-11.026,-3.823,-3.863,-1.324
-1.143,-9.919,-9.502,-0.445,-4.165,-2.238
-0.852,-9.289,-11.967,0.568,-1.431,-1.742
-2.635,-11.334,-12.327,-0.247,2.256,-1.655
