-4.663,-9.073,-10.45,-1.672,-1.109,-0.274
-4.394,-10.891,-10.827,-1.319,-3.007,0.156
-2.764,-12.793,-11.983,-1.851,-4.354,1.556
0.555,-15.163,-9.915,-2.133,-3.98,2.141
1.335,-11.025,-8.719,-1.254,-2.752,1.535
1.694,-7.547,-9.324,1.021,1.243,0.903
0.472,-6.794,-9.732,0.942,1.955,-0.288
1.531,-10.715,-10.587,1.869,2.791,-1.513
0.0,-15.871,-13.067,3.316,4.377,-2.773
-4.029,-17.77,-15.862,3.656,4.377,-1.965
-6.181,-6.512,-11.779,-1.669,0.699,0.455
0.18,-11.031,-7.335,-1.199,-1.521,0.0
-2.735,-7.601,-10.351,3.349,1.943,0.299
-0.541,-6.789,-15.204,2.9,2.834,0.863
-0.715,-7.083,-15.351,-0.934,2.386,-0.712
-4.169,-10.586,-10.896,-3.601,-3.021,-2.029
-4.355,-12.653,-10.283,-2.637,-4.354,-0.626
0.547,-17.516,-12.121,-1.331,-4.354,2.023
1.896,-11.154,-10.018,-3.018,-2.955,1.684
1.361,-9.192,-6.799,-0.393,1.258,1.563
0.468,-7.392,-9.08,1.789,0.9,0.0
0.974,-9.684,-10.977,1.806,0.494,-1.624
-0.956,-14.09,-11.831,1.791,2.673,-2.667
-3.918,-12.063,-13.823,2.429,4.377,-0.978
-1.816,-10.401,-11.773,0.669,4.377,1.337
