0.576,-9.708,-9.873,0.0,0.0,0.0
0.419,-9.749,-9.882,0.0,0.0,0.0
0.498,-9.786,-9.835,0.0,0.0,0.0
0.375,-9.734,-10.003,0.0,0.0,0.0
0.356,-9.764,-9.994,0.0,-0.151,0.0
0.336,-9.739,-9.9,0.0,-0.171,0.0
0.398,-9.721,-10.088,0.0,-0.252,0.0
0.281,-9.949,-9.985,0.0,-0.287,0.0
-0.659,-10.311,-10.849,0.0,-0.598,-0.475
-9.016,-14.554,-12.196,0.793,-1.906,-0.341
-10.01,-19.559,-18.311,1.062,-1.651,4.115
-2.988,-19.559,-20.475,-3.7,0.253,4.393
3.234,-19.559,-13.941,-4.3,2.276,4.393
-2.483,4.305,6.091,-1.041,0.0,0.32
6.114,-7.14,-1.77,2.256,1.223,-0.441
-0.147,-12.33,-14.426,4.43,3.461,-3.077
-2.908,-19.559,-28.396,4.43,1.729,-3.105
-7.37,-16.793,-30.115,2.344,0.0,-0.859
-0.303,-19.559,-27.821,-4.3,-0.288,-0.12
-1.977,-19.559,-20.753,-4.3,-1.395,0.82
-5.815,-4.937,5.006,4.43,-4.354,1.279
-1.824,-2.933,-4.403,-4.3,0.577,0.649
0.0,-8.188,-5.395,3.8,-1.443,-2.199
-3.763,-12.84,-14.835,4.43,-2.484,-3.855
-5.147,-17.358,-14.096,3.973,-0.778,-4.337
