0.265,-9.731,-9.673,0.0,0.0,0.0
0.435,-9.688,-9.53,0.0,0.0,0.0
0.431,-9.758,-9.585,0.0,0.0,0.0
0.362,-9.73,-9.715,0.0,0.0,0.0
0.0,-9.72,-9.845,0.0,-0.176,0.0
0.21,-9.724,-9.858,0.0,-0.142,0.0
0.21,-9.739,-9.814,0.0,-0.123,0.0
0.208,-9.786,-9.893,0.0,-0.15,0.0
-3.84,-11.437,-10.481,0.0,-0.41,-0.723
-10.421,-14.075,-12.252,0.974,-2.364,1.829
-4.671,-16.977,-15.382,0.701,-2.987,3.732
-5.557,-18.894,-14.983,-1.767,0.738,4.251
-2.972,-16.781,-17.378,-4.3,4.376,4.393
7.819,-19.559,9.11,-2.519,1.785,1.437
0.376,0.35,-11.528,-0.83,-0.526,1.431
0.817,-5.818,-6.385,3.091,2.762,-2.559
-5.884,-15.295,-20.938,4.43,0.539,-3.077
-3.02,-17.415,-28.636,2.855,3.272,-3.178
-6.264,-15.086,-25.096,-1.72,-0.156,0.0
0.593,-15.933,-23.3,-4.3,0.0,-0.161
-0.445,-12.344,-17.694,-4.3,-0.884,-0.488
-0.249,3.537,-14.012,4.149,-2.421,1.184
0.453,-4.436,-6.875,-2.857,-0.366,0.0
-0.786,-8.269,-9.335,4.43,-0.621,-1.395
-2.552,-13.45,-16.884,4.43,-1.476,-2.133
