-2.064,-9.518,-9.621,0.24,-0.427,0.102
0.29,-9.283,-9.915,0.161,0.125,0.932
2.282,-9.372,-10.024,0.0,0.461,0.581
0.467,-9.333,-9.645,-0.152,0.807,-0.142
-0.523,-9.982,-9.29,0.0,0.21,-0.343
-1.259,-9.978,-9.675,0.0,0.301,-0.162
-1.241,-9.91,-9.738,0.0,-0.17,0.0
-1.452,-9.982,-9.812,-0.137,-0.427,0.0
-3.176,-11.035,-11.33,0.0,0.0,0.0
-9.779,-12.373,-16.459,0.304,-1.064,1.097
-6.301,-18.014,-23.756,-2.243,-1.291,3.183
-0.258,-19.559,-19.108,-4.3,0.684,3.622
3.654,-19.559,-8.762,-4.3,0.403,3.324
2.761,-6.166,-0.619,-2.197,0.491,1.675
-0.942,-12.471,-2.827,4.43,1.704,-1.88
1.208,-19.559,-27.271,4.43,4.376,-2.465
-4.141,-19.559,-30.115,4.43,0.238,-0.483
1.43,-19.559,-27.399,-4.3,-0.896,0.0
-0.192,-19.559,-20.993,-4.3,-0.659,-0.196
-10.92,-19.559,8.018,4.32,-4.354,0.941
-0.147,-8.589,-5.358,-4.3,1.621,1.19
-1.215,-9.893,-6.407,4.43,-1.287,-1.001
-0.955,-15.291,-14.702,4.43,-3.447,-2.447
-0.509,-19.559,-17.439,4.43,-0.699,-4.337
-6.393,-19.559,-14.923,2.329,2.75,-4.337
