0.646,-9.65,-9.597,0.0,0.0,0.0
0.644,-9.652,-9.614,0.0,0.0,0.0
0.583,-9.615,-9.647,0.0,0.0,0.0
0.628,-9.705,-9.648,0.0,0.0,0.0
0.488,-9.725,-9.581,0.0,0.0,0.0
0.567,-9.682,-9.711,0.0,0.0,0.0
0.582,-9.697,-9.611,0.0,0.0,0.0
0.554,-9.73,-9.654,0.0,0.0,0.0
0.12,-10.307,-10.61,0.0,0.107,-0.153
-10.792,-12.699,-12.366,0.453,-2.486,-0.151
-7.661,-18.132,-19.143,0.109,-2.059,3.124
-3.754,-19.559,-22.475,-3.383,1.146,4.393
-0.225,-19.559,-16.211,-4.3,3.356,4.393
-0.556,5.757,0.601,-0.395,-1.074,0.755
3.231,-6.985,4.142,-0.539,1.22,0.747
-1.406,-14.972,-21.468,4.43,4.376,-2.56
-0.339,-19.157,-30.115,4.43,-0.697,-0.733
-2.609,-15.835,-27.847,-3.235,-0.233,-0.471
0.0,-15.192,-26.316,-4.3,-0.225,-0.237
-19.767,-8.006,7.409,4.43,-4.354,1.243
-3.828,-1.555,-3.958,-4.3,0.834,-0.118
-1.256,-8.46,-5.879,2.818,-0.893,-0.861
-2.492,-12.676,-16.609,4.43,-2.485,-2.49
-2.886,-14.249,-15.378,3.65,-2.208,-3.187
0.112,-19.031,-10.568,1.856,-1.55,-3.645
