-0.294,-9.706,-9.752,0.0,-0.137,0.116
-0.159,-9.845,-9.474,-0.125,0.0,0.271
0.0,-9.551,-9.509,-0.127,-0.196,0.301
0.294,-9.797,-10.08,0.0,0.0,0.0
-7.816,-13.22,-13.079,0.53,2.684,-1.104
-6.55,-16.314,-20.367,-0.439,-0.712,3.498
1.493,-19.559,-20.467,-4.3,0.361,2.767
0.708,-19.559,-16.7,-4.3,1.22,1.113
-0.91,-19.559,-4.34,-4.3,-1.022,0.559
1.111,0.43,-6.282,-2.116,0.216,1.689
0.362,-9.477,-3.082,4.43,0.521,-2.03
-0.403,-18.81,-21.751,4.43,2.562,-2.958
-6.535,-19.559,-30.115,4.43,4.045,-2.506
-1.663,-14.74,-28.446,-1.727,-0.283,0.573
0.826,-14.975,-19.218,-3.941,-0.282,-0.16
0.952,-17.708,-22.091,-4.3,-0.209,-0.529
-7.406,-19.559,9.11,-4.3,-2.728,-0.79
-1.113,2.939,-17.525,-4.3,0.354,-0.169
0.0,-7.552,-2.799,0.173,-1.985,-0.29
-3.104,-10.902,-11.394,4.43,-3.447,-2.75
-1.846,-17.105,-13.815,4.363,-3.315,-4.337
-0.409,-19.559,-13.945,2.379,1.27,-4.337
-7.616,-16.429,-13.624,1.539,2.138,-4.217
-3.596,-10.386,-11.95,-1.127,0.181,0.168
0.267,-11.012,-9.512,-1.464,0.592,0.82
