0.0,-9.596,-9.611,0.0,0.0,0.0
0.0,-9.699,-9.681,0.0,0.0,0.0
0.194,-9.737,-9.585,0.0,0.0,0.0
0.241,-9.749,-9.593,0.0,0.0,0.0
0.0,-9.744,-9.521,0.0,0.0,0.0
-0.102,-9.853,-9.767,0.0,0.0,0.0
-0.819,-9.452,-9.238,0.0,-0.294,-0.113
-0.276,-10.082,-10.171,0.0,0.0,-0.142
-3.959,-11.336,-10.198,0.138,-0.581,-0.557
-10.081,-15.088,-13.418,2.567,-4.194,0.63
-6.018,-19.559,-18.884,-0.376,-0.479,4.393
-1.148,-19.559,-20.453,-4.3,4.376,4.393
-1.526,-19.559,-8.286,-4.3,2.671,2.061
-4.508,2.337,-8.935,-1.244,-2.709,1.192
1.951,-7.04,0.855,0.223,0.305,-0.138
-0.234,-14.054,-13.371,4.43,1.629,-2.186
-1.684,-19.559,-25.704,4.43,3.049,-2.642
-2.331,-19.559,-29.715,1.21,1.392,-0.573
2.302,-19.559,-21.61,-4.3,-0.332,-0.276
1.852,-19.559,-18.338,-4.3,-1.115,-0.749
-1.761,-15.13,-12.776,-4.3,-3.782,-0.283
1.655,5.476,-23.705,-0.79,-0.581,1.769
-0.961,-7.146,-3.325,-2.788,0.851,-0.746
-2.461,-10.656,-8.813,4.43,-0.747,-1.676
-2.255,-18.524,-14.442,4.43,-2.178,-3.34
