0.291,-9.715,-10.027,0.0,0.0,0.0
0.407,-9.653,-9.916,0.0,0.0,0.0
0.33,-9.744,-9.682,0.0,0.0,0.0
0.463,-9.724,-9.657,0.0,0.0,0.108
0.346,-9.679,-9.636,0.0,-0.107,0.0
0.121,-9.79,-9.661,0.0,-0.211,0.0
0.2,-9.647,-9.93,0.0,0.0,0.143
-0.565,-10.461,-10.441,-0.113,0.0,-0.19
-6.587,-13.995,-11.61,0.515,0.556,-0.669
-5.928,-15.675,-19.048,0.0,-1.123,3.037
-2.059,-18.291,-20.34,-3.939,0.516,3.925
0.516,-19.559,-16.663,-4.3,0.219,3.508
-1.041,-19.559,6.26,-4.3,1.352,1.917
-2.135,0.748,-8.595,0.905,-1.451,1.077
2.565,-5.23,-4.403,2.127,1.842,-1.195
-3.602,-17.847,-21.125,4.43,2.214,-3.808
-6.146,-17.425,-30.115,3.088,1.831,-1.484
-3.168,-16.225,-24.616,-3.836,-0.769,0.372
-3.343,-16.19,-22.627,-4.3,-0.551,0.428
-0.869,-19.559,9.11,-4.3,-3.245,1.122
-2.673,2.287,-8.567,-4.3,0.0,0.467
1.038,-6.572,-4.793,1.676,-1.938,-1.406
-4.091,-11.391,-14.281,4.43,-2.035,-3.535
-4.636,-14.119,-13.211,3.62,-1.392,-3.847
-0.665,-18.451,-11.841,2.529,-0.735,-4.132
