0.0,-9.736,-9.718,0.0,0.0,0.0
0.167,-9.712,-9.635,0.0,0.0,0.0
0.127,-9.809,-9.436,0.0,0.0,0.0
0.263,-9.63,-9.582,0.0,0.0,0.0
0.0,-9.699,-9.563,0.0,0.0,0.0
0.179,-9.69,-9.742,0.0,0.0,0.0
0.142,-9.694,-9.736,0.0,0.0,0.0
0.0,-9.727,-9.648,0.0,0.0,0.0
-1.002,-10.704,-10.683,-0.369,0.218,-0.369
-11.138,-14.335,-12.16,0.0,-1.341,0.346
-7.631,-19.101,-23.636,0.334,-1.399,3.988
-3.024,-19.559,-21.728,-4.3,2.628,4.393
1.955,-19.559,-12.268,-4.3,1.618,4.393
-0.426,5.502,-9.697,-2.263,0.882,0.894
2.077,-6.52,-0.111,-0.619,1.132,-0.644
-0.928,-19.559,-18.976,4.43,3.443,-1.937
-1.526,-18.2,-30.115,3.987,-0.349,-1.111
-4.109,-16.827,-24.306,-4.274,0.58,-0.931
-1.182,-14.061,-26.409,-4.3,-1.039,0.786
-7.574,-19.559,9.11,2.258,-4.354,-0.376
3.282,-3.385,-11.559,-3.777,-4.354,2.554
1.473,-7.526,-4.966,1.09,0.0,-3.251
-5.782,-11.451,-10.697,4.425,-2.523,-4.337
-3.103,-15.798,-11.574,2.507,-3.57,-4.337
2.918,-19.559,-13.182,0.439,2.337,-4.337
