0.36,-9.654,-9.557,0.0,0.0,0.0
0.242,-9.688,-9.628,0.0,0.0,0.0
0.181,-9.657,-9.659,0.0,0.0,0.0
0.295,-9.682,-9.646,0.0,0.0,0.0
0.188,-9.67,-9.732,0.0,0.0,0.0
0.234,-9.762,-9.689,0.0,0.0,0.0
0.198,-9.645,-9.735,0.0,-0.145,0.0
0.0,-9.743,-9.757,0.0,-0.146,0.0
-1.172,-10.485,-11.129,0.0,-0.126,-0.197
-9.013,-11.869,-14.322,-0.379,-0.496,0.234
-6.297,-16.368,-18.975,0.754,-3.628,2.082
-2.357,-19.559,-24.513,-4.3,2.086,3.554
0.471,-19.559,-16.287,-4.3,1.496,3.5
1.862,-2.406,8.535,1.93,-3.123,-0.961
-1.894,-4.818,-8.604,-2.603,1.59,1.603
0.0,-9.952,-7.635,4.43,0.978,-2.147
-4.848,-19.559,-29.331,4.43,1.683,-2.841
-3.807,-19.559,-30.115,1.686,1.383,-0.897
-0.266,-16.858,-26.555,-4.02,-1.214,0.773
-0.115,-16.278,-20.755,-4.3,-0.532,0.213
3.34,-19.559,9.11,-4.3,-4.064,0.804
-0.834,-1.036,-11.864,-3.636,0.648,0.482
0.162,-7.042,-4.622,0.677,-1.006,-1.121
-2.254,-11.479,-13.732,4.43,-1.589,-2.066
-0.597,-16.031,-18.445,4.43,-1.791,-4.337
