0.0,-9.687,-9.633,0.0,0.0,0.0
-0.146,-9.734,-9.785,0.0,0.0,0.0
-0.106,-9.694,-9.951,0.0,0.0,0.0
-0.109,-9.717,-9.933,0.0,-0.129,0.0
0.0,-9.679,-9.985,0.0,-0.175,0.0
0.0,-9.687,-9.719,0.0,-0.156,0.0
0.0,-9.732,-9.669,0.0,-0.216,0.0
-1.341,-10.216,-9.644,0.0,-0.275,0.0
-4.735,-11.893,-11.058,0.222,0.199,0.0
-9.732,-15.211,-16.39,1.117,-2.324,1.974
-6.975,-19.559,-24.095,-2.004,1.149,4.112
-0.707,-19.559,-18.811,-4.3,2.873,3.545
2.275,-19.559,9.11,0.958,0.222,0.25
-2.259,-4.603,-4.101,-4.3,1.172,1.33
0.137,-9.474,-5.444,4.43,-2.414,-1.786
-2.314,-19.559,-22.163,4.43,3.903,-4.337
-7.228,-19.559,-30.115,3.655,0.854,-0.813
-5.43,-17.255,-24.391,-3.466,-0.325,0.133
-1.378,-19.559,-24.002,-4.3,0.136,0.441
1.136,-19.559,-15.132,-4.3,-1.625,0.137
-0.39,4.16,-17.133,-3.781,2.385,0.351
-2.734,-7.637,-2.366,-1.913,-0.583,-0.906
-3.414,-11.243,-13.17,4.43,-2.34,-1.032
-2.761,-13.757,-15.135,4.43,-4.276,-3.083
0.364,-19.559,-13.533,3.022,-0.709,-4.337
