0.757,-9.677,-9.331,0.0,-0.122,0.0
0.702,-9.655,-9.641,0.0,0.0,0.0
0.376,-9.696,-9.762,0.0,0.0,0.0
0.29,-9.733,-9.896,0.0,0.105,0.0
0.358,-9.705,-9.758,0.0,0.145,0.0
0.296,-9.706,-9.602,0.0,0.14,0.0
0.149,-9.748,-9.314,0.0,0.0,0.0
0.0,-9.864,-9.548,0.0,-0.231,0.0
-2.542,-12.469,-10.326,-0.146,0.643,-0.987
-11.054,-14.407,-14.528,1.583,-0.556,1.539
-3.565,-18.8,-20.516,-1.144,-0.772,4.031
-1.437,-19.559,-18.367,-4.3,2.535,4.102
2.143,-19.559,-10.343,-4.3,0.538,3.527
0.707,-1.878,8.968,-1.135,0.315,0.185
0.355,-8.321,-0.701,4.43,1.203,-0.639
-0.273,-18.898,-26.276,4.43,3.955,-2.807
-3.216,-19.559,-30.115,3.808,0.674,-0.919
1.207,-17.748,-27.922,-3.829,-1.097,-0.278
-2.611,-18.929,-21.998,-4.3,-0.63,-0.918
-10.467,-19.559,9.11,0.0,-4.354,0.611
-0.131,1.852,-15.417,-2.211,-0.378,1.449
1.163,-7.247,-3.36,0.772,0.414,-1.463
-2.253,-13.114,-13.607,4.43,-1.147,-2.714
-3.276,-17.76,-15.658,4.43,-2.651,-3.914
0.0,-19.559,-11.85,2.017,-1.883,-4.332
