0.41,-9.647,-9.87,0.0,0.0,0.0
0.416,-9.661,-9.932,0.0,0.0,0.0
0.388,-9.701,-9.89,0.0,0.0,0.0
0.255,-9.678,-9.964,0.0,0.0,0.0
0.138,-9.659,-9.836,0.0,-0.111,0.0
0.0,-9.676,-9.835,0.0,-0.166,0.0
0.0,-9.655,-9.837,0.0,-0.199,0.0
0.133,-9.7,-9.727,0.0,-0.259,0.0
-2.486,-11.811,-9.678,0.0,0.472,-0.949
-10.003,-14.529,-16.56,0.469,-2.898,1.719
-6.373,-19.559,-20.535,-2.264,0.524,4.063
-0.853,-19.559,-20.836,-4.3,2.73,4.393
9.929,-19.559,9.11,-4.3,2.866,1.548
1.615,-5.035,-4.411,-1.415,2.179,0.962
-0.513,-10.358,-7.326,4.43,0.685,0.0
0.986,-19.559,-30.115,4.43,1.523,-0.399
-0.257,-16.37,-30.115,0.991,-0.36,-0.253
0.911,-18.021,-23.448,-4.147,-0.591,-0.125
0.247,-15.223,-22.028,-4.3,-2.039,0.718
-2.28,6.279,-10.77,4.43,-4.354,2.306
-2.77,-5.704,2.082,-4.255,0.496,0.0
-1.821,-9.221,-7.877,4.43,-2.117,-1.651
-1.683,-13.835,-15.58,4.43,-2.137,-3.844
-2.439,-17.528,-13.378,3.094,-0.441,-4.169
-0.718,-19.559,-10.186,2.508,-1.472,-3.993
