0.278,-9.718,-9.954,0.0,0.0,0.0
0.429,-9.696,-10.102,0.0,0.0,0.0
0.369,-9.707,-10.161,0.0,0.0,0.0
0.423,-9.74,-10.061,0.0,0.0,0.0
0.404,-9.737,-10.057,0.0,0.0,0.0
0.467,-9.723,-10.028,0.0,0.0,0.0
0.265,-9.78,-10.021,0.0,0.0,0.0
-2.181,-10.74,-11.073,-0.173,0.799,-0.656
-8.415,-12.969,-12.222,1.413,-2.082,0.663
-5.548,-16.524,-18.812,0.69,-1.995,2.773
-2.747,-19.559,-20.817,-3.414,1.529,3.788
-1.563,-19.559,-18.6,-4.3,4.376,3.326
-5.93,6.81,-2.527,0.591,-4.354,2.384
2.877,-7.751,1.48,-1.299,1.656,0.584
0.488,-15.009,-15.657,4.43,2.163,-2.856
-4.221,-19.559,-30.115,4.43,1.152,-2.414
-1.434,-19.346,-27.271,-4.039,-0.393,0.0
-0.851,-16.845,-23.468,-4.3,-0.593,0.0
-11.729,-19.559,9.11,4.43,-4.354,0.444
-2.342,-0.619,-8.031,-4.3,-1.139,0.998
0.629,-9.153,-5.023,1.278,-3.122,-0.8
-3.511,-11.77,-12.349,4.43,-4.354,-4.33
-2.02,-15.106,-11.47,1.011,-2.798,-4.337
1.485,-19.559,-10.889,-0.658,2.495,-4.337
-8.039,-17.927,-11.474,1.007,3.221,-4.337
