0.332,-9.655,-9.934,0.0,0.0,0.0
0.401,-9.696,-9.87,0.0,0.0,0.0
0.413,-9.719,-9.75,0.0,0.0,0.0
0.358,-9.723,-9.808,0.0,0.0,0.0
0.41,-9.737,-9.701,0.0,0.0,0.0
0.344,-9.718,-9.738,0.0,0.0,0.0
0.318,-9.737,-9.861,0.0,0.0,0.0
0.0,-9.756,-9.975,0.0,-0.133,0.0
-0.232,-10.24,-10.237,0.103,-0.383,0.0
-10.052,-11.554,-13.283,0.367,-3.164,0.134
-6.372,-15.125,-12.422,-0.293,-1.812,2.223
-11.27,-19.559,-19.362,-1.293,-1.8,4.393
-3.505,-19.559,-20.707,-4.3,2.27,4.393
4.794,-19.559,-8.7,-4.3,3.973,4.393
2.512,-3.915,-5.909,-4.3,-4.354,2.572
-0.163,-4.224,-6.963,4.43,4.376,-1.991
-4.655,-6.736,-25.645,4.43,0.169,0.0
-4.818,-9.197,-30.115,2.851,3.677,-0.907
-0.246,-10.441,-30.115,-0.613,-0.115,-0.419
-1.13,-11.248,-29.409,-4.3,-1.153,-0.483
-14.057,-3.84,0.714,4.372,-4.354,2.058
-1.573,-2.958,-1.779,-4.094,0.151,0.762
-1.325,-5.079,-10.637,3.67,0.41,-1.201
-4.435,-7.895,-14.841,4.43,-0.756,-1.625
-4.17,-13.667,-15.143,4.43,-2.412,-2.98
