0.33,-9.712,-9.729,0.0,0.0,0.0
0.368,-9.715,-9.774,0.0,0.0,0.0
0.283,-9.689,-9.658,0.0,-0.121,0.0
0.246,-9.724,-9.829,0.0,0.0,0.0
0.109,-9.705,-9.897,0.0,0.0,0.0
0.245,-9.746,-9.843,0.0,-0.112,0.0
0.158,-9.676,-9.814,0.0,0.0,0.0
0.176,-9.647,-9.871,0.0,-0.136,0.0
-2.08,-11.26,-10.541,0.0,0.0,-0.633
-13.933,-15.077,-12.906,1.756,-1.884,1.504
-5.948,-19.559,-17.549,0.544,-0.91,4.393
-3.104,-19.559,-17.06,-4.3,2.025,4.393
-2.67,-19.559,-11.155,-4.3,3.421,4.353
-2.712,1.225,-5.881,-1.861,-2.771,2.648
6.053,-5.306,-3.026,1.802,1.727,-0.713
-3.743,-13.827,-18.764,4.43,4.027,-2.896
-4.158,-18.205,-29.281,4.43,-0.556,-1.686
-5.168,-16.074,-27.119,-1.588,0.671,-0.788
-0.184,-18.613,-26.463,-4.3,0.464,-0.675
-2.981,-19.022,-6.391,-4.3,-2.107,-1.103
-4.905,5.05,-26.957,-2.594,-0.741,1.118
0.545,-8.689,-5.098,-2.178,-1.385,0.0
-2.8,-11.432,-10.903,4.43,-1.999,-2.902
-2.442,-14.651,-12.942,4.31,-2.054,-3.886
1.559,-19.559,-10.157,2.585,-1.362,-4.337
