0.501,-9.708,-9.925,0.0,0.0,0.0
0.503,-9.697,-9.951,0.0,0.0,0.0
0.612,-9.675,-9.972,0.0,0.0,0.0
0.678,-9.69,-9.936,0.0,0.0,0.0
0.743,-9.738,-9.785,0.0,0.0,0.0
0.719,-9.677,-9.847,0.0,0.0,0.0
0.797,-9.703,-9.767,0.0,0.0,0.0
0.416,-9.763,-9.903,0.0,0.0,0.0
-0.667,-9.974,-11.619,-0.145,0.507,-0.356
-10.602,-12.615,-12.251,0.267,-1.419,-0.201
-5.777,-17.647,-20.026,0.242,-2.355,3.155
-2.442,-19.559,-24.412,-4.3,0.58,4.335
1.761,-19.559,-20.631,-4.3,1.203,4.393
-0.807,-18.326,9.11,1.252,-3.062,0.525
2.494,-6.132,-1.231,-1.944,2.235,0.438
-0.998,-8.176,-11.746,4.43,2.377,-1.988
-2.313,-10.304,-28.114,4.43,-0.144,-1.747
-5.135,-14.166,-28.748,3.347,3.82,-0.462
1.302,-14.611,-30.115,-1.27,-0.562,0.0
-0.142,-17.429,-24.635,-4.3,-0.758,-0.636
-16.765,-19.559,9.11,0.933,-4.354,0.469
-2.957,-1.692,-7.753,-4.3,1.375,0.133
0.0,-5.942,-4.794,2.296,-1.352,-1.352
-0.722,-10.429,-15.352,4.43,-0.391,-2.195
-2.158,-17.548,-17.895,4.43,-1.863,-4.337
