0.338,-9.703,-9.754,0.0,-0.266,0.0
0.78,-9.63,-9.982,0.0,-0.293,0.0
0.75,-9.663,-9.803,0.0,-0.187,0.0
0.404,-9.8,-10.472,-0.199,0.0,-0.444
-6.759,-13.565,-9.112,0.367,-0.257,-1.048
-6.434,-18.047,-18.328,2.128,-4.354,1.194
-4.999,-19.559,-20.583,-0.152,-0.79,4.393
0.229,-19.559,-19.978,-4.3,4.138,4.393
2.834,-19.559,-12.829,-4.3,1.619,4.393
4.261,-2.795,3.896,-1.696,0.262,0.854
-1.15,-6.794,-4.357,3.836,2.223,-2.059
-6.044,-18.451,-27.541,4.43,1.024,-1.536
-2.593,-19.559,-30.115,2.419,2.849,-2.578
-3.585,-16.691,-27.091,-2.551,-0.338,0.715
-1.885,-16.121,-24.222,-4.3,-0.463,0.508
-4.892,-19.559,1.316,-4.3,-2.776,0.721
-0.343,2.329,-10.523,-0.97,0.102,0.552
-2.976,-5.426,-5.972,3.891,1.014,-1.21
-4.346,-9.885,-14.562,4.43,-1.718,-1.127
-3.295,-18.047,-16.63,4.43,-3.188,-3.534
-3.694,-17.207,-13.909,2.812,-0.623,-3.541
-1.995,-16.224,-12.951,1.988,-1.429,-3.32
-3.467,-11.991,-12.136,-0.279,-0.391,-2.518
-2.684,-10.492,-10.322,-1.272,0.864,-0.126
-0.586,-10.583,-9.369,-1.138,0.902,1.036
