0.0,-9.705,-9.812,0.0,0.0,0.144
0.231,-9.752,-9.788,0.0,0.0,0.134
0.199,-9.679,-9.763,0.0,0.0,0.1
0.287,-9.653,-9.711,0.0,0.0,0.0
0.168,-9.721,-9.756,0.0,0.0,0.0
0.0,-9.688,-9.864,0.0,-0.104,0.0
0.0,-9.745,-9.732,0.0,-0.131,0.0
0.293,-9.596,-11.288,-0.104,0.428,-0.258
-2.772,-10.734,-10.25,-0.483,0.98,-0.261
-9.198,-14.141,-14.623,1.527,0.402,1.788
-4.148,-17.844,-23.294,-0.511,0.965,3.347
-1.98,-19.559,-22.976,-4.3,2.075,1.606
-1.417,-19.559,-9.093,-4.3,0.474,0.797
7.394,5.435,-9.228,-0.408,-2.19,1.494
-1.059,-6.032,4.767,0.394,1.311,-0.431
3.978,-14.705,-17.537,4.43,3.325,-1.817
-2.023,-19.559,-30.115,4.43,-0.503,-1.615
-1.482,-18.956,-30.115,-2.608,-0.328,-0.537
-0.427,-16.908,-21.472,-4.3,-0.919,0.0
-0.237,-11.754,-17.171,-4.3,-2.555,0.388
6.124,3.27,-10.595,3.442,-2.483,1.83
-3.931,-5.657,0.453,-1.335,-1.03,0.479
0.344,-8.387,-10.598,4.43,-3.365,-2.286
-3.568,-14.063,-12.847,3.882,-1.484,-4.337
-0.73,-19.559,-11.625,2.301,-1.335,-4.337
