-0.966,-10.271,-10.243,0.0,0.0,0.0
-0.938,-10.219,-10.154,0.0,0.0,0.0
-0.887,-10.141,-10.211,0.0,0.0,0.0
-0.982,-10.137,-10.324,0.0,0.0,0.0
-1.078,-10.18,-10.262,0.0,0.0,0.0
-1.071,-10.235,-10.215,0.0,0.0,0.0
-0.893,-10.184,-10.059,0.0,0.0,0.0
-1.648,-9.85,-13.629,-0.464,1.641,0.108
-8.038,-11.087,-16.141,-1.079,4.377,1.108
-3.239,-12.911,-22.63,-1.922,3.289,1.706
-1.433,-16.217,-22.266,-4.289,1.102,0.0
-1.364,-13.899,-16.894,-4.289,-1.319,-0.469
-0.13,-9.324,-7.273,-3.134,-0.477,0.0
-1.049,-4.562,-7.474,-0.694,0.0,0.0
-1.983,-2.45,-8.175,1.599,-0.376,-0.664
0.457,-7.786,-15.576,4.441,1.292,-1.312
-4.095,-12.271,-20.957,4.24,-0.901,-0.545
-5.231,-14.314,-30.728,3.52,1.9,-0.756
-1.903,-12.74,-26.304,-2.459,0.0,0.0
-2.074,-11.832,-22.852,-4.232,-0.478,0.168
-2.711,-9.976,-12.596,-4.289,-1.071,0.836
-1.449,-4.198,-8.905,-2.219,0.0,0.586
-2.131,-1.985,-8.02,0.729,-2.139,0.0
-2.152,-6.559,-12.029,3.931,-2.554,-0.838
-6.231,-10.051,-14.832,4.435,-4.093,-1.715
