-0.944,-10.252,-10.42,0.0,0.0,0.0
-0.884,-10.228,-10.312,0.0,0.0,0.0
-0.881,-10.246,-10.321,0.0,0.0,0.0
-0.731,-10.269,-10.38,0.0,0.0,0.0
-0.595,-10.182,-10.358,0.0,0.0,0.0
-0.558,-10.144,-10.418,0.0,0.0,0.0
-0.811,-10.044,-10.954,0.0,0.0,-0.121
-2.681,-10.297,-12.712,-0.587,1.073,0.0
-7.294,-11.242,-15.788,-0.956,2.698,1.149
-5.647,-13.379,-20.784,-1.633,3.318,2.24
-2.865,-16.178,-22.213,-3.732,1.382,1.131
0.0,-14.239,-17.404,-4.289,-0.92,0.389
1.209,-10.821,-5.585,-4.289,-0.306,-0.156
-2.29,-5.928,-0.179,-0.211,0.0,0.0
-1.781,-6.733,-8.247,4.441,0.374,-0.546
-2.399,-15.081,-23.862,4.441,1.763,-0.999
-4.369,-15.31,-31.106,2.993,1.456,-0.553
-3.811,-10.767,-29.213,-2.876,0.0,-0.215
-2.229,-11.388,-24.047,-4.289,-0.478,0.288
-0.902,-9.688,-13.074,-4.289,-1.78,0.661
0.0,-5.598,2.455,0.828,-0.779,0.0
-3.622,-5.032,-7.229,3.001,-0.77,-0.408
-3.701,-10.778,-16.615,4.441,-1.575,-0.731
-3.853,-13.047,-17.189,4.441,-2.823,-2.211
-5.006,-15.007,-14.868,3.136,-2.234,-3.21
