-1.139,-10.234,-10.385,0.0,0.0,0.0
-1.103,-10.182,-10.388,0.0,0.0,0.0
-1.006,-10.196,-10.357,0.0,0.0,0.0
-1.001,-10.196,-10.352,0.0,0.0,0.0
-0.992,-10.137,-10.388,0.0,0.0,0.0
-0.981,-10.127,-10.364,0.0,0.0,0.0
-1.154,-10.168,-10.376,0.0,0.0,0.0
-2.259,-10.49,-11.185,0.0,0.0,0.0
-5.72,-11.849,-13.672,-0.623,2.204,0.417
-7.548,-13.689,-18.903,-0.647,3.438,2.102
-3.66,-16.539,-22.663,-4.289,3.272,1.496
-1.188,-14.515,-16.668,-4.289,-0.88,0.93
-0.163,-10.395,-2.049,-4.289,0.0,0.472
-2.015,-4.159,-3.598,0.131,0.0,0.159
-1.2,-5.282,-8.344,3.557,0.0,-0.676
-0.418,-14.696,-15.326,4.441,1.479,-1.014
-1.196,-19.76,-25.205,4.07,0.17,-1.05
-5.741,-13.137,-31.106,-0.846,0.645,-0.349
-2.323,-14.187,-26.515,-3.95,0.0,0.0
-0.847,-13.531,-19.076,-4.289,-1.184,0.0
-0.623,-11.539,5.49,-4.289,-1.008,0.0
-1.741,-2.734,-15.276,2.375,0.723,0.184
-0.995,-5.849,-15.178,2.714,-0.545,-0.253
-3.066,-7.846,-16.028,2.559,-3.195,0.0
1.295,-12.564,-17.596,3.711,-1.42,-1.694
