-0.807,-10.149,-10.406,0.0,0.0,0.0
-0.951,-10.131,-10.498,0.0,0.0,0.0
-0.841,-10.112,-10.485,0.0,0.0,0.0
-1.005,-10.247,-10.468,0.0,0.0,-0.113
-1.165,-10.303,-10.243,0.0,0.0,0.0
-1.129,-10.277,-10.399,0.0,0.0,0.0
-0.987,-10.141,-10.561,0.0,0.0,0.0
-1.251,-10.194,-14.38,-0.858,2.732,0.188
-8.096,-11.508,-15.307,-0.515,4.25,1.334
-3.237,-14.825,-22.15,-1.909,2.644,1.307
-1.906,-16.991,-22.834,-4.289,0.473,0.271
2.728,-15.691,-12.472,-4.289,-2.426,1.071
-1.06,-6.891,-2.123,-2.328,0.0,-0.484
-1.962,-4.115,-4.257,0.858,0.0,-0.528
-1.099,-7.725,-11.981,4.391,-0.115,-0.927
-0.701,-13.535,-23.415,4.441,2.5,-1.284
-2.814,-16.347,-28.7,2.891,0.916,-1.147
-2.334,-13.943,-30.865,-2.484,0.0,0.0
-1.93,-11.428,-20.737,-4.289,-1.506,0.284
0.623,-8.964,-9.063,-4.289,-1.619,0.804
-1.292,-3.917,-8.777,-1.38,0.447,0.105
-3.405,-2.53,-7.708,0.982,-0.826,0.0
-2.32,-8.593,-11.17,4.441,-2.836,-0.469
-5.475,-16.529,-17.88,4.441,-4.354,-2.33
-5.413,-15.639,-15.361,2.027,-3.808,-2.536
