-0.82,-10.241,-10.174,0.0,0.0,0.0
-0.77,-10.13,-10.358,0.0,0.0,0.0
-0.838,-10.263,-10.236,0.0,0.0,0.0
-0.791,-10.213,-10.17,0.0,0.0,0.0
-0.666,-10.192,-10.228,0.0,0.0,0.0
-0.671,-10.212,-10.122,0.0,0.0,0.0
-0.812,-10.162,-10.353,0.0,0.0,0.0
-1.036,-10.003,-10.642,0.0,0.0,0.0
-3.18,-11.193,-13.805,-0.496,1.707,0.0
-8.912,-12.274,-18.891,-0.918,4.377,1.727
-3.936,-15.218,-21.174,-3.842,1.743,1.578
-0.856,-16.914,-19.88,-4.289,-0.228,0.817
0.852,-13.308,-11.099,-4.289,-1.865,0.902
-1.278,-5.642,-4.667,-1.024,0.308,0.177
-0.412,-4.027,-6.858,1.692,-0.478,-0.142
0.0,-9.42,-12.557,4.441,0.0,-1.202
-0.834,-14.771,-23.51,4.441,1.49,-1.457
-5.052,-16.881,-29.049,2.811,1.413,-1.216
-4.206,-14.107,-29.082,-2.518,-0.177,0.177
-2.295,-13.587,-22.141,-4.289,-0.842,0.769
0.202,-10.972,-12.907,-4.289,-1.402,1.069
-0.442,-5.291,-6.85,-1.913,0.0,0.242
-2.693,-4.148,-6.183,1.271,-1.08,0.0
-2.796,-8.397,-12.055,4.441,-3.078,-0.895
-6.0,-12.419,-16.261,4.441,-3.657,-2.423
