-0.785,-10.147,-10.255,0.0,0.0,0.0
-0.972,-10.168,-10.309,0.0,0.0,-0.122
-1.101,-10.237,-10.393,0.0,0.0,0.0
-1.061,-10.206,-10.441,0.0,0.0,0.0
-0.962,-10.137,-10.249,0.0,0.0,0.0
-0.872,-10.2,-10.205,0.0,0.0,0.0
-0.908,-10.244,-10.151,0.0,0.0,0.0
-2.957,-10.591,-13.305,-0.3,1.202,0.125
-6.808,-11.076,-16.958,-1.074,3.659,1.373
-4.578,-14.041,-21.968,-2.368,3.365,1.234
-2.283,-17.367,-22.275,-4.289,0.0,0.649
-1.785,-16.052,-11.428,-4.289,-1.132,0.91
0.311,-6.01,-1.828,-1.685,0.1,0.165
0.0,-4.209,-6.756,2.215,-0.571,-0.186
0.0,-8.815,-13.188,3.902,-0.691,-1.099
-2.183,-14.403,-23.935,4.441,1.794,-1.485
-4.897,-15.734,-31.106,2.657,1.279,-0.781
-4.106,-12.912,-25.989,-3.121,-0.11,-0.162
-1.881,-12.53,-20.556,-4.289,-0.942,0.328
-1.385,-9.359,-11.457,-4.289,-0.901,0.941
-1.867,-4.019,-7.714,-1.678,-0.216,0.369
-2.626,-4.529,-7.459,1.996,-1.911,0.0
-3.146,-9.49,-13.65,4.441,-4.263,-1.974
-6.934,-13.587,-16.473,4.441,-1.69,-3.345
-4.967,-12.753,-13.815,2.111,-1.106,-1.734
