-0.951,-10.179,-10.407,0.0,0.0,0.0
-0.999,-10.155,-10.501,0.0,0.0,0.0
-1.017,-10.34,-10.376,0.0,0.0,0.0
-0.917,-10.216,-10.441,0.0,0.0,0.0
-0.763,-10.208,-10.43,0.0,0.0,0.0
-0.761,-10.185,-10.488,0.0,0.0,0.0
-1.25,-10.159,-11.367,0.0,0.209,-0.103
-4.934,-11.076,-15.635,-1.631,4.377,0.643
-5.877,-11.667,-18.648,-1.189,2.591,2.102
-1.933,-14.296,-24.872,-2.073,2.021,1.31
0.0,-16.408,-21.108,-4.289,-0.381,0.0
0.954,-13.681,-10.234,-4.289,-1.012,-0.357
-3.273,-6.663,-1.832,-2.013,0.254,-0.326
-1.844,-4.06,-3.675,2.074,-0.486,-0.313
-2.07,-10.461,-13.242,4.441,0.613,-0.917
-3.151,-11.725,-31.106,2.805,0.0,-0.122
-4.633,-11.138,-31.106,-2.579,0.214,-0.298
-1.533,-9.177,-18.417,-4.289,-1.393,0.0
-0.897,-7.409,-6.079,-4.289,-0.459,0.0
-2.255,-3.477,-6.025,1.003,-0.999,0.184
-3.162,-7.321,-11.055,4.441,-1.395,-0.7
-5.032,-11.029,-18.26,4.441,-2.254,-1.275
-4.96,-11.86,-15.453,3.716,-3.391,-2.413
-4.759,-13.453,-13.345,1.796,-1.559,-3.489
-4.497,-15.185,-11.734,0.248,-0.364,-2.893
