-1.417,-10.197,-9.918,0.0,0.0,0.0
-1.314,-10.171,-9.869,0.0,0.0,0.0
-1.32,-10.207,-9.824,0.0,0.0,0.0
-1.145,-10.168,-9.873,0.0,0.0,0.0
-1.146,-10.137,-9.761,0.0,0.0,0.0
-1.232,-10.134,-10.007,0.0,0.0,0.0
-1.158,-10.103,-9.832,0.0,0.0,0.0
-1.277,-10.123,-9.913,0.0,0.0,0.0
-2.055,-10.395,-15.227,-0.887,3.729,0.221
-6.82,-11.254,-18.368,-1.766,4.377,1.304
-1.117,-12.204,-20.61,-2.334,0.785,0.502
-0.583,-14.593,-20.756,-4.071,0.553,-0.488
-0.721,-12.098,-18.375,-4.289,-0.955,-0.532
-1.947,-8.271,-11.32,-4.289,-1.227,0.0
-0.453,-4.072,-4.288,-1.003,-0.536,0.107
-1.008,-3.347,-7.556,1.878,-0.471,-0.303
-1.056,-7.166,-15.269,4.441,1.582,-0.628
-1.945,-11.522,-21.734,4.441,-0.271,-0.81
-4.393,-15.919,-31.106,4.441,1.106,-0.523
-2.986,-13.577,-30.745,-2.29,0.464,0.0
-1.099,-13.404,-22.59,-4.289,-0.697,0.207
0.374,-10.809,-13.52,-4.289,-1.11,0.615
0.0,-4.805,-8.194,-2.299,1.006,0.0
-0.737,-1.331,-8.906,1.04,-0.364,0.105
-4.338,-5.183,-11.324,3.583,-1.631,0.0
