-0.876,-10.057,-10.019,0.0,0.0,0.0
-1.079,-10.17,-10.144,0.0,0.0,0.0
-1.187,-10.191,-10.113,0.0,0.0,0.0
-1.144,-10.158,-9.993,0.0,0.0,0.0
-1.14,-10.162,-9.982,0.0,0.0,0.0
-1.051,-10.173,-9.997,0.0,0.0,0.0
-1.023,-10.059,-9.999,0.0,0.0,0.0
-1.733,-10.134,-10.649,0.0,0.0,-0.172
-4.44,-10.875,-13.155,-0.475,1.521,0.233
-8.09,-12.364,-16.71,-0.916,2.993,2.183
-3.902,-14.576,-21.641,-3.884,3.564,1.583
-2.171,-15.042,-20.221,-4.289,1.21,0.562
-1.928,-11.568,-11.268,-4.289,-0.824,0.985
-3.011,-5.791,-4.076,-1.832,0.702,0.211
-0.31,-2.676,-7.246,0.602,-0.421,-0.136
0.0,-6.481,-11.358,2.677,0.526,-1.148
-1.298,-10.957,-24.721,4.441,0.0,-0.492
-4.877,-13.897,-27.681,3.93,0.667,-0.61
-3.917,-10.729,-30.583,-1.249,0.954,0.0
-0.99,-11.871,-26.217,-3.683,0.407,0.0
-0.506,-10.106,-16.527,-4.289,-1.04,-0.123
-0.457,-5.623,-6.24,-2.855,-0.162,0.263
-2.472,-2.324,-8.406,0.408,0.376,0.0
-2.313,-3.835,-10.865,2.621,-1.648,-0.338
-5.873,-9.562,-14.719,4.441,-3.758,-0.896
