-0.768,-10.195,-10.268,0.0,0.0,0.0
-0.898,-10.255,-10.215,0.0,0.0,0.0
-0.858,-10.222,-10.301,0.0,0.0,0.0
-0.792,-10.22,-10.18,0.0,0.0,0.0
-0.738,-10.197,-10.268,0.0,0.0,0.0
-0.818,-10.206,-10.224,0.0,0.0,0.0
-0.872,-10.179,-10.308,0.0,0.0,0.0
-2.954,-11.03,-11.715,0.0,0.483,0.0
-7.932,-12.638,-14.263,-0.532,3.388,1.559
-4.971,-12.721,-20.732,-2.017,2.75,2.369
-3.717,-15.785,-20.575,-4.197,2.438,1.02
-1.433,-14.161,-17.214,-4.289,-0.819,0.965
-0.992,-9.207,-4.722,-4.289,0.408,0.272
-2.617,-3.017,-3.579,0.156,0.299,0.0
-1.323,-3.417,-7.963,2.767,-0.297,-0.442
0.0,-11.756,-16.68,4.441,1.999,-1.616
-3.8,-15.098,-26.138,3.349,-0.889,-0.889
-5.994,-11.145,-31.106,0.0,1.122,-0.314
-1.336,-12.32,-26.392,-3.004,0.167,0.196
-2.556,-10.172,-17.463,-4.289,-1.537,0.531
-0.486,-6.45,-4.203,-4.289,-1.611,1.069
-1.819,-3.174,-5.401,0.708,-1.443,0.0
-3.114,-5.877,-11.214,4.032,-4.183,-1.245
-8.134,-8.815,-15.236,3.86,-4.101,-2.42
-6.982,-9.812,-12.954,1.198,-2.283,-2.755
