-1.159,-10.105,-10.328,0.0,0.0,0.0
-1.305,-10.161,-10.309,0.0,0.0,0.0
-1.269,-10.21,-10.216,0.0,0.0,0.0
-1.187,-10.162,-10.185,0.0,0.0,0.0
-1.289,-10.22,-10.234,0.0,0.0,0.0
-1.317,-10.209,-10.121,0.0,0.0,0.0
-1.186,-10.037,-10.179,0.0,0.0,0.0
-1.807,-9.903,-13.965,-0.364,1.92,0.144
-5.928,-10.682,-16.145,-1.77,4.377,1.028
-2.929,-11.666,-20.443,-1.476,2.535,0.896
-2.003,-14.393,-21.915,-3.49,1.424,0.0
-1.425,-13.697,-22.013,-4.289,-0.52,-0.362
0.0,-10.97,-11.075,-4.289,-1.736,-0.281
-1.402,-5.15,-3.463,-1.607,-0.425,-0.233
-0.157,-3.532,-7.17,1.556,0.0,-0.6
0.718,-7.511,-14.859,4.441,1.075,-0.716
-3.425,-10.068,-22.922,4.165,0.0,-0.786
-4.681,-14.182,-31.106,4.243,1.436,-0.79
-3.638,-12.016,-30.083,-2.36,0.32,-0.225
-0.836,-11.932,-23.942,-4.289,-0.195,0.42
-0.63,-9.135,-14.372,-4.289,-1.45,0.447
-1.115,-4.278,-5.836,-1.275,-0.267,0.122
-2.099,-2.341,-7.634,1.214,-1.035,0.0
-3.103,-7.433,-11.403,4.441,-3.451,-0.928
-3.874,-11.248,-16.906,4.441,-2.672,-2.266
