-1.102,-10.069,-10.061,0.0,0.0,0.0
-1.318,-10.245,-10.162,0.0,0.0,-0.104
-1.351,-10.243,-10.207,0.0,0.0,0.0
-1.202,-10.123,-10.114,0.0,0.0,0.0
-1.298,-10.135,-10.24,0.0,0.178,0.0
-1.317,-10.214,-10.101,0.0,0.0,0.0
-1.356,-10.183,-10.431,0.0,0.269,0.0
-3.018,-10.015,-14.701,-1.105,4.137,0.631
-5.205,-10.596,-17.444,-1.253,3.939,1.386
-1.266,-12.041,-21.612,-2.479,1.863,0.282
-0.923,-14.387,-22.132,-3.34,0.947,-0.413
-0.886,-12.369,-17.354,-4.289,-1.611,-0.71
-3.1,-7.84,-5.447,-3.277,-0.579,-0.46
-1.318,-3.89,-6.935,-0.419,-0.503,0.0
0.0,-3.96,-10.027,2.038,0.0,-0.426
-2.385,-8.52,-14.687,4.441,0.328,-0.566
-1.779,-13.046,-20.654,4.236,-1.104,-0.922
-5.041,-13.205,-26.714,3.5,0.0,-0.228
-3.759,-11.181,-28.71,-0.199,1.6,0.0
-1.587,-13.718,-26.405,-3.345,0.646,0.211
-0.381,-14.583,-20.336,-4.289,-0.434,-0.281
-0.423,-10.731,-7.552,-4.289,-1.025,0.541
-2.504,-3.778,-6.252,-1.48,-0.184,0.0
-2.238,-2.195,-10.259,1.83,0.0,-0.278
-4.133,-6.753,-17.085,4.441,-1.16,0.271
