-1.442,-10.122,-10.729,0.0,0.0,0.0
-1.546,-10.161,-10.768,0.0,0.0,0.0
-1.625,-10.228,-10.751,0.0,0.0,0.0
-1.505,-10.178,-10.66,0.0,0.0,0.0
-1.448,-10.21,-10.707,0.0,0.0,0.0
-1.249,-10.156,-10.769,0.0,0.0,0.0
-1.101,-10.055,-10.687,0.0,0.0,0.0
-1.676,-10.221,-10.902,0.0,-0.101,-0.132
-4.384,-10.839,-13.389,0.0,0.317,0.0
-8.489,-12.165,-16.57,-0.537,2.125,1.303
-4.792,-14.968,-20.866,-2.648,2.37,2.22
-2.587,-14.974,-19.67,-4.289,0.988,1.096
0.358,-11.64,-13.25,-4.289,-1.114,0.559
-1.824,-7.178,-5.447,-2.712,0.442,-0.211
-1.755,-4.44,-6.294,0.982,-0.175,0.135
-2.42,-6.916,-11.147,4.441,-0.349,-0.648
-3.96,-12.593,-21.325,4.441,0.494,-1.259
-4.606,-19.008,-31.106,4.441,2.74,-0.655
-3.073,-14.079,-29.418,-3.174,0.0,0.0
-2.146,-13.18,-23.244,-4.289,-0.849,0.225
-1.116,-11.058,-12.355,-4.289,-1.7,0.729
-1.2,-8.312,8.119,-2.555,0.471,0.475
-2.946,-3.193,-9.597,0.566,-0.772,-0.427
-3.437,-8.141,-15.495,4.441,-1.846,-0.863
-4.871,-10.271,-15.921,3.872,-2.985,-1.779
