-1.308,-10.301,-9.291,0.0,0.0,0.0
-1.283,-10.341,-9.327,0.0,0.0,0.0
-1.223,-10.354,-9.439,0.0,0.0,0.0
-1.204,-10.291,-9.442,0.0,0.0,0.0
-1.204,-10.251,-9.546,0.0,0.0,0.0
-1.532,-10.277,-9.79,0.0,-0.1,0.0
-1.727,-10.427,-9.357,0.0,-0.496,-0.104
-3.652,-10.664,-9.475,0.431,-2.113,-0.549
-8.232,-10.921,-11.717,0.622,-1.595,0.209
-10.437,-14.693,-16.495,0.759,0.983,1.899
-5.649,-20.199,-22.379,-4.229,3.707,3.548
0.0,-20.199,-16.639,-4.3,2.952,1.19
-0.932,-13.577,-6.316,-4.3,1.279,-0.773
-6.402,-3.79,-9.478,-1.156,0.706,0.152
-1.067,-5.912,-1.26,-0.311,1.986,-0.906
3.333,-20.199,-10.747,4.431,0.945,0.844
1.881,-20.199,-30.119,4.431,-0.537,-0.756
-8.115,-13.807,-30.119,0.795,0.0,-0.608
-5.628,-15.301,-27.435,-3.666,0.419,0.91
3.915,-20.199,-26.253,-4.3,0.286,0.742
0.568,-14.105,-9.441,-4.3,-0.433,-0.32
-2.969,-6.129,-5.72,-2.843,-0.404,-0.369
-0.901,-5.422,-13.468,1.285,-1.549,0.308
-2.603,-7.272,-15.418,2.783,-0.805,1.261
-0.572,-8.979,-17.332,4.085,-0.691,1.183
