-0.871,-10.334,-9.257,0.0,0.0,0.0
-0.75,-10.327,-9.397,0.0,0.0,0.0
-0.728,-10.297,-9.508,0.0,0.0,0.0
-0.615,-10.248,-9.339,0.0,0.0,0.0
-0.809,-10.261,-9.377,0.0,0.0,0.0
-0.78,-10.371,-9.403,0.0,0.0,0.0
-0.776,-10.235,-9.09,0.0,-0.236,0.0
-3.539,-10.23,-9.652,0.0,-1.546,-0.261
-4.369,-11.197,-9.57,0.878,-2.824,-0.819
-8.675,-13.321,-13.487,1.492,-0.812,0.55
-5.789,-16.377,-18.414,-0.941,1.867,3.1
-3.884,-20.199,-19.901,-4.3,4.377,3.009
-0.427,-20.199,-9.851,-4.3,2.135,0.61
0.179,-9.455,-5.071,-4.3,0.369,-0.644
-0.535,-4.717,-7.627,0.426,-0.372,-0.353
0.0,-7.843,-7.425,4.431,1.664,0.352
1.289,-20.199,-17.534,4.431,0.324,0.0
-2.063,-20.199,-28.852,4.431,0.0,-1.781
-5.165,-16.643,-24.245,-1.548,-0.262,0.259
-1.43,-20.199,-23.815,-4.3,0.141,0.782
2.248,-20.199,-18.327,-4.3,0.0,0.191
0.147,-11.459,-5.718,-4.3,-1.32,-1.429
-8.066,-3.29,-11.298,2.468,-1.599,0.335
-1.941,-2.464,-16.467,2.603,0.285,0.348
-1.953,-6.003,-16.573,3.249,-1.191,0.533
