-1.031,-10.345,-9.032,0.0,0.0,0.0
-0.972,-10.272,-9.227,0.0,0.0,0.0
-1.108,-10.313,-9.232,0.0,0.0,0.0
-1.122,-10.303,-9.187,0.0,0.0,0.0
-0.927,-10.317,-9.199,0.0,0.0,0.0
-1.252,-10.345,-8.708,0.0,-0.409,0.0
-0.66,-10.117,-8.929,0.157,-0.61,0.0
-1.783,-9.768,-9.163,0.438,-1.134,-0.152
-9.515,-10.814,-11.388,0.572,-3.815,0.0
-10.615,-13.104,-13.506,-0.491,-0.963,2.251
-11.897,-18.495,-19.168,-2.769,3.031,3.745
-3.804,-20.199,-21.402,-4.3,4.377,3.644
1.419,-17.149,-8.582,-4.3,2.535,0.452
-0.569,-9.145,4.457,-2.159,1.385,-0.503
-0.314,-9.898,-2.228,2.669,1.723,-0.671
3.379,-20.199,-14.593,4.431,0.329,-0.376
0.482,-20.199,-30.119,4.431,0.336,-1.326
-8.993,-13.403,-30.119,1.522,-0.448,0.0
-5.54,-16.063,-30.041,-4.3,0.302,0.695
2.899,-20.199,-25.163,-4.3,0.433,0.769
0.524,-16.045,-11.819,-4.3,-0.824,-0.521
-1.806,-6.634,-6.532,-3.328,-0.569,-0.456
-0.562,-2.973,-12.069,1.85,-2.725,0.337
-4.14,-4.317,-15.128,2.935,-0.969,0.353
-1.277,-7.206,-17.288,3.91,-2.276,0.0
