-1.199,-10.438,-9.462,0.0,0.0,0.0
-0.883,-10.328,-9.481,0.0,0.0,0.0
-0.881,-10.293,-9.444,0.0,0.0,0.0
-0.869,-10.328,-9.42,0.0,0.0,0.0
-0.8,-10.406,-9.183,0.0,0.0,0.0
-0.587,-10.302,-9.093,0.0,-0.188,0.0
-0.386,-10.302,-9.801,0.0,-0.171,0.0
-0.884,-10.248,-9.152,0.0,-0.573,-0.26
-4.229,-11.371,-9.933,0.556,-1.247,0.0
-9.634,-11.641,-14.104,0.0,-0.36,1.46
-11.836,-14.149,-19.341,-1.928,0.0,3.14
-4.741,-18.653,-24.586,-4.3,4.338,3.004
-2.179,-17.426,-12.515,-4.3,3.028,1.119
0.867,-9.21,-8.987,-2.949,0.563,-0.517
-0.731,-6.141,-6.661,-1.523,0.52,-0.829
-1.094,-8.297,-3.654,2.756,1.159,-0.814
2.23,-20.199,-17.164,4.431,0.832,-0.233
0.885,-18.399,-30.119,4.431,0.75,-0.765
-5.446,-10.562,-30.119,1.096,0.0,-0.321
-4.853,-11.696,-29.734,-3.22,0.179,0.389
1.145,-19.335,-27.104,-4.3,0.532,0.628
0.867,-13.46,-11.479,-4.3,-0.794,-0.727
-2.627,-5.816,-4.027,-2.035,-0.635,-0.402
-0.719,-3.41,-12.485,1.295,-0.983,0.565
-2.159,-3.774,-15.929,2.264,-0.466,0.586
