-1.043,-10.345,-9.394,0.0,0.0,0.0
-1.18,-10.339,-9.493,0.0,0.0,0.0
-0.946,-10.292,-9.385,0.0,0.0,0.0
-1.06,-10.301,-9.53,0.0,0.0,0.0
-1.058,-10.307,-9.505,0.0,0.0,0.0
-0.903,-10.313,-9.407,0.0,0.0,0.0
-0.857,-10.39,-9.543,0.0,-0.208,0.0
-1.789,-10.35,-9.396,0.123,-0.878,-0.12
-5.786,-10.369,-8.774,0.785,-2.795,-0.51
-11.81,-12.203,-11.201,0.312,-2.405,0.675
-14.678,-19.212,-19.606,-1.092,2.214,3.894
-7.419,-20.199,-23.625,-4.3,4.377,4.315
4.179,-17.617,-3.557,-4.3,1.169,0.266
1.839,-7.262,-1.409,-1.379,0.741,-0.272
1.106,-8.687,-1.163,1.227,1.505,-0.48
3.053,-20.199,-14.498,4.431,1.196,0.501
0.119,-17.708,-30.119,4.431,0.796,-1.22
-6.916,-10.43,-30.119,-0.287,0.0,-0.417
-2.735,-17.307,-30.119,-4.3,0.441,1.013
3.11,-20.199,-16.885,-4.3,-0.322,-0.426
0.0,-7.914,-2.022,-3.565,-1.494,-0.947
-2.037,-3.847,-13.36,1.656,-0.603,0.622
-2.473,-3.705,-15.819,1.318,-0.316,0.464
-2.044,-6.09,-15.99,3.14,-2.331,0.228
-4.298,-9.253,-15.74,4.272,-2.991,-0.382
