-0.824,-10.319,-9.332,0.0,0.0,0.0
-0.708,-10.37,-9.427,0.0,0.0,0.0
-0.877,-10.25,-9.376,0.0,0.0,0.0
-0.679,-10.344,-9.414,0.0,0.0,0.0
-0.575,-10.296,-9.348,0.0,-0.117,0.0
-1.417,-10.241,-8.732,0.182,-0.729,-0.149
-1.467,-10.781,-8.424,0.385,-1.22,-0.212
-4.451,-10.587,-9.959,0.68,-1.533,0.106
-8.321,-10.198,-12.42,-0.162,-0.913,0.76
-15.063,-15.92,-19.081,-1.508,2.443,2.689
-7.388,-20.199,-21.724,-4.3,4.028,3.994
3.866,-19.027,-7.809,-4.3,1.73,1.355
2.996,-9.048,1.657,-2.028,0.574,-0.575
1.397,-7.296,1.312,0.732,1.103,-0.702
2.67,-18.681,-11.052,4.431,0.731,-0.672
4.333,-20.199,-28.235,4.431,2.292,-1.262
-6.196,-11.203,-30.119,1.319,-0.991,-1.181
-7.858,-10.87,-30.119,-1.651,-0.375,0.245
0.863,-20.199,-30.119,-4.3,0.266,1.266
1.951,-18.568,-10.062,-4.3,0.0,-0.568
-1.665,-4.746,-7.261,-1.42,-1.224,-0.306
-1.674,-2.263,-13.494,1.089,-1.087,0.553
-2.762,-3.306,-16.748,1.224,-0.489,0.484
-2.803,-5.998,-15.974,2.994,-3.086,0.537
-3.95,-7.686,-16.136,3.94,-3.439,-0.364
