-0.329,-10.336,-9.438,0.0,0.0,0.0
-0.485,-10.363,-9.606,0.0,0.0,0.0
-0.442,-10.281,-9.565,0.0,0.0,0.0
-0.31,-10.295,-9.581,0.0,0.0,0.0
-0.405,-10.344,-9.494,0.0,0.0,0.0
-0.821,-10.195,-9.628,-0.154,0.0,0.0
-2.774,-10.429,-10.192,0.0,-1.449,-0.112
-7.158,-11.116,-10.11,1.076,-3.797,-0.328
-9.44,-12.492,-12.834,1.307,-1.993,1.638
-9.038,-16.187,-17.886,-1.604,2.724,3.535
-4.659,-20.199,-19.935,-4.3,4.377,3.623
-1.282,-15.348,-10.058,-4.3,2.767,0.601
0.0,-8.225,-8.18,-3.58,0.795,-0.811
-0.837,-5.228,-5.762,-0.292,0.644,-0.777
-1.556,-8.38,-5.727,3.809,0.68,-0.656
-0.7,-20.199,-16.825,4.431,-0.27,-0.582
-1.22,-20.199,-25.253,4.431,-0.194,-0.81
-8.079,-12.375,-27.025,0.632,0.167,-0.483
-3.512,-15.946,-25.739,-3.675,0.799,0.621
-1.171,-20.199,-23.571,-4.3,0.852,0.725
0.476,-18.222,-10.373,-4.3,-0.357,-0.978
-2.075,-6.441,-4.99,-2.631,-0.647,-0.513
-1.009,-3.071,-11.823,1.543,-1.47,0.453
-2.211,-3.228,-15.765,2.026,0.109,0.603
-1.152,-5.767,-17.745,3.489,-1.427,0.622
