-0.972,-10.383,-9.502,0.0,0.0,0.0
-0.954,-10.333,-9.35,0.0,0.0,0.0
-0.972,-10.278,-9.451,0.0,0.0,0.0
-0.992,-10.429,-9.461,0.0,0.0,0.0
-1.126,-10.261,-9.439,0.0,0.0,0.0
-0.952,-10.257,-9.581,0.0,0.0,0.0
-0.974,-10.451,-9.292,0.0,-0.176,0.0
-2.708,-10.284,-8.856,0.114,-1.243,-0.379
-6.587,-11.026,-10.739,1.028,-2.225,-0.673
-10.038,-13.512,-13.387,1.141,-2.176,0.885
-8.063,-18.841,-17.574,-1.734,1.997,3.67
-4.297,-20.199,-18.234,-4.3,4.377,4.393
1.21,-15.898,-8.01,-4.3,2.253,0.776
-2.586,-4.691,-3.359,-0.571,0.886,-0.393
-1.304,-5.823,-5.842,1.668,0.988,-0.514
1.589,-18.617,-10.863,4.431,0.308,0.111
-1.124,-20.199,-24.191,4.431,-1.974,-2.617
-10.411,-16.018,-28.535,1.738,0.85,-0.916
-2.546,-18.523,-22.235,-3.553,1.034,0.855
1.148,-20.199,-25.194,-4.3,0.964,1.018
-0.106,-13.728,-7.325,-4.3,-0.806,-0.92
-2.131,-3.391,-9.491,-0.881,-0.734,-0.415
-1.429,-1.511,-14.68,0.587,0.0,0.234
-1.575,-1.995,-15.792,1.223,-0.17,0.458
-2.618,-5.93,-15.176,3.546,-2.403,0.23
