-0.658,-10.285,-9.365,0.0,0.0,0.111
-0.817,-10.234,-9.382,0.0,0.0,0.0
-0.97,-10.243,-9.367,0.0,0.0,-0.112
-1.07,-10.317,-9.565,0.0,0.0,-0.129
-1.053,-10.447,-9.633,0.0,0.0,0.0
-1.288,-10.444,-9.784,0.0,-0.157,0.0
-1.471,-10.614,-9.023,0.0,-0.399,0.0
-6.724,-12.065,-8.492,1.244,-3.744,-0.837
-8.263,-11.884,-11.149,0.633,-4.354,1.299
-10.682,-14.518,-15.964,-0.616,2.84,3.082
-8.246,-20.199,-23.145,-4.3,4.377,4.25
-1.177,-20.019,-13.729,-4.3,2.851,1.241
0.814,-10.206,-5.131,-3.961,0.542,-0.355
-0.618,-5.997,-1.977,-1.232,0.88,-0.344
-0.389,-10.874,-3.468,4.431,1.497,0.0
3.246,-20.199,-22.041,4.431,0.0,-0.382
-4.734,-16.78,-30.119,4.431,-0.516,-2.13
-7.9,-11.292,-30.119,-1.053,0.241,0.119
-3.641,-18.076,-30.119,-4.3,0.824,1.742
1.848,-20.199,-19.149,-4.3,0.828,0.486
0.349,-9.182,-7.462,-4.3,-1.287,-0.91
-3.195,-2.018,-13.378,2.265,-1.58,0.245
-4.229,-3.573,-12.481,1.725,-0.448,0.354
-1.203,-5.839,-16.373,3.192,-1.289,0.564
-1.356,-9.204,-17.073,4.431,-1.707,-0.286
