-1.515,-10.248,-9.011,0.0,0.0,0.0
-1.525,-10.374,-9.049,0.0,0.0,0.0
-1.158,-10.271,-9.19,0.0,0.0,0.0
-1.286,-10.279,-9.25,0.0,0.0,0.0
-1.193,-10.295,-9.239,0.0,0.0,0.0
-1.199,-10.296,-9.188,0.0,0.0,0.0
-1.043,-10.273,-9.384,-0.195,0.0,0.0
-2.386,-10.455,-8.155,0.234,-1.264,-0.286
-6.985,-11.382,-9.344,1.054,-3.025,-0.466
-11.292,-11.789,-14.75,0.288,0.0,1.7
-9.057,-16.279,-19.421,-1.695,1.546,3.473
-3.548,-20.199,-20.648,-4.3,3.869,2.907
-3.199,-19.144,-9.839,-4.3,2.729,0.728
1.757,-9.337,-3.222,-4.043,1.57,-0.641
-0.944,-7.927,-1.263,0.654,1.332,-0.925
1.234,-16.364,-9.201,4.431,1.206,0.27
1.922,-20.199,-25.075,4.431,-0.164,0.0
-5.457,-17.015,-30.119,4.382,0.997,-0.792
-4.068,-16.938,-25.267,-3.171,0.121,0.0
0.132,-20.199,-26.445,-4.3,-0.534,0.902
3.598,-20.199,-12.755,-4.3,-0.33,-0.931
-2.288,-8.052,-1.847,-3.962,-0.569,-0.93
1.539,-2.728,-16.321,0.643,-1.462,0.716
-4.019,-3.531,-16.132,1.769,-0.937,0.69
-2.421,-6.064,-16.599,2.733,-2.048,1.124
