-1.192,-10.455,-9.341,0.0,0.218,-0.203
-1.401,-10.362,-9.138,0.0,0.0,-0.209
-1.358,-10.462,-9.123,0.0,0.0,0.0
-1.144,-10.412,-9.338,0.0,0.141,0.188
-0.734,-10.463,-8.95,0.0,0.0,0.211
-0.435,-10.152,-9.0,0.0,0.0,0.127
0.0,-9.991,-8.878,0.0,-0.347,-0.113
-1.068,-10.472,-7.166,0.715,-1.565,-0.515
-6.227,-9.84,-11.345,0.661,-0.434,-0.206
-15.29,-12.955,-18.233,-0.747,4.25,1.311
-5.195,-19.613,-24.044,-4.3,1.788,2.317
-2.676,-20.199,-20.8,-4.3,2.063,1.684
0.515,-17.318,-8.348,-4.3,0.313,0.0
-1.981,-6.382,2.559,-1.337,-0.673,-0.793
-0.149,-5.31,-5.22,1.27,0.423,-0.805
2.196,-8.327,-9.023,3.493,1.137,-1.151
0.578,-20.199,-23.084,4.431,0.482,-1.276
-6.63,-15.728,-30.119,4.353,1.119,-1.582
-8.638,-10.122,-30.119,-1.065,-0.589,-0.29
-2.649,-14.505,-29.118,-4.3,0.559,1.425
2.063,-18.319,-22.364,-4.3,0.122,0.711
0.753,-9.162,-9.305,-4.3,-0.507,0.0
0.486,-4.355,-0.436,-0.512,1.234,0.0
0.41,-1.849,-14.63,1.523,-0.333,0.234
-3.228,-5.629,-14.622,3.187,-2.398,0.284
