-1.447,-10.638,-9.407,0.0,0.145,0.0
-1.31,-10.395,-9.542,0.0,0.16,0.247
-0.7,-10.304,-9.379,0.0,0.0,0.25
-0.806,-10.265,-9.132,0.0,0.0,0.144
-0.503,-10.38,-9.147,0.0,0.0,0.113
-0.537,-10.157,-8.658,0.0,-0.325,0.0
-0.221,-10.049,-8.95,0.35,-0.697,-0.241
-1.128,-10.563,-8.387,0.293,-0.907,-0.559
-3.39,-10.923,-9.317,0.819,-1.853,-0.427
-10.845,-11.287,-12.329,0.0,-2.26,0.717
-12.362,-15.527,-15.078,-1.019,0.0,3.191
-9.623,-20.199,-20.594,-4.3,4.377,4.393
-0.697,-20.199,-12.755,-4.3,3.801,3.094
2.021,-11.504,-4.574,-4.079,0.8,0.0
0.748,-6.556,-0.189,-1.224,1.009,-0.989
0.129,-11.271,-4.325,4.027,1.547,-0.412
3.092,-20.199,-25.047,4.431,1.359,0.0
-4.235,-15.278,-30.119,4.431,0.894,-1.342
-5.461,-9.315,-30.119,-0.461,0.0,-0.248
-3.306,-15.393,-30.119,-4.3,-0.369,1.068
2.883,-20.199,-19.56,-4.3,0.373,0.265
0.861,-9.269,-6.905,-4.3,-1.229,-0.838
-3.032,-5.04,-5.421,-0.353,-0.53,-0.431
-1.566,-3.987,-15.719,2.486,-0.451,0.935
-2.566,-5.601,-17.442,2.591,-1.706,0.44
