-0.946,-10.241,-9.08,0.0,0.0,0.0
-0.919,-10.273,-9.158,0.0,0.0,0.0
-0.809,-10.243,-9.158,0.0,0.0,0.0
-0.712,-10.335,-9.025,0.0,0.0,0.0
-0.575,-10.336,-8.938,0.0,0.0,0.0
-0.768,-10.313,-8.945,0.0,0.0,0.0
-1.039,-10.326,-8.67,0.111,-0.368,0.0
-1.899,-10.369,-8.672,0.53,-1.775,0.0
-7.213,-10.593,-10.531,0.353,-0.879,0.305
-13.875,-12.983,-12.492,-0.174,-1.105,1.85
-12.277,-18.895,-18.222,-1.915,2.225,3.971
-4.739,-20.199,-19.694,-4.3,4.377,3.951
1.668,-14.611,-4.274,-4.3,1.62,0.579
-1.407,-5.019,-3.512,-1.791,1.895,-0.462
1.908,-8.413,-1.107,1.351,1.217,-1.273
2.162,-20.199,-14.909,4.431,0.735,-0.926
1.91,-20.199,-30.119,4.431,2.128,-1.799
-7.583,-12.297,-29.638,0.0,0.229,-0.446
-5.52,-13.661,-30.119,-2.75,0.0,1.276
5.397,-20.199,-28.161,-4.3,1.026,1.025
-0.318,-15.174,-0.748,-4.3,-0.595,-1.097
0.618,-4.62,-8.909,-1.023,-0.361,0.0
-0.529,-2.434,-15.29,1.471,-1.644,0.303
-3.593,-5.096,-15.105,2.286,-0.998,0.594
-2.263,-7.967,-16.015,4.257,-3.694,0.254
