-0.857,-10.272,-9.123,0.0,0.0,0.0
-1.024,-10.281,-9.183,0.0,0.0,0.0
-0.962,-10.247,-9.329,0.0,0.0,0.0
-1.058,-10.29,-9.254,0.0,0.0,0.0
-0.901,-10.245,-9.063,0.0,0.0,0.0
-1.147,-10.307,-8.735,0.0,0.0,-0.135
-0.992,-10.254,-8.958,0.178,-0.513,-0.189
-2.093,-10.43,-8.156,0.809,-1.567,-0.333
-6.597,-10.104,-10.164,1.296,-2.574,0.0
-14.68,-14.194,-15.724,-1.218,1.712,1.407
-7.933,-20.199,-20.85,-4.273,3.961,3.983
-2.725,-20.199,-16.058,-4.3,2.951,2.295
0.905,-14.812,-9.827,-4.3,2.125,0.245
0.0,-7.619,0.59,-1.935,0.643,-0.622
2.163,-7.912,-1.771,2.22,0.435,-0.781
1.255,-20.199,-12.521,4.431,0.596,-0.671
2.047,-20.199,-30.119,4.431,0.93,-1.216
-8.008,-10.952,-30.119,0.471,-0.565,-0.7
-7.849,-12.855,-28.679,-3.444,0.491,0.865
0.696,-20.199,-27.98,-4.3,0.349,1.657
2.47,-16.017,-11.2,-4.3,-0.378,-0.602
-1.99,-5.244,-4.167,-2.073,-0.389,-0.533
-1.969,-2.721,-13.168,0.929,-0.225,0.361
-2.743,-4.041,-14.843,2.435,-1.397,0.424
-3.72,-7.157,-16.083,4.393,-3.765,-0.224
