-0.655,-10.269,-9.23,0.0,0.0,0.0
-0.871,-10.408,-9.441,0.0,0.0,-0.105
-1.003,-10.298,-9.373,0.0,0.0,0.0
-0.8,-10.359,-9.209,0.0,0.0,0.0
-0.878,-10.319,-9.254,0.0,0.0,0.0
-0.834,-10.39,-9.213,0.0,0.0,0.0
-0.97,-10.301,-9.084,0.122,-0.577,0.0
-3.26,-10.538,-8.636,0.608,-1.538,-0.1
-11.66,-10.813,-11.251,1.188,-3.143,0.595
-12.798,-14.454,-13.061,0.223,-0.661,2.666
-12.859,-20.199,-18.591,-3.937,4.377,4.393
-1.399,-20.199,-11.427,-4.3,4.267,3.398
2.206,-11.848,-1.646,-4.3,2.064,0.177
1.392,-6.048,-2.985,-0.769,1.125,-0.701
1.61,-11.605,-1.552,2.838,1.863,-1.076
1.681,-20.199,-23.362,4.431,0.189,-0.976
-2.759,-16.437,-30.119,3.913,1.945,-1.562
-6.012,-10.386,-30.119,-0.75,-0.303,-0.256
-4.321,-15.664,-30.119,-4.3,-0.447,1.055
5.349,-20.199,-21.517,-4.3,0.177,0.673
-0.423,-10.461,-5.052,-4.3,-0.714,-1.093
-2.744,-4.746,-5.721,0.423,0.277,0.337
-1.355,-3.983,-16.465,2.075,-0.184,0.897
-2.876,-7.088,-14.599,3.238,-2.461,0.866
-3.026,-10.663,-17.448,4.431,-3.816,-0.317
