-0.781,-10.187,-9.288,0.0,0.0,0.0
-0.744,-10.262,-9.317,0.0,0.0,-0.105
-0.797,-10.386,-9.407,0.0,-0.128,-0.181
-0.733,-10.37,-9.308,0.0,0.0,0.0
-0.494,-10.382,-9.207,0.0,0.142,0.0
0.0,-10.287,-9.028,0.0,0.137,0.0
-1.298,-10.392,-7.959,0.206,-0.64,-0.142
-2.084,-10.579,-7.65,0.995,-2.176,0.0
-11.014,-11.111,-9.79,1.325,-1.239,1.225
-12.403,-13.577,-13.447,-0.833,1.543,2.837
-8.455,-20.156,-21.678,-3.831,3.281,3.588
-4.455,-20.199,-17.686,-4.3,4.377,2.392
-1.599,-13.482,-4.832,-4.3,1.862,0.0
-0.683,-3.259,-7.439,-0.555,0.544,-0.103
0.466,-5.566,-3.454,1.9,0.447,-0.841
2.094,-19.041,-11.168,4.431,0.877,-1.56
-0.138,-20.199,-30.119,4.431,0.8,-2.134
-9.939,-11.262,-30.119,0.56,-0.461,-0.962
-6.848,-11.051,-30.119,-2.938,-0.399,1.412
0.568,-19.75,-26.54,-4.3,0.703,2.107
1.237,-15.412,-15.554,-4.3,0.106,0.735
0.165,-5.734,-5.267,-3.415,-0.295,0.0
2.212,-2.255,-13.796,1.732,-2.668,0.253
-3.582,-4.279,-14.499,2.249,-0.384,0.291
-2.29,-9.032,-14.754,4.431,-2.42,0.137
