-1.22,-10.285,-8.528,0.0,0.0,0.0
-1.232,-10.297,-8.562,0.0,0.0,0.0
-1.03,-10.279,-8.512,0.0,0.0,0.0
-0.787,-10.195,-8.788,0.0,0.0,0.0
-0.861,-10.238,-8.327,0.207,-0.502,0.0
-1.254,-10.392,-7.332,0.151,-0.297,0.0
-1.351,-10.256,-8.133,0.186,-0.527,0.0
-3.876,-10.208,-8.688,0.52,-1.021,0.164
-9.963,-10.599,-10.521,-0.366,-0.218,0.922
-15.255,-15.662,-14.765,-1.147,0.502,3.507
-12.604,-20.199,-23.516,-4.3,3.616,4.393
-1.068,-20.199,-10.759,-4.3,2.936,4.045
5.64,-13.146,5.556,-2.156,2.563,0.197
3.464,-5.444,0.453,0.0,2.363,-0.389
2.584,-12.136,-7.077,4.431,2.017,-0.455
2.831,-20.199,-26.578,4.431,0.956,-1.142
-1.033,-14.737,-30.119,3.543,1.437,-1.74
-5.263,-8.614,-29.591,-1.094,0.899,-0.177
-1.394,-13.381,-30.119,-3.743,-0.159,1.158
5.552,-20.199,-25.837,-4.3,-0.106,0.906
1.75,-13.393,-8.344,-4.3,-1.625,-1.051
-2.595,-6.036,1.933,0.203,1.463,0.0
0.47,-1.6,-20.133,1.513,0.0,0.832
-3.481,-4.891,-12.88,2.464,-2.398,0.507
-2.849,-8.022,-13.458,4.431,-2.553,0.0
