-1.076,-10.364,-9.539,0.0,0.0,0.0
-1.143,-10.334,-9.498,0.0,0.0,0.0
-1.029,-10.313,-9.463,0.0,0.0,0.0
-0.967,-10.332,-9.42,0.0,0.0,0.0
-0.834,-10.329,-9.408,0.0,0.0,0.0
-0.787,-10.266,-9.293,0.0,-0.112,0.0
-0.888,-10.133,-9.043,0.112,0.0,0.183
-3.61,-10.943,-8.957,0.681,-0.907,-0.165
-7.632,-10.662,-11.347,0.697,-2.378,0.304
-12.131,-13.032,-13.803,0.0,-3.067,1.786
-9.345,-17.982,-17.835,-1.672,-0.176,4.074
-6.361,-19.818,-19.115,-4.3,4.377,4.393
-2.513,-14.487,-9.022,-4.3,3.521,1.334
1.892,-7.105,-6.979,-2.664,0.92,-0.276
-0.226,-6.416,-2.5,-0.556,1.446,-1.02
0.457,-12.868,-7.917,4.431,1.512,-0.377
3.123,-20.199,-26.06,4.431,0.387,-0.384
-4.819,-13.93,-30.119,4.029,0.253,-1.5
-4.936,-10.235,-29.727,-0.978,-0.205,0.0
-2.009,-15.878,-29.846,-4.3,0.114,1.243
5.406,-19.65,-21.244,-4.3,0.0,0.588
1.087,-9.324,-8.67,-4.3,-1.272,-0.805
-2.984,-6.11,2.357,0.525,-0.832,-0.209
-2.631,-4.144,-11.867,1.355,0.0,0.299
-1.859,-5.262,-17.005,3.177,-1.785,0.508
