-1.1,-10.328,-9.441,0.0,0.0,0.0
-1.145,-10.326,-9.401,0.0,0.0,0.0
-1.088,-10.313,-9.282,0.0,0.0,0.0
-1.098,-10.336,-9.339,0.0,0.0,0.0
-1.162,-10.378,-9.362,0.0,0.0,0.0
-1.23,-10.28,-9.54,0.0,0.0,0.0
-1.041,-10.268,-9.505,0.0,0.0,0.0
-3.423,-10.618,-10.305,0.309,-0.664,-0.178
-11.196,-11.821,-11.339,1.134,-3.165,0.414
-12.969,-14.865,-15.771,-0.231,-1.471,2.826
-9.741,-20.199,-19.223,-3.691,3.341,4.393
-4.645,-20.199,-14.596,-4.3,4.377,3.095
1.326,-11.113,-4.019,-4.3,1.843,-0.17
-0.713,-5.426,-3.794,-0.845,0.793,-0.678
-0.146,-9.481,-0.685,2.488,1.722,-0.684
4.663,-20.199,-21.226,4.431,1.143,-0.267
-2.758,-18.93,-30.119,4.431,0.166,-1.63
-8.264,-11.966,-30.119,-0.548,-0.156,0.0
-2.689,-19.553,-30.119,-4.3,0.547,1.295
4.837,-20.199,-17.772,-4.3,0.116,0.0
-2.785,-9.552,-0.2,-3.445,-0.885,-0.895
-2.359,-3.453,-9.044,0.0,0.359,0.171
-1.052,-3.446,-15.048,2.014,-0.628,0.783
-2.091,-6.138,-14.771,3.474,-2.868,0.524
-3.436,-9.489,-16.467,4.431,-3.513,-0.69
