-1.806,-9.892,-8.248,0.0,0.0,0.286
-1.7,-9.883,-8.026,-0.101,0.0,0.215
-1.616,-9.86,-7.954,0.0,0.0,0.106
-1.703,-9.883,-7.989,0.0,0.0,0.0
-1.861,-9.913,-8.109,0.0,0.0,-0.107
-1.947,-9.902,-8.175,0.0,0.0,-0.137
-2.076,-9.846,-8.26,0.0,0.0,-0.137
-2.147,-9.783,-8.435,0.0,0.0,-0.121
-2.222,-10.028,-11.155,-0.103,1.635,-0.671
-13.646,-11.958,-15.981,-0.563,3.32,0.435
-10.323,-16.207,-19.26,-3.649,2.851,3.242
-7.849,-17.077,-19.288,-4.29,2.623,2.523
-4.299,-13.261,-16.614,-4.29,2.044,1.003
-1.838,-8.435,-9.898,-3.946,0.884,0.645
0.552,-0.986,-24.584,-2.117,0.784,-0.345
-0.677,-1.143,-18.034,4.016,0.324,-0.125
-3.444,-3.612,-26.811,3.947,0.151,-0.535
-5.851,-3.285,-31.012,-0.557,0.0,-0.237
-4.032,-3.918,-23.776,-3.665,0.201,0.232
3.578,1.117,-15.561,3.516,0.167,1.626
-1.892,-5.009,-6.825,2.205,-1.158,0.0
-5.885,-4.618,-10.269,2.728,-4.354,-0.634
-7.139,-9.334,-12.538,3.252,-4.354,-3.809
-5.801,-12.204,-10.769,0.253,-4.354,-4.373
-7.019,-16.484,-7.157,-1.158,-1.595,-4.373
