-1.506,-9.651,-6.927,0.0,0.0,0.0
-1.487,-9.676,-6.861,0.0,0.0,0.0
-1.454,-9.64,-6.995,0.0,0.0,0.0
-1.367,-9.526,-7.117,0.0,0.0,0.0
-1.28,-9.605,-6.955,0.0,0.0,0.0
-1.237,-9.577,-6.973,0.0,0.0,0.0
-1.342,-9.568,-6.964,0.0,0.0,0.0
-1.644,-9.479,-7.218,0.0,0.0,-0.107
-1.937,-10.239,-10.493,-0.354,1.892,-0.67
-18.316,-13.944,-17.705,-3.267,3.596,0.379
-6.438,-19.929,-21.424,-4.29,1.612,3.902
-5.028,-19.929,-16.903,-4.29,0.739,2.872
-1.021,-12.222,-8.71,-4.29,0.887,1.709
0.0,-5.845,-0.685,-0.754,0.157,0.2
-0.862,-6.199,-5.772,2.368,-0.514,-0.871
-2.818,-14.488,-9.007,4.44,-0.21,-2.184
-3.064,-19.929,-23.224,4.44,1.051,-3.17
-12.251,-15.751,-29.452,3.102,-0.745,-0.972
-11.344,-14.196,-30.949,-3.318,1.033,0.8
-5.73,-18.849,-23.311,-4.29,0.304,2.116
-2.521,-14.806,-9.607,-4.29,-0.453,1.698
-0.86,-7.19,-4.679,-2.598,0.0,0.827
-0.228,-4.887,-3.849,1.248,-0.585,0.0
-2.942,-8.754,-7.861,3.724,-2.783,-1.673
-7.47,-17.822,-12.319,4.44,-4.354,-4.118
