-2.253,-9.805,-7.942,0.0,0.0,0.0
-2.167,-9.803,-7.886,0.0,0.0,0.0
-2.093,-9.796,-7.867,0.0,0.0,0.0
-1.978,-9.726,-7.905,0.0,0.0,0.0
-2.129,-9.746,-7.964,0.0,0.0,0.0
-2.13,-9.779,-8.0,0.0,0.0,0.0
-2.305,-9.771,-8.014,0.0,0.0,0.0
-3.197,-9.677,-9.157,-0.253,0.717,-0.138
-9.062,-11.518,-11.447,-0.269,1.325,-0.122
-11.885,-12.99,-17.213,-2.824,3.146,2.554
-10.056,-15.395,-20.372,-3.714,3.013,3.37
-6.203,-15.001,-17.391,-4.29,3.058,2.38
-3.552,-10.707,-11.47,-4.29,1.29,0.623
0.0,-0.593,-16.794,3.092,1.215,0.874
-0.95,-4.211,-11.268,3.978,0.47,0.233
-3.395,-2.261,-21.733,3.512,-0.15,-0.287
-5.767,-2.974,-31.012,0.346,0.121,-0.275
-5.166,-3.213,-25.419,-3.746,-0.113,0.0
5.032,2.731,-24.868,3.719,0.506,1.06
-2.172,-4.944,-8.827,2.735,-1.463,0.118
-4.33,-4.927,-9.366,2.229,-4.354,-0.722
-8.403,-8.03,-11.091,3.062,-4.354,-2.721
-6.384,-11.601,-10.935,0.613,-4.354,-4.373
-11.125,-13.799,-7.267,-0.466,-0.744,-4.373
-4.697,-14.86,-7.623,-0.166,-1.47,-3.141
