-1.281,-9.607,-7.023,0.0,0.0,0.0
-1.068,-9.507,-6.918,0.0,0.0,0.0
-0.956,-9.535,-6.819,0.0,0.0,0.0
-0.901,-9.57,-6.643,0.0,0.0,0.0
-0.95,-9.5,-6.637,0.0,0.0,0.0
-1.065,-9.56,-6.645,0.0,0.0,0.0
-0.956,-9.613,-6.633,0.0,0.0,0.0
-0.915,-9.452,-6.698,0.0,0.0,0.0
-1.056,-9.901,-9.624,-0.116,1.082,-0.689
-11.759,-12.18,-12.387,-0.872,2.751,-0.394
-10.815,-16.435,-16.132,-2.898,0.0,3.833
-9.568,-19.331,-17.091,-4.29,2.265,3.762
-3.353,-16.994,-11.486,-4.29,1.314,3.418
0.294,-9.469,0.0,-3.205,1.533,1.776
0.841,-5.874,-5.044,0.574,1.157,-0.153
0.169,-9.437,-7.608,3.579,-0.546,-1.358
-4.628,-16.901,-12.497,4.44,-0.618,-2.459
-9.216,-19.929,-25.401,4.44,0.498,-1.853
-12.234,-14.399,-31.012,1.196,0.329,0.0
-10.009,-18.936,-29.04,-4.29,0.647,0.599
-5.715,-19.929,-21.163,-4.29,0.363,1.648
-2.647,-14.649,-5.825,-4.29,-0.405,1.901
2.92,-7.308,-0.211,-0.63,0.0,0.585
-0.993,-5.594,-5.742,1.639,-0.895,-1.047
-4.767,-12.936,-7.934,4.44,-3.465,-2.409
