-1.376,-9.552,-6.664,0.0,0.0,0.0
-1.255,-9.498,-6.821,0.0,0.0,0.0
-1.497,-9.605,-6.623,0.0,0.0,0.0
-1.507,-9.589,-6.704,0.0,0.0,0.0
-1.643,-9.599,-6.913,0.0,0.0,0.0
-1.578,-9.632,-6.843,0.0,0.0,0.0
-1.428,-9.433,-6.914,0.0,0.0,0.0
-0.925,-9.22,-8.705,-0.168,0.53,-0.418
-10.494,-13.063,-12.706,-1.14,4.376,-1.6
-11.245,-18.658,-18.83,-3.71,1.83,3.253
-6.201,-19.929,-21.461,-4.29,2.613,2.556
-2.046,-16.902,-9.071,-4.29,0.264,2.396
-1.062,-8.655,-2.518,-2.319,0.0,0.793
1.501,-4.497,-3.802,0.999,-0.683,0.0
0.521,-7.434,-6.649,4.031,-0.801,-1.619
-6.229,-17.633,-19.662,4.44,0.8,-4.268
-16.276,-19.929,-31.012,4.44,0.761,-3.52
-12.736,-14.028,-31.012,-2.683,0.958,1.396
-6.698,-17.654,-24.517,-4.29,1.034,2.997
-3.258,-12.464,-10.505,-4.29,0.181,2.494
2.109,-6.549,-0.647,-1.099,-0.418,0.899
-1.742,-4.465,-4.826,2.243,-1.487,-0.683
-5.518,-9.881,-9.916,4.44,-4.163,-2.603
-5.383,-18.883,-12.465,3.8,-4.354,-4.373
-7.948,-19.679,-9.008,2.344,-2.477,-4.373
