-1.256,-9.769,-7.758,0.0,0.0,0.0
-1.305,-9.792,-7.699,0.0,0.0,0.0
-1.333,-9.813,-7.603,0.0,0.0,0.0
-1.391,-9.804,-7.648,0.0,0.0,0.0
-1.534,-9.825,-7.619,0.0,0.0,0.0
-1.452,-9.819,-7.763,0.0,0.0,0.0
-1.334,-9.834,-7.742,0.0,0.0,0.0
-1.294,-9.731,-7.723,0.0,0.0,0.0
-1.539,-9.99,-11.05,-0.276,1.42,-0.535
-19.002,-14.105,-17.386,-1.81,2.648,1.126
-11.747,-19.929,-25.104,-4.29,4.376,4.194
-2.531,-19.929,-12.798,-4.29,0.811,3.537
-0.476,-12.282,0.653,-4.092,0.899,1.648
0.81,-5.338,-2.029,0.582,-0.321,0.212
-0.535,-6.477,-6.116,3.488,-0.473,-1.604
-4.037,-15.614,-28.738,4.44,0.337,-3.056
-18.412,-14.358,-31.012,2.892,0.193,-0.14
-10.904,-13.702,-29.78,-4.29,-0.219,0.975
-3.039,-12.572,-16.326,-4.29,0.0,1.358
-0.227,-8.692,-3.761,-3.069,-0.107,0.559
0.0,-5.279,-4.492,0.463,-0.352,-0.208
-4.124,-8.824,-7.519,4.44,-3.391,-1.673
-7.512,-15.35,-15.179,4.44,-4.354,-4.373
-10.784,-19.909,-11.275,2.922,-1.329,-4.373
-6.187,-19.049,-9.935,0.74,-2.75,-4.236
