-1.64,-9.687,-7.337,0.0,0.0,0.0
-1.515,-9.72,-7.202,0.0,0.0,0.0
-1.496,-9.692,-7.298,0.0,0.0,0.0
-1.449,-9.732,-7.234,0.0,0.0,0.0
-1.462,-9.755,-7.17,0.0,0.0,0.0
-1.365,-9.537,-7.271,0.0,0.0,0.0
-1.626,-9.529,-7.193,0.0,0.0,-0.143
-2.399,-8.938,-9.355,0.232,-0.469,-0.244
-6.246,-13.008,-9.973,-1.432,2.549,-0.997
-16.742,-16.701,-19.063,-2.83,2.614,2.278
-6.466,-19.929,-21.248,-4.29,2.643,4.357
-1.847,-16.027,-10.534,-4.29,0.941,3.035
0.737,-8.186,-3.274,-2.31,1.136,1.766
0.535,-5.089,-4.665,0.964,-0.866,-0.487
-0.364,-8.85,-8.184,4.115,-3.007,-2.534
-9.94,-17.967,-22.571,4.44,0.924,-4.373
-13.95,-15.435,-27.483,2.628,0.485,-1.806
-13.865,-14.327,-29.934,-2.643,-0.18,1.424
-7.261,-17.377,-23.113,-4.29,1.149,2.819
-1.074,-12.796,-10.165,-4.29,0.684,2.561
-1.152,-5.757,0.614,-1.493,-0.692,0.776
-2.14,-5.056,-7.317,3.152,-1.576,-0.578
-2.403,-10.615,-13.581,4.44,-2.395,-2.86
-10.026,-18.336,-15.215,4.44,-4.354,-4.373
-5.775,-16.878,-10.166,0.532,-4.354,-4.35
