-1.408,-9.578,-6.591,0.0,0.0,0.119
-1.299,-9.482,-6.6,0.0,0.0,0.0
-1.51,-9.473,-6.871,0.122,0.0,-0.144
-1.795,-9.534,-6.991,0.0,0.0,-0.174
-0.661,-10.121,-10.658,-0.143,1.542,-0.781
-13.84,-12.087,-15.261,-1.883,4.164,-0.682
-9.715,-17.763,-20.999,-3.801,1.345,3.051
-7.898,-19.929,-19.294,-4.29,2.193,2.774
-2.044,-13.873,-9.234,-4.29,0.477,1.949
0.151,-7.511,-4.011,-1.701,-0.294,0.889
-0.581,-5.473,-4.8,1.199,-0.418,-0.542
-2.32,-9.683,-8.249,4.197,-0.317,-1.666
-4.554,-15.86,-18.853,4.44,-0.568,-3.134
-16.174,-16.029,-29.042,4.44,-0.463,-2.177
-13.669,-11.534,-30.087,-0.653,0.883,0.0
-9.73,-15.721,-24.775,-4.29,0.83,1.961
-5.155,-17.129,-18.713,-4.29,0.646,2.232
-1.123,-11.789,-9.299,-4.29,0.25,1.632
-0.989,-5.824,-3.967,-1.165,0.0,0.411
-3.322,-5.234,-5.694,1.99,-1.695,-0.53
-3.377,-10.332,-11.383,4.44,-3.978,-2.515
-7.5,-16.01,-14.019,4.44,-4.354,-4.373
-7.076,-17.381,-9.797,1.697,-4.354,-4.373
-9.991,-15.83,-4.836,-0.301,2.305,-3.204
-6.653,-9.992,-7.485,-0.16,2.085,0.189
