-1.759,-9.641,-7.159,0.0,0.0,0.0
-1.808,-9.664,-7.346,0.0,0.0,0.0
-2.035,-9.64,-7.09,0.0,0.0,0.0
-1.97,-9.633,-7.2,0.0,0.0,0.0
-1.827,-9.619,-7.206,0.0,0.0,0.0
-1.887,-9.671,-7.162,0.0,0.0,0.0
-1.806,-9.641,-7.22,0.0,0.0,0.0
-1.719,-9.616,-6.928,0.0,0.0,0.0
-1.555,-9.821,-7.004,0.157,-0.157,-0.109
-7.197,-12.186,-14.146,-0.447,3.403,-1.072
-13.938,-17.591,-20.197,-4.0,3.699,2.442
-5.277,-19.929,-20.324,-4.29,1.488,2.563
-2.18,-15.841,-11.984,-4.29,0.114,1.609
-2.296,-9.395,-4.094,-3.568,0.484,0.806
-0.593,-4.757,-3.752,0.29,0.0,0.129
-1.478,-7.33,-6.543,3.447,0.0,-1.328
-4.625,-16.644,-20.215,4.44,0.263,-2.264
-10.447,-14.617,-31.012,3.538,-0.802,-0.731
-9.885,-14.144,-31.012,-3.863,0.0,0.333
-6.452,-14.643,-20.797,-4.29,0.231,1.261
-2.774,-10.335,-5.609,-4.29,-0.232,1.324
0.0,-5.862,-3.418,0.0,0.0,0.367
-4.347,-6.183,-6.402,2.631,-3.772,-0.819
-5.962,-13.129,-11.699,4.44,-4.354,-3.927
-8.318,-16.727,-11.439,2.431,-0.866,-4.373
