-1.17,-9.627,-6.924,0.0,0.0,0.0
-1.26,-9.61,-6.986,0.0,0.0,0.0
-1.212,-9.684,-7.162,0.0,0.0,0.0
-1.308,-9.626,-7.101,0.0,0.0,0.0
-1.28,-9.664,-7.016,0.0,0.0,0.0
-1.045,-9.58,-6.987,0.0,0.0,0.0
-1.097,-9.619,-6.798,0.0,0.0,0.0
-1.224,-9.556,-7.025,0.0,0.0,0.0
-1.972,-9.574,-8.341,0.0,0.273,-0.28
-10.088,-12.554,-12.656,-0.413,2.444,-0.647
-14.729,-19.851,-22.321,-4.29,3.412,3.04
-7.251,-19.929,-18.899,-4.29,2.01,3.671
-1.194,-15.615,-6.798,-4.29,0.816,2.09
1.055,-7.963,-2.692,-1.916,0.0,0.706
0.676,-4.855,-3.731,1.946,-0.951,0.0
-1.406,-9.586,-8.945,4.292,0.298,-1.817
-5.451,-18.911,-23.299,4.44,2.257,-2.435
-9.091,-17.657,-31.012,3.856,-0.251,-1.198
-7.943,-17.534,-31.012,-4.29,-0.45,0.82
-4.956,-16.944,-17.256,-4.29,-0.324,1.604
-0.907,-10.84,-4.522,-4.039,0.13,1.297
0.185,-5.338,-0.829,0.0,0.0,0.185
-3.938,-5.99,-7.115,3.409,-4.084,-0.714
-7.458,-15.366,-9.563,4.44,-4.354,-3.89
-4.782,-19.929,-13.026,2.701,-4.354,-4.373
