-1.444,-9.641,-7.135,0.0,0.0,0.0
-1.669,-9.714,-7.28,0.0,0.0,-0.114
-1.782,-9.73,-7.331,0.0,0.0,0.0
-1.762,-9.7,-7.298,0.0,0.0,0.0
-1.51,-9.688,-7.301,0.0,0.0,0.0
-1.5,-9.704,-7.176,0.0,0.0,0.0
-1.415,-9.683,-7.088,0.0,0.0,0.0
-1.762,-9.653,-7.168,0.0,0.0,0.0
-4.291,-10.259,-10.166,-0.164,0.922,-0.553
-11.97,-12.738,-16.609,-1.827,3.422,0.955
-12.658,-18.696,-21.292,-4.29,3.149,3.635
-7.358,-19.3,-18.046,-4.29,2.077,2.606
-2.095,-12.783,-10.402,-4.29,0.796,1.505
-1.218,-7.697,-8.131,-2.545,0.425,1.043
-0.101,-4.373,-5.266,-0.136,-0.53,-0.374
-1.667,-5.469,-6.873,3.181,-0.563,-1.24
-4.84,-11.848,-17.521,4.44,-0.412,-2.019
-10.67,-11.56,-31.012,3.542,-0.532,-1.522
-13.671,-10.212,-31.012,-0.882,0.281,0.167
-8.259,-12.577,-26.581,-4.29,0.507,1.235
-2.221,-9.892,-7.244,-4.29,-0.945,1.363
0.381,-5.748,-3.331,0.149,-0.602,0.416
-3.82,-4.924,-7.854,1.504,-3.848,-0.65
-2.638,-9.785,-12.488,3.643,-4.354,-3.504
-8.348,-14.837,-7.873,0.386,-3.755,-4.373
