-2.342,-9.811,-8.142,0.0,0.0,0.0
-2.284,-9.778,-8.208,0.0,0.0,0.0
-2.244,-9.79,-8.105,0.0,0.0,0.0
-2.292,-9.82,-8.122,0.0,0.0,0.0
-2.336,-9.837,-8.084,0.0,0.0,0.0
-2.228,-9.822,-8.088,0.0,0.0,0.0
-2.14,-9.813,-8.046,0.0,0.0,0.0
-2.077,-9.759,-8.048,0.0,0.0,0.0
-1.825,-9.728,-11.601,-0.17,1.785,-0.594
-15.516,-11.958,-14.713,-1.066,2.076,0.784
-10.259,-14.769,-20.853,-3.499,3.136,3.212
-8.689,-16.069,-20.007,-4.29,2.628,3.033
-4.37,-12.427,-14.629,-4.29,1.443,1.416
-2.136,-8.176,-11.948,-3.922,0.905,0.117
1.47,-3.273,-25.69,-4.29,0.568,-0.851
-0.654,-0.178,-18.8,3.441,0.349,-0.403
-4.591,-2.705,-27.117,3.68,0.665,-0.738
-7.609,-3.182,-31.012,-1.472,0.0,-0.161
-6.205,-1.292,-17.799,-4.29,0.498,0.432
-3.036,-7.343,-14.194,-4.29,-1.989,-0.349
-4.916,-2.452,-12.405,0.593,-3.09,0.0
-4.9,-5.835,-11.03,1.963,-4.354,-1.863
-6.325,-9.324,-11.981,1.541,-4.354,-2.62
-9.606,-16.321,-7.813,-2.01,0.828,-4.373
-9.213,-16.298,-6.962,-0.488,0.315,-4.373
