-1.433,-9.839,-7.778,0.0,0.0,0.0
-1.467,-9.811,-7.777,0.0,0.0,0.0
-1.579,-9.866,-7.717,0.0,0.0,0.0
-1.42,-9.817,-7.783,0.0,0.0,0.0
-1.422,-9.865,-7.69,0.0,0.0,0.0
-1.367,-9.881,-7.681,0.0,0.0,0.0
-1.263,-9.893,-7.473,0.0,0.0,0.0
-1.061,-9.712,-7.595,0.0,0.0,0.0
-1.415,-9.756,-9.277,0.0,0.454,-0.437
-9.735,-12.056,-12.527,0.0,4.287,0.0
-9.842,-13.871,-19.382,-2.471,3.383,2.931
-9.028,-17.857,-19.743,-4.29,2.119,2.338
-5.469,-15.857,-18.172,-4.29,1.101,1.24
-4.831,-11.966,-15.412,-4.29,0.992,0.794
-4.689,-10.03,3.578,4.44,-0.248,0.329
-7.397,-8.353,6.376,-0.393,0.72,0.0
-3.595,-0.467,-13.0,2.335,0.413,-0.392
-4.567,-2.759,-21.962,3.581,0.21,-0.504
-6.112,-3.194,-30.644,2.18,0.513,-0.148
-5.034,-4.302,-31.012,-0.932,0.232,0.0
-4.516,-4.754,-25.09,-3.735,0.289,0.236
-12.632,-13.52,8.213,0.32,-4.354,0.0
-10.475,-6.537,0.0,-4.29,-0.441,-1.469
-2.178,-0.338,-9.513,-0.426,-0.256,0.0
-3.57,-2.72,-10.745,1.522,-0.808,-1.202
