-1.257,-9.837,-7.691,0.0,0.0,0.142
-1.195,-9.689,-7.805,0.0,0.0,0.0
-1.385,-9.749,-7.547,0.0,0.0,0.0
-1.675,-9.837,-7.643,0.0,0.0,-0.13
-1.727,-9.835,-7.582,0.0,0.0,0.0
-1.575,-9.786,-7.582,0.0,0.0,0.0
-1.54,-9.768,-7.596,0.0,0.0,0.0
-2.529,-9.823,-9.266,-0.111,0.214,-0.551
-10.705,-10.98,-13.162,-0.788,2.638,0.0
-11.141,-16.643,-19.256,-3.292,3.459,3.093
-9.249,-18.344,-19.206,-4.29,3.027,2.813
-3.811,-15.544,-14.753,-4.29,0.935,1.631
-3.389,-10.206,-7.267,-3.574,0.0,1.034
0.419,-5.836,-6.792,-1.238,0.199,0.968
-0.498,-2.873,-5.966,1.176,-0.39,-0.852
-4.529,-6.767,-10.512,4.384,-0.432,-1.687
-6.86,-13.785,-23.829,4.44,0.0,-2.065
-10.736,-12.449,-31.012,1.737,0.543,0.0
-7.625,-11.748,-31.012,-4.29,-0.331,0.39
-4.871,-11.571,-16.555,-4.29,-0.311,1.463
-1.213,-7.616,-4.167,-3.33,-0.791,0.98
0.33,-5.009,-4.338,0.896,0.165,0.0
-4.081,-6.4,-8.177,2.934,-4.315,-1.426
-8.563,-12.048,-11.391,4.44,-4.354,-4.373
-6.762,-17.329,-11.062,1.333,-4.354,-4.373
