-1.236,-9.51,-6.733,0.0,0.0,0.0
-1.247,-9.501,-6.687,0.0,0.0,0.0
-1.298,-9.531,-6.694,0.0,0.0,0.0
-1.238,-9.549,-6.591,0.0,0.0,0.0
-1.326,-9.554,-6.551,0.0,0.0,0.0
-1.081,-9.5,-6.534,0.0,0.0,0.0
-1.169,-9.525,-6.392,0.0,0.0,0.0
-1.762,-9.718,-7.141,0.0,0.158,-0.112
-7.087,-10.88,-11.968,-1.124,3.062,-0.599
-13.608,-15.297,-15.946,-2.242,1.183,2.124
-8.967,-18.536,-18.869,-4.29,2.839,3.559
-5.387,-16.32,-13.429,-4.29,1.33,2.762
-1.213,-11.43,-9.057,-4.29,1.101,0.675
-1.3,-6.522,-6.634,-2.199,0.626,0.673
-0.222,-4.108,-5.872,1.185,-0.381,-0.336
-2.873,-7.801,-9.654,3.864,-0.168,-1.183
-5.867,-12.824,-20.135,4.44,-0.3,-1.7
-12.722,-12.019,-31.012,3.134,-0.681,-1.019
-11.16,-10.967,-31.012,-2.376,0.717,0.738
-6.923,-13.156,-24.258,-4.29,0.464,1.5
-2.786,-9.918,-10.887,-4.29,-0.571,1.331
0.592,-5.152,-4.216,-1.289,-0.251,0.63
-1.656,-3.177,-10.357,1.118,0.297,0.0
-2.694,-7.495,-7.638,3.031,-1.23,-0.979
-5.694,-15.075,-11.228,4.44,-4.354,-2.572
