-1.543,-9.591,-6.526,0.0,0.0,0.0
-1.326,-9.476,-6.792,0.0,0.0,0.0
-1.067,-9.519,-6.47,0.0,0.0,0.0
-0.942,-9.517,-6.494,0.0,0.0,0.0
-0.977,-9.427,-6.388,0.0,0.0,0.0
-1.274,-9.491,-6.344,0.0,0.0,0.0
-1.26,-9.455,-6.635,0.0,0.0,0.0
-1.427,-9.462,-6.673,0.0,0.0,0.0
-1.354,-10.135,-9.291,0.0,1.048,-0.441
-13.068,-11.676,-14.567,-1.935,3.827,0.151
-10.663,-17.492,-19.974,-4.117,2.745,2.588
-6.612,-19.929,-19.458,-4.29,1.464,2.902
-3.078,-14.911,-9.582,-4.29,0.348,2.006
-0.734,-7.637,-4.381,-2.481,0.275,0.819
0.974,-5.435,-1.655,0.816,0.0,-0.592
-1.401,-9.022,-7.935,4.222,-0.732,-1.738
-8.441,-16.722,-19.785,4.44,-0.764,-2.861
-15.348,-16.287,-29.646,4.44,-1.189,-1.522
-11.241,-13.07,-31.012,-0.418,0.996,0.236
-8.259,-19.066,-26.206,-4.29,0.67,1.414
-5.359,-18.301,-15.553,-4.29,0.244,1.938
0.495,-10.89,-0.806,-4.29,-0.675,1.583
0.898,-5.663,-1.763,1.014,-0.446,0.0
-4.961,-7.112,-7.259,3.432,-2.793,-1.409
-7.985,-12.935,-11.238,4.44,-4.354,-4.079
