-1.159,-9.598,-6.787,0.0,0.0,0.0
-1.139,-9.579,-6.83,0.0,0.0,0.0
-1.205,-9.566,-6.95,0.0,0.0,0.0
-1.249,-9.558,-6.86,0.0,0.0,0.0
-1.109,-9.552,-6.813,0.0,0.0,0.0
-1.411,-9.705,-6.764,0.0,0.0,0.0
-1.148,-9.535,-6.754,0.0,0.0,0.0
-1.077,-9.477,-6.903,0.0,0.0,0.0
-0.532,-10.479,-10.712,-0.324,2.326,-0.636
-12.79,-11.772,-14.726,-1.033,3.225,0.765
-9.764,-17.518,-18.465,-4.079,3.093,2.433
-8.344,-19.743,-18.421,-4.29,0.426,2.634
-1.535,-13.645,-10.462,-4.29,0.315,1.828
-1.014,-7.153,-8.653,-2.655,0.557,0.979
0.0,-2.265,-11.034,0.405,0.0,0.174
-3.952,-4.262,-10.028,3.175,-0.148,-1.394
-5.977,-9.663,-17.177,4.44,0.438,-2.136
-10.884,-13.752,-28.101,4.44,0.304,-2.326
-11.117,-12.475,-31.012,2.441,0.425,-0.559
-9.049,-14.237,-30.036,-3.481,1.073,0.646
-5.881,-15.042,-19.885,-4.29,0.608,1.515
-1.747,-9.635,-4.092,-4.29,-0.79,1.269
0.327,-4.673,-2.676,-0.16,0.14,0.0
-0.727,-6.479,-6.624,2.579,-0.13,-1.016
-5.403,-13.282,-12.169,4.44,-1.641,-2.208
