-1.302,-9.572,-10.34,0.0,0.266,0.0
-1.48,-9.417,-10.438,0.0,0.197,0.0
-1.494,-9.446,-10.536,0.0,0.159,0.0
-1.484,-9.402,-10.613,0.0,0.168,0.0
-1.594,-9.403,-10.633,0.0,0.172,0.0
-1.766,-9.487,-10.437,0.0,0.0,0.0
-1.62,-9.401,-10.487,0.0,0.0,0.0
-1.951,-9.439,-10.583,-0.156,-0.189,-0.125
-3.499,-10.589,-11.232,0.0,-0.16,-0.595
-11.159,-11.181,-16.887,0.809,-1.687,0.72
-7.685,-15.69,-21.546,-3.298,0.647,3.343
-7.622,-19.303,-24.879,-4.299,2.495,3.818
10.028,-14.902,-3.156,-4.299,-1.22,0.515
0.942,-9.241,2.683,0.326,0.667,-0.706
1.553,-7.333,-9.891,4.431,1.064,-0.556
0.816,-14.486,-19.352,4.431,2.638,-2.324
-10.732,-18.095,-30.049,4.431,-1.04,-2.485
-10.696,-13.307,-30.049,-3.223,0.631,1.351
-2.696,-13.805,-27.744,-4.299,-0.366,2.62
0.295,-11.142,-15.028,-4.299,-0.501,2.233
-2.581,-8.345,-1.868,-3.961,-0.151,0.364
-2.545,-3.632,-7.568,1.39,0.507,0.123
0.195,-8.558,-12.592,4.431,-2.488,-2.041
-4.797,-12.562,-19.176,4.431,-2.112,-3.13
-6.254,-15.337,-19.73,3.868,-2.546,-4.337
