-0.858,-9.579,-10.305,0.0,-0.267,0.0
-0.704,-9.243,-10.347,-0.136,-0.12,0.0
-1.6,-10.464,-9.609,0.533,0.149,-0.765
-5.637,-10.78,-12.683,1.142,2.652,0.9
-2.543,-9.816,-16.147,-0.359,2.571,2.0
-1.347,-11.026,-16.88,-3.176,2.441,0.568
-1.111,-11.894,-15.943,-2.98,-3.491,-0.146
-2.108,-12.465,-19.541,-3.84,0.897,-0.791
-3.202,-12.299,-21.768,-4.299,0.223,0.0
-4.896,-8.085,-6.627,-4.299,1.088,0.0
2.743,-1.883,-11.609,1.828,-0.908,0.142
-1.827,-4.858,-7.753,3.168,-0.508,-0.349
4.742,-13.068,-19.688,4.431,2.108,-1.048
1.269,-18.721,-19.248,4.431,0.346,-1.452
-4.417,-16.243,-25.105,4.021,-0.95,-1.091
-4.485,-10.837,-22.364,-1.97,0.875,0.153
-4.051,-11.717,-22.211,-1.689,-1.114,1.305
1.167,-15.605,-24.602,-4.299,-0.757,1.035
0.598,-12.763,-14.851,-4.299,-0.163,0.705
-1.223,-7.301,-5.786,-4.189,0.147,-0.476
-0.255,-3.536,-8.987,1.411,-0.269,-0.4
-2.065,-7.008,-9.7,4.431,-0.923,-0.32
-2.564,-12.623,-21.532,4.431,0.985,-1.033
-2.854,-14.23,-19.244,4.377,-0.61,-0.627
-3.585,-13.143,-16.675,3.772,-3.474,-1.235
