-1.296,-9.532,-10.632,0.0,0.0,0.0
-1.246,-9.475,-10.617,0.0,0.0,0.0
-1.331,-9.483,-10.57,0.0,0.0,0.0
-1.353,-9.482,-10.699,0.0,0.0,0.0
-1.287,-9.408,-10.672,0.0,0.0,0.0
-1.379,-9.258,-10.46,0.0,-0.19,0.0
-2.312,-9.721,-11.088,0.0,0.183,-0.225
-5.601,-10.363,-12.564,0.835,0.948,0.154
-4.727,-10.417,-18.786,-1.082,1.655,1.253
-3.765,-16.033,-19.516,-4.201,0.534,0.776
-1.421,-18.957,-23.612,-4.299,0.82,0.523
2.961,-11.961,-13.026,-4.299,-1.569,1.503
1.22,-9.901,9.176,-1.304,1.782,0.0
0.94,-6.27,-8.349,4.412,0.417,-0.128
1.358,-11.977,-16.776,4.431,1.428,-1.656
-3.39,-18.325,-26.501,4.431,0.884,-1.35
-5.327,-12.94,-30.049,1.47,-0.215,-0.578
-5.232,-12.442,-26.556,-2.739,-0.623,0.91
1.114,-14.861,-29.234,-4.299,0.295,0.694
1.098,-12.045,-10.321,-4.299,-1.852,0.134
3.401,-2.863,-16.702,0.81,0.87,0.981
-1.251,-6.858,-6.448,3.362,-0.102,0.0
0.262,-12.415,-17.821,4.431,0.129,-1.162
-6.031,-15.924,-23.651,4.431,-2.265,-2.157
-3.275,-13.541,-15.354,3.174,-3.743,-1.828
