-5.605,-10.166,-13.499,-0.1,4.377,1.505
0.587,-10.242,-16.228,-1.208,4.328,0.393
2.215,-11.383,-17.785,-2.636,0.673,-0.966
6.162,-15.434,-24.373,-3.969,-1.161,-2.632
2.47,-14.14,-17.827,-4.299,-2.215,-2.49
-2.665,-6.439,-7.82,-3.573,-2.188,-0.972
-2.022,-3.168,-5.106,0.79,-1.365,0.369
-0.486,-3.986,-10.322,3.298,-0.546,0.144
0.701,-9.049,-15.238,4.431,1.083,-0.525
0.37,-16.194,-23.89,4.431,0.77,-0.431
-2.249,-13.027,-28.404,3.421,-0.3,-0.468
-2.887,-10.04,-22.646,-1.624,0.323,0.0
-1.28,-12.526,-24.662,-2.323,-0.806,0.599
0.831,-14.027,-20.991,-4.299,-0.644,0.517
0.0,-8.56,-9.986,-4.299,-1.544,0.42
-1.019,-3.765,-6.782,-1.316,-0.495,-0.251
-0.481,-3.68,-8.734,1.65,-0.133,-0.205
-0.105,-8.661,-12.05,4.431,1.653,-0.185
1.219,-15.122,-25.205,4.431,1.833,0.0
-2.018,-10.975,-23.705,1.764,-0.907,-0.297
-3.122,-8.761,-15.781,1.314,-3.21,-0.587
-2.046,-9.574,-13.196,2.425,-3.15,-0.877
-0.621,-9.524,-13.963,1.754,0.232,-0.936
-3.114,-9.82,-12.01,-0.268,1.719,-0.69
-2.533,-9.784,-11.153,-0.897,-0.337,0.0
