-1.503,-9.441,-10.49,0.0,0.0,0.0
-1.571,-9.512,-10.491,0.0,0.0,0.0
-1.565,-9.395,-10.451,0.0,0.0,0.0
-1.675,-9.18,-10.736,0.0,-0.151,-0.178
-2.814,-9.421,-11.954,0.36,0.529,-0.311
-6.785,-9.888,-14.72,0.0,3.24,0.492
-4.151,-12.023,-20.736,-1.532,1.565,1.195
2.027,-19.435,-28.048,-4.299,2.732,-0.219
3.69,-18.712,-18.889,-4.299,-3.166,-0.885
3.237,-11.47,5.203,-4.299,-1.665,-0.402
-0.864,-9.325,0.86,3.585,0.658,-0.221
-0.513,-10.611,-11.418,4.431,0.147,-0.711
-4.444,-19.435,-23.14,4.431,2.805,-1.198
-1.776,-14.974,-30.049,2.244,0.0,-0.45
-5.681,-10.166,-25.431,-3.423,0.802,0.0
3.327,-14.774,-30.049,-4.299,0.24,0.376
1.819,-17.686,-15.261,-4.299,-1.679,-0.933
-6.499,-12.84,9.176,-3.03,-4.354,-1.343
-4.074,-6.635,-3.705,3.986,1.738,0.592
2.229,-12.422,-15.726,4.431,-3.765,-1.289
-2.315,-18.259,-17.13,4.431,-1.294,-2.428
-7.615,-14.734,-17.751,2.757,-4.041,-2.893
-4.235,-11.96,-14.112,1.309,-3.664,-2.339
-2.648,-10.052,-13.484,-0.113,2.479,-0.377
-3.537,-9.931,-11.115,-1.011,3.644,0.229
