-4.543,-9.431,-14.619,0.516,2.632,0.383
-3.805,-10.924,-19.577,-1.351,4.377,0.788
0.788,-16.084,-20.448,-4.289,0.285,-1.128
2.879,-16.848,-21.109,-4.299,-1.558,-1.464
-0.332,-9.986,-8.408,-4.299,-1.941,-0.585
-1.863,-4.622,-1.677,-1.768,-0.34,-0.237
-1.067,-5.268,-7.855,3.292,0.395,0.224
0.0,-9.794,-11.321,4.395,0.825,-0.133
0.618,-19.435,-21.233,4.431,1.229,0.0
-1.621,-15.06,-29.573,3.232,-0.995,-0.714
-4.95,-9.035,-21.592,-1.066,0.788,0.0
-1.501,-11.476,-24.308,-1.605,0.0,0.965
2.398,-17.202,-24.183,-4.299,-0.294,0.108
1.025,-14.096,-16.162,-4.299,-0.714,-0.483
-1.857,-7.545,-6.283,-4.299,-0.471,-0.642
-3.522,-3.959,-6.008,0.463,0.0,0.0
-1.684,-4.618,-9.681,2.969,-0.607,-0.112
-1.407,-9.365,-17.834,4.431,0.223,0.0
-1.574,-12.816,-19.587,4.431,-1.077,-0.691
-3.425,-14.079,-16.693,4.349,-3.126,-1.098
-3.483,-12.375,-17.15,2.973,-2.929,-1.794
-2.291,-9.671,-13.799,-0.862,0.488,-0.295
-2.452,-10.151,-10.408,-0.755,0.934,-0.56
-2.612,-9.496,-11.4,0.329,0.723,-0.226
-2.764,-9.92,-9.75,0.0,2.38,0.122
