-3.755,-9.654,-12.8,-0.658,3.713,0.247
-3.342,-9.566,-17.097,-0.359,2.157,0.736
0.647,-12.932,-22.29,-2.347,1.931,0.0
2.858,-17.708,-28.959,-4.299,1.066,-1.731
3.092,-13.219,-9.211,-4.299,-2.744,-2.092
0.0,-5.965,-6.659,-2.456,-0.839,-0.725
-1.374,-4.537,-6.976,0.272,-0.261,-1.101
-3.032,-6.008,-9.918,3.537,0.812,-0.351
1.451,-15.572,-17.3,4.431,2.478,1.278
3.383,-19.435,-29.195,4.431,0.885,0.695
0.0,-10.795,-27.034,-1.715,0.516,0.0
-2.09,-10.181,-22.114,-1.766,-0.349,0.216
4.645,-16.204,-30.049,-4.299,-3.483,0.348
-0.381,-15.275,-13.46,-4.299,-0.742,-0.393
-2.677,-6.5,-5.402,-2.897,-0.512,0.0
-2.276,-4.771,-5.229,1.773,-0.199,0.152
-1.302,-7.765,-10.74,4.431,-0.704,0.0
-3.706,-15.205,-17.263,4.431,-1.564,-0.821
-3.899,-16.593,-19.177,4.431,-3.765,-2.523
-5.189,-15.297,-16.915,2.292,-2.013,-3.026
-3.255,-10.161,-13.278,-1.797,1.786,0.383
-2.432,-9.826,-10.411,-0.356,1.855,-0.478
-1.848,-9.281,-12.748,0.457,1.247,-0.345
-2.686,-9.861,-11.862,-0.7,0.973,-0.215
-2.875,-10.695,-6.835,0.13,-0.422,0.372
