-1.062,-9.468,-10.423,0.0,0.0,0.0
-1.202,-9.512,-10.42,0.0,0.0,0.0
-1.216,-9.33,-10.453,0.0,0.0,0.0
-1.355,-9.58,-10.456,0.0,0.112,0.0
-1.335,-9.565,-10.358,0.0,0.0,0.0
-1.191,-9.446,-10.408,0.0,0.0,0.0
-1.719,-9.192,-10.271,0.0,-0.197,0.0
-1.506,-9.264,-9.831,-0.167,-0.674,-0.314
-7.157,-11.44,-11.585,0.729,0.618,-0.673
-5.839,-11.983,-17.492,-0.706,3.021,2.256
-2.286,-14.443,-21.034,-3.457,0.515,2.002
2.037,-14.756,-23.195,-4.299,-0.626,0.941
-2.112,-14.305,-15.907,-4.299,1.12,0.792
-0.373,-7.501,-2.747,-3.672,-0.587,-0.18
-2.033,-5.764,-4.377,2.335,-1.237,-1.302
-1.14,-7.933,-12.117,4.431,0.0,-1.612
-4.218,-16.31,-23.478,4.431,2.211,-2.304
-6.121,-12.062,-30.049,2.081,0.185,-0.754
-7.124,-7.729,-23.517,-1.725,1.043,0.371
-2.088,-9.723,-27.016,-2.498,0.799,1.179
0.0,-11.821,-21.89,-4.299,0.398,0.408
-0.95,-6.603,-6.854,-4.299,-1.075,0.158
-3.498,-4.218,-4.595,-0.252,-0.815,0.0
-4.506,-4.814,-8.045,3.628,-0.736,0.288
3.826,-11.92,-18.999,4.431,-0.488,-1.732
