-5.204,-10.902,-10.036,1.384,-0.928,0.314
-4.915,-9.967,-11.578,0.775,0.622,1.463
-3.917,-11.764,-14.735,-1.358,1.299,1.45
-4.274,-17.671,-21.79,-4.299,4.377,0.445
-2.212,-17.189,-15.427,-4.299,2.643,-0.251
0.182,-8.0,-6.493,-4.299,-1.057,-0.903
-2.883,-4.63,-5.087,0.771,-0.222,-0.566
-2.359,-5.512,-9.675,3.932,0.95,0.39
2.843,-14.711,-15.129,4.431,1.869,0.552
-1.842,-18.639,-26.636,4.431,-0.977,-0.114
-0.324,-10.737,-25.985,-0.991,0.368,0.0
-3.461,-12.332,-23.413,-2.112,-0.308,0.403
1.973,-15.748,-24.316,-4.299,-0.328,0.374
-1.592,-11.255,-11.58,-4.299,-1.621,0.149
-2.18,-4.994,-5.779,-1.953,-0.39,0.366
-2.935,-3.574,-6.627,1.858,-0.833,0.473
1.231,-6.672,-14.693,4.431,0.0,-0.414
-0.692,-11.163,-21.082,4.431,0.833,-1.325
-1.944,-14.576,-16.165,4.431,-2.668,-1.342
-3.834,-12.919,-16.194,2.918,-3.558,-2.259
-4.303,-10.534,-14.057,0.0,-1.407,-1.445
-1.889,-10.34,-10.734,-1.028,1.549,0.0
-3.015,-9.477,-11.042,0.288,1.02,-0.317
-2.341,-9.821,-11.881,-0.294,1.306,0.0
-2.186,-9.688,-8.13,0.486,0.907,0.262
