-1.268,-12.031,-4.654,-4.299,1.103,0.431
-1.8,-4.033,-2.725,-0.106,-1.436,-0.361
-1.707,-4.903,-7.479,3.229,0.794,-0.151
0.479,-11.185,-12.087,4.431,0.801,-0.662
-3.424,-19.435,-23.271,4.431,0.772,-0.969
-5.036,-14.718,-26.411,3.244,0.0,-0.803
-4.746,-9.49,-20.719,-1.465,0.926,0.213
-3.663,-13.138,-22.958,-1.082,-0.47,0.945
-0.235,-18.605,-26.985,-4.299,-1.387,2.024
-1.805,-14.919,-8.942,-4.299,-0.348,1.167
-1.208,-6.354,-5.785,-2.735,0.13,0.172
-3.26,-3.494,-5.122,1.077,-0.245,0.0
-1.058,-6.554,-9.215,4.26,-0.429,-0.602
-2.435,-14.455,-20.823,4.431,0.497,-1.656
-3.504,-17.196,-22.035,4.431,-0.613,-2.353
-5.235,-14.307,-16.092,2.944,-3.603,-1.781
-2.877,-9.367,-14.322,0.0,-0.894,-0.25
-1.991,-9.981,-10.728,-0.893,1.911,-0.19
-2.313,-9.375,-11.374,0.281,1.085,0.0
-2.048,-9.419,-11.798,-0.373,0.759,0.0
-2.54,-10.6,-7.851,-0.416,0.0,0.179
-1.046,-9.034,-10.053,0.219,0.656,0.25
-1.527,-9.726,-10.213,-0.279,-0.345,0.0
-0.982,-9.709,-10.886,-0.138,-0.247,0.204
-0.909,-9.568,-10.718,0.0,0.0,0.283
