-2.288,-8.883,-14.309,0.0,3.427,0.769
-2.541,-10.018,-14.643,-0.291,4.377,1.19
0.0,-10.944,-19.617,-1.032,3.515,-0.706
3.759,-15.833,-20.304,-3.169,-1.981,-1.282
1.888,-15.218,-19.522,-4.299,-1.556,-2.175
-0.15,-10.345,-6.972,-4.299,-1.821,-1.425
-3.127,-4.714,-2.862,-0.172,-0.333,-0.375
-1.781,-5.621,-8.72,3.631,0.578,0.479
2.281,-11.973,-14.762,4.431,1.956,0.602
2.23,-18.781,-26.338,4.431,0.0,0.384
0.934,-11.371,-29.725,0.911,0.0,-0.27
-2.108,-10.811,-24.179,-1.938,-0.142,-0.108
2.678,-16.107,-25.377,-4.299,-0.356,-0.121
3.192,-13.6,-16.629,-4.299,-2.412,0.376
-3.595,-5.278,-1.16,-2.491,-0.43,0.0
-2.359,-3.431,-4.508,2.077,0.3,0.524
-0.408,-7.812,-11.652,4.34,-1.46,0.0
-1.901,-16.633,-16.087,4.431,-2.952,-1.631
-3.778,-15.959,-15.885,3.763,-3.618,-1.826
-4.18,-13.205,-15.246,1.834,-1.663,-2.3
-4.171,-10.82,-13.412,-0.497,0.118,-0.902
-2.219,-9.964,-11.032,-0.852,0.993,-0.195
-1.967,-9.174,-11.517,-0.132,1.134,0.0
-2.151,-9.556,-11.815,-0.397,1.031,0.0
-2.422,-10.507,-7.72,0.353,-0.641,0.245
