-1.474,-9.397,-10.744,0.0,-0.131,0.0
-1.596,-8.949,-10.75,0.0,-0.259,0.0
-2.589,-9.77,-10.837,0.461,0.0,-0.223
-6.534,-9.772,-14.717,-0.139,3.492,1.007
-0.601,-10.428,-19.396,-1.456,4.212,0.992
-1.319,-13.467,-17.088,-3.943,2.355,-1.646
3.177,-12.555,-20.925,-3.777,-0.303,-0.876
1.284,-12.276,-21.018,-4.299,-0.413,-1.604
-1.386,-6.513,-7.859,-4.299,-0.558,-0.886
-2.442,-1.478,-5.297,-0.354,-1.022,-0.329
-1.83,-2.588,-8.867,1.721,0.28,-0.263
-0.829,-8.005,-12.245,4.431,0.0,0.0
0.46,-14.746,-23.569,4.431,-0.286,0.61
-1.842,-10.444,-30.049,2.785,-1.16,-0.314
-2.279,-9.378,-24.989,-0.697,1.191,0.483
3.801,-14.093,-26.938,-3.488,0.0,-0.43
3.906,-14.123,-20.696,-4.299,-0.982,-1.216
-3.535,-7.937,-3.978,-4.299,-0.332,-0.504
-1.446,-2.466,-7.746,-0.709,0.238,0.249
-0.745,-1.343,-11.604,1.348,0.0,0.0
-0.816,-3.14,-13.793,2.799,0.559,0.211
-0.849,-6.364,-17.409,3.589,-1.075,0.326
-0.841,-11.704,-18.581,4.431,-0.293,0.245
-4.812,-18.616,-24.528,4.431,-4.354,-1.542
-2.365,-10.223,-17.042,0.853,-4.354,-0.41
