-6.246,-10.157,-11.034,0.465,-0.967,-0.627
-5.187,-11.722,-12.667,0.748,-0.156,1.925
-2.892,-12.802,-20.626,-3.407,4.377,1.415
-3.975,-17.882,-22.08,-4.299,4.377,0.442
1.106,-13.291,-16.336,-4.299,-0.336,-0.873
-1.314,-6.277,-5.36,-3.065,-1.457,-0.865
-1.244,-3.893,-4.104,1.249,0.0,-0.95
-0.138,-6.27,-11.774,4.075,0.0,-0.563
1.035,-15.548,-15.357,4.431,1.161,0.104
-1.91,-19.308,-30.049,4.431,-1.915,-0.788
-3.89,-9.004,-25.415,-1.859,1.704,-0.283
-2.013,-6.392,-23.316,-1.565,0.377,0.689
2.855,-11.859,-26.664,-3.495,0.0,0.0
2.281,-14.328,-22.185,-4.299,-0.357,-1.012
-1.266,-7.436,-6.401,-4.299,-0.376,-0.331
-1.919,-3.389,-6.537,-0.247,-0.512,-0.298
-1.451,-2.977,-10.955,2.895,0.0,0.186
-0.566,-5.836,-15.652,4.085,0.827,0.498
-0.4,-8.82,-20.997,3.848,-0.189,0.388
-3.087,-11.62,-18.656,3.395,-1.527,0.0
-4.04,-13.515,-16.277,4.15,-4.354,-0.491
-2.252,-10.48,-16.904,2.615,-4.224,-1.172
-1.499,-9.683,-13.184,-0.78,1.141,-0.773
-3.39,-9.773,-10.461,-0.46,1.105,-0.73
-2.497,-9.209,-12.077,0.238,0.317,-0.34
