-5.289,-10.885,-17.128,-0.545,2.342,1.721
-2.363,-13.353,-17.496,-3.853,0.558,1.131
0.454,-12.721,-16.818,-3.478,-2.292,0.71
-0.886,-12.231,-20.217,-4.299,-1.217,0.461
-2.3,-9.624,-12.325,-4.299,1.06,0.173
-4.567,-5.76,2.937,0.35,-2.079,0.0
-2.106,-3.76,-5.98,0.764,1.629,0.291
-0.61,-10.3,-14.163,4.431,0.303,0.0
0.0,-14.492,-18.518,4.431,-0.703,-1.663
-4.732,-16.394,-25.577,4.103,2.765,-1.917
-4.379,-10.626,-23.266,-0.731,1.982,0.0
-4.308,-9.36,-22.406,-1.483,-0.416,0.8
1.709,-14.503,-27.606,-3.871,-0.549,0.762
3.088,-15.186,-19.188,-4.299,-2.425,0.203
-1.596,-10.019,-3.184,-4.299,-0.135,-0.365
1.342,-4.379,-9.754,2.482,-0.876,0.268
-2.813,-3.945,-10.328,2.532,1.079,0.173
-1.732,-7.54,-15.289,4.287,0.69,-0.114
-1.325,-12.339,-17.877,4.431,-0.535,-0.536
-3.647,-14.735,-19.242,4.333,-1.109,-1.163
-3.2,-11.065,-21.719,1.649,0.201,-1.18
-4.16,-9.494,-12.525,-1.367,0.309,-0.119
-2.235,-9.05,-11.489,0.906,-0.952,0.272
-1.001,-9.046,-12.663,0.815,-0.346,0.0
-2.047,-9.699,-11.324,-0.381,0.4,-0.129
