-1.602,-9.569,-10.583,0.0,-0.196,-0.116
-1.496,-9.493,-10.521,0.0,-0.142,0.0
-1.447,-9.41,-10.529,0.0,-0.118,0.0
-1.55,-9.441,-10.32,0.0,-0.223,0.0
-1.478,-9.399,-10.359,0.0,-0.186,0.0
-1.499,-9.228,-10.639,-0.104,0.349,0.0
-1.597,-9.229,-13.059,0.0,1.423,-0.259
-3.735,-10.337,-17.048,-0.146,3.989,-0.181
-2.319,-11.815,-18.81,-1.956,1.765,0.27
0.432,-17.855,-26.454,-4.299,0.725,0.0
1.487,-19.435,-24.325,-4.299,-0.536,-0.565
1.895,-12.393,-7.708,-4.299,-1.551,-0.515
1.504,-4.095,-4.125,-2.521,-1.222,-0.879
-2.007,-2.125,-3.325,1.883,0.141,-0.813
-1.647,-5.251,-9.742,4.431,0.917,0.198
0.665,-15.992,-18.883,4.431,2.118,0.303
0.509,-16.82,-26.189,4.431,0.0,0.0
-1.673,-10.986,-30.049,3.069,1.719,0.507
-0.837,-9.958,-24.987,-1.982,0.0,0.0
3.849,-14.651,-30.049,-4.028,0.264,-0.104
2.199,-15.798,-23.368,-4.299,-1.894,-1.043
0.167,-10.778,-3.951,-4.299,-1.229,-0.72
-1.842,-2.878,-2.16,-1.349,-1.08,-0.679
-2.057,-2.28,-4.869,2.867,0.0,-0.598
-2.561,-7.759,-8.422,4.431,-1.94,-1.124
