-2.367,-14.291,-20.492,-4.299,1.058,1.078
1.51,-6.836,-4.334,-4.299,-1.245,0.2
3.809,-0.499,-11.464,0.0,1.227,0.39
-0.783,-6.071,-9.527,4.431,0.873,-1.121
-2.21,-7.841,-25.67,3.196,1.112,-1.318
-3.701,-8.958,-22.044,2.78,-0.172,-0.65
-4.593,-10.045,-30.049,0.61,-1.036,-0.175
-4.382,-8.163,-25.026,-3.424,-0.118,0.651
-2.194,-5.864,-19.061,-4.299,-0.781,1.417
-0.1,-3.789,-11.409,-4.091,-0.716,1.004
-0.701,-2.991,-8.887,-0.552,-0.664,-0.123
-1.56,-4.234,-10.322,2.885,-0.133,-0.675
-2.594,-8.47,-16.974,4.431,-1.05,-1.301
-2.82,-11.195,-19.828,4.431,-1.048,-2.087
-3.323,-13.722,-16.736,3.798,-1.773,-2.653
-3.398,-13.174,-14.134,1.903,-1.194,-2.392
-4.757,-11.541,-13.787,0.591,0.664,-1.577
-2.632,-9.763,-11.929,-0.801,1.807,0.425
-2.2,-9.18,-10.812,-0.318,0.851,0.0
-1.808,-9.301,-11.469,-0.129,0.479,0.0
-2.279,-10.28,-8.663,0.0,0.21,0.225
-0.428,-9.379,-9.557,0.213,0.0,0.449
-1.324,-9.721,-10.025,-0.443,0.325,0.27
-0.949,-9.648,-10.554,-0.148,0.0,0.398
-1.014,-9.29,-10.733,0.116,0.0,0.292
