-0.498,-9.53,-10.557,0.0,0.0,0.0
-0.644,-9.421,-10.437,0.0,0.0,0.0
-0.742,-9.238,-10.278,-0.136,-0.178,0.0
-2.041,-10.049,-10.785,0.158,0.694,0.0
-4.73,-10.677,-13.335,0.884,3.559,1.008
-2.732,-11.102,-18.685,-1.272,4.377,1.278
0.374,-14.996,-20.724,-4.299,4.297,-0.763
4.731,-15.379,-15.249,-4.227,0.0,-2.231
1.214,-9.757,-16.795,-4.299,-3.189,-2.004
-2.982,-5.606,-5.893,-2.398,-0.573,0.0
-3.713,-2.84,-6.945,0.724,-2.978,-0.118
-0.789,-5.566,-9.282,3.209,0.856,-0.68
2.677,-13.228,-20.93,4.431,2.531,-0.224
0.0,-15.254,-26.719,4.41,-0.347,0.0
-2.485,-9.781,-26.988,0.0,-0.464,-0.482
-3.351,-10.267,-22.631,-2.132,-0.132,0.323
-0.967,-14.012,-25.525,-4.251,-1.922,0.977
0.0,-9.12,-14.91,-4.299,-1.913,1.942
-1.384,-4.604,-5.288,-2.212,0.246,0.424
-1.22,-3.032,-6.568,0.832,0.565,0.0
-1.462,-7.75,-11.133,4.431,0.0,-0.933
-1.622,-14.093,-17.84,4.431,-2.367,-1.76
-3.576,-13.43,-15.382,3.043,-2.208,-1.66
-3.29,-13.72,-15.605,2.878,-2.575,-2.6
-4.842,-10.844,-14.412,0.0,-0.678,-1.556
