-2.364,-4.826,-4.71,0.105,0.12,-0.409
-1.116,-5.828,-9.211,3.379,0.303,-0.272
1.609,-12.305,-15.196,4.431,2.297,-0.669
0.41,-18.773,-23.887,4.431,2.185,0.0
0.898,-12.507,-25.325,1.677,1.216,0.564
-1.077,-10.098,-21.331,-1.295,0.466,-0.128
1.232,-13.571,-24.289,-2.254,-0.874,0.193
0.806,-14.202,-20.253,-4.299,-1.469,-0.1
-0.706,-9.864,-12.167,-4.299,-1.524,-0.22
-1.8,-6.173,-3.821,-2.79,-0.292,0.282
-2.881,-3.994,-8.244,1.934,-1.455,0.531
-1.399,-8.294,-16.111,4.431,-0.571,-0.847
-2.932,-11.279,-20.385,4.431,-0.707,-1.824
-2.963,-12.791,-18.875,3.217,0.786,-2.004
-2.443,-12.887,-13.606,2.52,-0.594,-1.384
-2.702,-11.833,-14.841,2.023,-0.677,-1.656
-3.371,-10.133,-13.353,-0.646,0.766,-0.541
-2.45,-9.944,-10.527,-1.155,0.436,0.0
-2.559,-9.78,-9.489,-0.232,0.0,0.0
-2.054,-9.38,-9.965,0.459,-0.84,0.126
-1.298,-9.84,-9.655,-0.21,-0.187,0.608
-0.867,-9.956,-10.258,-0.223,0.423,0.964
-0.82,-9.413,-10.202,-0.196,0.316,0.746
-0.496,-9.104,-10.468,0.0,-0.221,0.28
-0.914,-9.156,-10.48,0.0,0.0,-0.114
