-1.397,-9.18,-10.538,0.0,-0.179,0.0
-1.459,-9.696,-10.135,0.0,-0.391,-0.223
-3.285,-10.166,-12.279,0.0,0.808,-0.176
-3.712,-9.784,-13.797,-0.178,1.576,1.017
-1.972,-9.839,-17.78,-0.767,4.377,1.356
0.45,-12.433,-18.697,-2.711,4.377,0.0
2.896,-16.279,-17.901,-2.164,-0.314,-1.513
3.067,-13.625,-19.272,-4.299,-3.658,-1.82
-3.188,-8.278,-0.662,-3.16,-1.738,-0.895
-2.06,-2.42,-5.833,0.192,0.323,-0.542
-1.142,-3.884,-8.913,2.345,0.364,-0.331
1.59,-13.229,-11.453,4.431,1.005,-0.267
0.946,-19.435,-25.864,4.431,0.651,-0.219
-1.405,-13.18,-26.071,1.695,0.0,0.265
-2.995,-9.498,-21.482,-0.524,0.959,0.153
0.872,-12.857,-22.223,-2.18,0.446,0.41
2.333,-17.307,-21.576,-4.299,-1.19,-0.379
0.747,-13.047,-13.875,-4.299,-1.274,-0.523
-1.885,-6.644,-5.207,-3.664,-0.748,-0.89
-3.364,-2.396,-6.22,1.144,-0.334,-0.144
-2.725,-5.991,-8.268,4.041,-0.331,0.357
5.054,-17.645,-20.402,4.431,2.036,-1.016
-4.711,-16.807,-13.116,4.125,-4.354,-0.362
-1.555,-13.85,-16.37,3.724,-3.273,-2.014
-3.552,-11.14,-15.014,-0.254,1.846,-1.718
