-0.428,-9.49,-10.903,0.0,-0.129,0.0
-0.397,-9.415,-10.922,0.0,0.0,0.0
-1.185,-9.255,-10.371,0.0,-0.23,-0.124
-3.72,-10.411,-11.582,0.768,0.0,0.331
-6.212,-9.288,-14.713,0.0,2.664,1.163
-3.673,-10.418,-17.616,-1.766,2.323,1.775
0.0,-15.066,-19.783,-2.938,3.351,0.337
3.748,-18.442,-22.47,-4.299,0.441,-1.619
-3.195,-10.336,-6.982,-4.299,-0.404,-1.74
-3.801,-3.942,-0.587,-1.346,-0.879,-0.175
-1.924,-4.475,-8.6,3.294,0.203,0.64
0.0,-11.589,-10.784,4.431,0.0,0.121
3.678,-19.435,-24.102,4.431,1.202,0.349
-0.28,-14.293,-26.378,2.731,-0.257,-0.373
-2.976,-8.845,-23.498,-0.845,0.13,-0.166
-1.16,-11.042,-23.099,-1.559,0.592,0.73
5.254,-16.208,-26.83,-4.299,-1.169,0.19
3.832,-16.096,-16.978,-4.299,-1.413,-1.135
-3.072,-6.27,-0.614,-2.429,-1.044,-0.613
-3.679,-4.251,-5.633,2.175,0.524,0.404
-0.573,-7.674,-11.196,3.496,0.447,0.472
-0.242,-15.341,-19.33,4.431,0.77,0.901
-1.834,-14.73,-19.116,3.443,-2.691,0.0
-3.491,-11.773,-17.425,2.777,-3.368,-1.22
-2.853,-10.116,-15.963,1.499,-2.849,-1.711
