-1.281,-9.427,-10.671,0.0,0.0,0.0
-1.858,-9.19,-10.65,0.0,0.0,0.0
-4.396,-10.29,-11.287,0.165,0.318,0.0
-5.764,-9.556,-14.103,-0.135,0.966,1.052
-3.232,-9.719,-14.889,-1.07,2.975,1.471
-2.061,-10.817,-15.216,-0.647,0.123,1.085
-1.64,-13.971,-22.862,-1.98,0.902,0.0
-0.6,-17.415,-19.809,-4.299,2.389,-1.039
-3.901,-8.348,-5.486,-4.299,-1.782,-1.565
-2.444,-5.657,-1.507,0.739,0.271,-0.203
-1.429,-7.358,-11.819,4.431,0.155,0.0
0.824,-14.659,-16.527,4.431,0.994,-0.473
-3.331,-17.664,-25.759,4.431,-0.973,-0.968
-3.551,-9.074,-24.077,0.77,0.809,0.327
-3.178,-10.707,-21.307,-0.288,0.559,0.296
-0.335,-16.27,-23.946,-3.982,-1.001,0.557
0.285,-16.501,-18.798,-4.299,0.299,0.0
-1.501,-9.656,-10.041,-4.299,-0.72,-0.665
-3.132,-5.77,-2.247,-1.678,-0.505,0.0
-2.284,-5.838,-9.329,4.431,-0.877,0.0
0.0,-9.492,-18.643,4.431,0.647,-0.521
-2.806,-14.363,-17.708,4.431,-2.747,-1.453
-2.347,-16.307,-18.939,4.431,-4.209,-3.163
-6.303,-9.513,-16.292,0.351,0.654,-1.316
-1.323,-11.061,-10.502,-1.401,1.997,0.0
