0.599,-9.715,-9.539,0.0,0.0,0.0
0.682,-9.679,-9.559,0.0,-0.145,0.0
0.677,-9.659,-9.679,0.0,-0.134,0.0
0.788,-9.681,-9.652,0.0,0.0,0.0
0.72,-9.701,-9.531,0.0,0.0,0.0
0.676,-9.72,-9.508,0.0,-0.111,0.0
0.49,-9.642,-9.387,0.0,-0.232,0.0
0.206,-9.8,-9.053,0.0,-0.572,0.0
-0.785,-10.103,-8.637,0.237,-1.539,-0.215
-9.818,-13.197,-5.375,2.827,-4.354,0.172
-4.795,-11.413,-20.058,2.072,0.96,3.302
-19.339,-19.559,-7.294,-4.3,4.376,4.393
-7.265,-17.063,-11.865,-4.3,0.885,3.639
-6.923,-7.936,-13.552,-2.513,-1.825,1.649
-9.929,-3.156,-17.966,-1.525,-1.388,0.92
-6.304,-0.597,-16.811,-0.427,-2.686,0.711
-4.082,-0.665,-13.918,0.564,-2.292,1.136
-3.226,0.502,-11.735,0.69,-2.315,1.184
-3.275,1.46,-8.323,0.286,-1.537,0.961
-3.841,2.552,-5.421,0.0,-0.593,0.936
-4.192,3.23,-4.084,0.0,-0.248,0.608
-4.168,3.664,-4.674,0.202,0.0,0.285
-4.603,3.874,-4.65,0.56,-0.119,0.0
-2.589,2.37,-6.235,0.612,-0.72,-0.854
-1.558,1.58,-8.409,0.393,-2.152,-2.19
