0.998,-9.671,-9.462,0.0,0.0,0.0
1.029,-9.73,-9.468,0.0,0.0,0.0
1.02,-9.639,-9.471,0.0,0.0,0.0
0.934,-9.699,-9.456,0.0,0.0,0.0
0.916,-9.667,-9.495,0.0,0.0,0.0
0.819,-9.754,-9.347,0.0,0.0,0.0
0.703,-9.729,-9.729,0.0,0.0,0.0
0.0,-9.696,-10.176,0.0,0.0,0.0
-8.534,-11.179,-10.38,0.747,-0.657,0.811
-9.73,-13.728,-25.11,-0.193,-4.354,3.148
-19.767,-19.559,-22.846,-4.3,-0.421,4.312
-2.892,-19.559,-21.881,-4.3,-4.095,4.393
1.749,-12.28,-18.64,-2.713,-3.846,3.565
2.715,-4.234,-16.878,-1.391,-2.239,3.079
4.761,-1.459,-10.99,-1.399,-2.378,1.836
1.385,1.346,-7.059,-0.755,-2.08,0.621
-0.622,2.49,-2.662,-0.29,-0.854,0.333
-2.882,3.741,-2.35,0.246,-0.41,-0.284
-4.63,4.156,-3.067,0.455,-0.104,-0.513
-5.725,4.375,-3.893,0.691,0.0,-0.525
-5.566,4.109,-5.05,0.623,0.103,-0.536
-4.103,3.326,-6.223,0.59,0.0,-0.906
-2.675,1.582,-7.684,0.503,-0.273,-1.649
-1.783,-0.405,-7.034,0.349,-0.806,-2.749
-1.478,-2.321,-7.488,0.104,0.571,-3.32
