1.114,-9.659,-9.192,0.0,0.0,0.0
1.06,-9.633,-9.351,0.0,0.0,0.0
1.032,-9.671,-9.316,0.0,0.0,0.0
0.805,-9.648,-9.214,0.0,0.0,0.0
0.978,-9.681,-9.339,0.0,-0.133,0.0
1.04,-9.671,-9.314,0.0,-0.155,0.0
1.043,-9.708,-9.31,0.0,-0.14,0.0
-0.212,-9.902,-8.031,0.284,-0.402,0.0
-4.325,-9.851,-5.769,0.349,-2.78,0.861
-11.689,-13.402,-9.988,1.185,-0.724,1.841
-19.767,-19.559,-18.919,-4.095,2.037,4.393
-8.836,-19.559,-22.368,-4.3,0.0,4.393
1.877,-14.386,-15.493,-4.3,-3.107,3.528
0.544,-4.284,-12.902,-1.717,-2.872,1.862
-0.207,-1.429,-10.035,-0.605,-2.694,1.362
-0.819,1.114,-9.153,-0.249,-1.77,0.962
-1.977,2.352,-6.475,-0.2,-1.242,0.645
-3.113,2.92,-4.641,0.0,-0.531,0.344
-2.881,2.985,-4.617,0.154,0.0,0.0
-2.178,1.692,-4.801,0.713,0.155,-1.039
-2.019,0.554,-8.011,1.325,-0.308,-2.13
-1.512,-0.577,-9.635,0.679,0.408,-2.949
-2.74,-2.517,-12.276,0.932,1.448,-3.393
-6.295,-7.98,-13.322,1.069,2.947,-4.048
-7.618,-14.017,-14.395,1.984,1.347,-4.337
