2.283,-9.472,-9.557,0.0,-0.127,0.108
1.541,-9.529,-9.15,0.0,-0.229,-0.218
1.26,-9.653,-9.077,0.0,-0.285,0.0
1.949,-9.469,-9.215,0.117,-0.279,0.123
1.94,-9.48,-9.351,0.0,0.0,0.0
1.323,-9.559,-9.098,0.0,-0.189,0.0
1.57,-9.65,-9.137,0.0,-0.214,0.0
1.101,-9.804,-8.937,-0.125,-0.142,0.205
-5.658,-11.108,-5.862,0.527,-1.022,0.16
-9.901,-13.101,-15.191,1.193,0.365,4.063
-15.541,-19.559,-22.127,-4.3,2.734,4.393
-14.364,-19.559,-17.793,-4.3,0.0,3.656
-4.259,-13.218,-14.426,-4.044,-2.707,2.048
-7.508,-5.994,-19.2,-2.164,-0.882,0.62
-2.072,-1.326,-22.241,-1.821,-2.592,1.236
1.145,0.873,-13.525,-0.205,-2.914,1.069
-0.518,1.459,-10.675,0.353,-2.617,0.61
-1.57,1.694,-5.242,0.151,-1.566,0.305
-3.447,1.985,-2.65,0.227,-0.824,0.0
-4.532,2.231,-3.344,0.378,-0.361,0.0
-4.263,1.99,-3.34,0.676,0.0,0.0
-2.833,1.283,-4.456,0.376,-0.248,-0.721
-1.588,0.776,-6.335,1.02,-0.399,-1.471
-1.536,0.0,-7.818,0.899,-0.56,-2.453
-2.044,-0.658,-9.946,0.66,0.176,-3.04
