1.019,-9.687,-9.49,0.0,-0.187,0.0
0.963,-9.622,-9.675,0.0,-0.127,0.0
0.99,-9.627,-9.569,0.0,0.0,0.0
0.892,-9.676,-9.342,0.0,-0.122,0.0
0.775,-9.711,-9.482,0.0,-0.326,0.0
0.884,-9.869,-9.314,0.0,-0.612,0.0
-0.238,-9.344,-8.665,-0.127,-1.598,0.0
-1.758,-11.061,-5.485,0.374,-3.716,-0.129
-6.885,-11.525,-8.99,2.011,-0.877,0.681
-14.924,-15.764,-20.88,-2.127,-0.215,3.774
-12.852,-19.559,-14.711,-4.3,0.394,4.393
-4.874,-19.559,-16.642,-4.3,-1.374,3.856
-2.334,-8.169,-14.382,-2.238,-1.833,2.059
-1.86,-2.605,-13.435,-0.272,-2.503,0.912
-2.51,-1.24,-12.708,0.857,-2.519,0.565
-3.785,-0.433,-10.844,0.945,-2.119,0.516
-4.486,0.718,-8.133,0.448,-1.001,0.781
-5.041,1.73,-6.58,0.163,-0.561,0.719
-5.178,2.188,-5.494,0.0,-0.345,0.38
-6.012,2.483,-5.642,-0.197,0.0,0.195
-6.544,2.516,-4.643,0.286,0.0,0.0
-6.639,1.977,-5.159,0.424,0.0,-0.228
-4.901,0.758,-7.241,0.407,0.141,-0.208
-3.127,0.102,-7.64,0.528,-0.299,-0.95
-2.219,0.0,-8.634,0.497,-0.684,-2.209
