-2.949,-10.301,-12.186,0.498,2.049,-1.003
-2.769,-10.252,-11.657,0.343,1.31,-0.922
-2.257,-9.951,-11.679,0.0,0.335,-0.577
-1.551,-9.729,-10.781,0.0,0.216,-0.194
-1.042,-9.785,-10.504,0.0,0.168,-0.128
-0.93,-9.769,-10.185,0.0,-0.163,-0.202
-1.099,-9.931,-10.08,0.166,-0.52,0.0
-0.598,-9.593,-10.862,0.219,-0.965,0.0
-2.38,-9.441,-11.451,0.574,-2.551,-0.258
-12.208,-10.809,-18.532,0.37,-4.354,1.416
-19.767,-19.559,-22.165,-3.753,-1.625,4.393
-8.402,-19.559,-19.024,-4.047,-2.519,4.393
-0.53,-13.835,-16.113,-3.043,-2.335,3.669
-3.797,-2.892,-16.605,-0.383,-2.826,1.144
-3.676,-0.534,-13.715,-0.23,-2.183,0.838
-0.986,0.341,-12.785,0.149,-1.878,1.072
-1.555,1.129,-7.74,-0.148,-1.27,0.886
-2.766,2.202,-4.807,0.0,-0.727,0.748
-3.84,3.044,-3.87,0.173,-0.133,0.399
-5.008,3.791,-4.62,0.321,0.0,0.0
-6.318,3.793,-4.81,0.326,0.163,-0.205
-6.28,3.504,-5.622,0.503,0.128,-0.192
-4.439,2.494,-6.997,0.441,-0.133,-0.43
-2.94,0.877,-6.148,1.054,-1.329,-1.496
-1.443,-0.258,-7.856,0.592,-0.832,-2.522
