1.672,-9.579,-9.726,0.0,-0.117,0.0
1.624,-9.602,-9.66,0.0,0.0,0.0
1.29,-9.581,-9.695,0.0,0.0,0.0
1.342,-9.527,-9.737,0.0,0.0,0.0
1.498,-9.603,-9.644,0.0,0.0,0.0
1.36,-9.655,-9.655,0.0,0.0,0.0
1.295,-9.592,-9.608,0.0,-0.255,0.0
0.923,-9.56,-9.517,0.141,-0.639,0.0
-3.874,-11.005,-3.872,0.494,-2.595,-0.449
-6.707,-12.734,-13.581,2.484,-2.474,0.941
-19.767,-19.559,-20.907,-3.867,-0.269,4.393
-5.474,-19.559,-22.57,-4.3,-2.696,4.393
4.0,-16.056,-18.496,-3.316,-4.288,3.992
2.519,-4.61,-16.225,-1.152,-2.477,2.783
2.186,-1.953,-10.8,-0.891,-2.212,1.912
0.478,0.0,-8.175,0.197,-1.992,1.156
-1.844,1.228,-5.511,0.0,-0.811,0.725
-3.519,1.708,-3.964,0.29,-0.267,0.266
-3.9,2.219,-3.993,0.254,0.11,-0.163
-4.223,1.524,-4.477,0.845,0.173,-0.624
-2.831,0.704,-6.7,1.218,-0.205,-1.395
-1.844,-0.192,-8.711,1.278,0.0,-2.211
-2.805,-2.338,-9.916,1.081,0.171,-3.409
-4.908,-4.816,-13.1,0.411,1.365,-4.155
-7.046,-10.54,-12.606,-0.637,3.174,-4.226
