0.477,-9.726,-9.841,0.0,0.0,0.0
0.524,-9.743,-9.774,0.0,0.0,0.0
0.236,-9.724,-9.843,0.0,0.0,0.0
0.496,-9.74,-9.875,0.0,0.0,0.0
0.261,-9.695,-9.919,0.0,-0.164,0.0
0.13,-9.725,-9.866,0.0,-0.371,0.0
0.34,-9.693,-10.192,0.0,-0.361,0.0
-1.181,-9.754,-10.594,0.0,-0.923,-0.251
-9.656,-11.418,-12.266,0.74,-2.598,0.453
-11.638,-14.099,-20.864,-1.08,-3.197,2.398
-19.767,-19.559,-18.096,-4.228,-1.24,4.393
-2.554,-19.559,-25.098,-4.039,-3.877,4.393
3.865,-10.114,-18.798,-2.341,-3.711,3.51
4.066,-3.733,-14.323,-1.47,-1.848,2.584
2.852,-1.422,-9.399,-0.245,-2.472,1.708
0.418,1.923,-6.598,-0.279,-1.548,1.115
-1.032,3.35,-3.162,0.0,-0.624,0.752
-2.769,4.298,-3.003,0.257,-0.268,0.0
-4.203,4.771,-3.611,0.371,0.0,-0.158
-4.521,4.651,-4.247,0.399,0.257,-0.277
-3.504,3.521,-5.497,0.81,0.0,-0.663
-2.252,1.894,-7.223,0.737,-0.326,-1.5
-1.036,0.0,-7.606,0.467,-1.375,-2.951
-1.393,-1.576,-9.365,0.228,-1.025,-3.928
-3.143,-4.721,-9.745,-0.236,0.684,-4.209
