0.0,-9.738,-10.01,0.0,-0.184,-0.104
0.0,-9.707,-10.023,0.0,-0.109,0.0
0.0,-9.659,-10.064,0.0,0.0,0.0
-0.139,-9.736,-10.08,0.0,0.0,0.0
0.0,-9.683,-10.266,0.0,-0.157,0.0
-0.122,-9.748,-9.901,0.0,-0.208,0.0
-0.152,-9.703,-9.768,0.0,0.0,0.0
0.0,-9.687,-9.664,0.0,-0.151,0.0
0.236,-9.86,-10.491,0.152,0.0,-0.359
-11.992,-12.245,-11.634,2.292,-4.354,1.781
-17.452,-19.442,-24.695,-4.3,-0.596,3.488
-9.727,-19.559,-21.448,-4.3,-1.187,4.086
-1.823,-15.569,-15.952,-3.776,-3.316,2.611
-2.113,-5.912,-16.595,-1.206,-1.961,1.346
-3.279,-3.0,-14.671,-0.322,-2.842,0.725
-3.708,-1.776,-12.855,0.0,-2.242,0.7
-4.04,-0.58,-10.14,0.216,-1.612,1.102
-4.105,0.674,-7.786,-0.216,-0.787,1.263
-4.338,1.949,-5.7,0.0,-0.684,0.786
-4.039,2.389,-5.412,0.112,-0.291,0.472
-4.551,2.081,-4.818,0.1,0.0,0.0
-3.469,1.008,-5.39,0.576,0.0,-0.53
-2.171,-0.161,-7.389,0.615,-0.766,-1.626
-1.545,-0.824,-8.461,0.831,-1.021,-2.671
-1.606,-1.842,-10.303,0.335,0.0,-3.392
