0.447,-9.642,-9.608,0.0,-0.447,0.0
0.227,-9.842,-9.711,0.286,-0.636,0.0
-0.22,-9.764,-10.084,0.355,-1.326,0.113
-6.241,-10.084,-12.612,0.699,-2.06,0.816
-16.023,-16.466,-20.453,-2.411,-0.179,3.172
-15.403,-19.559,-20.149,-4.3,0.0,4.303
-3.577,-19.559,-19.32,-4.3,-2.474,3.99
-1.151,-9.872,-16.815,-2.103,-3.242,2.693
0.223,-4.093,-16.089,-0.461,-4.07,1.732
1.342,-1.429,-12.387,-0.339,-2.549,1.323
0.126,1.152,-9.493,-0.127,-2.092,0.89
-2.222,2.268,-4.346,-0.2,-0.939,0.729
-3.87,3.148,-3.607,0.159,-0.415,0.183
-5.479,3.451,-4.119,0.387,-0.118,0.0
-6.325,3.532,-4.404,0.257,0.241,0.0
-3.864,2.817,-5.746,0.435,0.384,-0.181
0.0,0.993,-9.448,0.577,0.396,-1.078
-0.91,-0.912,-10.418,-0.151,0.24,-2.445
-3.161,-2.894,-9.582,-0.103,-0.757,-3.559
-4.047,-5.423,-10.952,-1.34,0.157,-4.337
-6.61,-12.631,-11.683,-1.052,3.549,-4.176
-6.645,-17.413,-12.016,-0.387,4.088,-3.36
-6.701,-19.548,-13.447,2.417,4.376,-3.036
-2.463,-16.959,-11.765,0.681,1.451,-2.579
-3.546,-13.273,-11.529,-0.707,2.305,-2.016
