1.348,-9.659,-9.428,0.0,0.0,0.0
1.427,-9.614,-9.565,0.0,0.0,0.0
1.403,-9.593,-9.575,0.0,0.0,0.0
1.377,-9.647,-9.521,0.0,0.0,0.0
1.333,-9.597,-9.491,0.0,0.0,0.0
1.256,-9.565,-9.532,0.0,0.0,0.0
1.539,-9.588,-10.022,0.0,0.298,0.0
0.338,-9.256,-8.305,-0.238,-0.345,-0.134
-4.321,-12.716,-5.316,1.431,-1.318,-0.66
-19.767,-17.264,-22.18,0.0,-1.513,2.733
-18.388,-19.559,-24.041,-4.3,-0.593,4.393
3.089,-19.559,-18.885,-4.3,-4.087,4.393
6.118,-7.947,-13.551,-2.003,-3.215,3.147
3.564,-2.66,-13.28,-0.573,-1.596,2.077
0.741,-0.863,-9.403,-0.116,-1.969,1.238
-0.541,1.867,-7.468,-0.147,-0.874,0.9
-2.809,2.769,-5.103,-0.278,-0.312,0.305
-4.078,3.113,-3.569,0.0,0.0,0.0
-3.762,2.275,-4.471,0.582,0.114,-0.528
-2.463,0.931,-6.42,0.919,-0.169,-1.329
-1.004,-0.354,-7.814,1.184,-1.257,-2.647
-1.08,-1.688,-10.018,0.997,-0.804,-3.711
-2.692,-5.397,-12.003,0.599,2.059,-4.337
-8.19,-14.416,-13.132,0.594,2.45,-4.337
-7.382,-19.559,-11.389,0.282,2.138,-4.337
