0.706,-9.687,-9.418,0.0,0.0,0.0
0.737,-9.672,-9.387,0.0,0.0,0.0
0.734,-9.661,-9.508,0.0,0.0,0.0
0.667,-9.719,-9.402,0.0,0.0,0.0
0.668,-9.65,-9.432,0.0,0.0,0.0
0.67,-9.675,-9.471,0.0,0.0,0.0
0.684,-9.67,-9.547,0.0,0.0,0.0
0.68,-9.664,-9.463,0.0,0.0,0.0
0.0,-10.097,-8.972,0.0,-0.287,0.0
-11.401,-14.081,-4.392,2.928,-4.216,0.654
-8.051,-10.302,-20.981,-0.102,-0.902,3.718
-13.01,-19.559,-10.44,-4.3,2.107,4.393
-8.452,-17.596,-18.405,-4.3,0.359,3.712
-7.744,-11.053,-16.72,-3.157,-2.191,1.993
-7.218,-4.769,-16.832,-1.263,-3.539,0.961
-4.896,-1.294,-14.437,-0.332,-2.412,0.807
-3.647,-0.663,-12.417,0.426,-1.896,1.229
-2.908,0.697,-11.765,0.805,-1.257,1.612
-2.87,2.066,-7.613,0.0,-1.186,1.146
-3.439,3.263,-5.786,0.0,-0.59,0.776
-4.235,3.656,-5.536,0.0,-0.287,0.336
-4.925,3.531,-4.391,0.105,-0.107,0.0
-4.276,3.079,-5.0,0.624,-0.243,-0.395
-2.814,1.667,-7.375,0.492,-0.603,-1.38
-2.325,0.159,-8.108,-0.132,-0.97,-2.584
