1.163,-9.655,-9.888,0.0,-0.107,0.0
1.249,-9.616,-9.884,0.0,-0.104,0.0
1.241,-9.659,-9.891,0.0,0.0,0.0
1.227,-9.618,-9.837,0.0,-0.133,0.0
1.132,-9.678,-9.819,0.0,-0.113,0.0
1.194,-9.703,-9.779,0.0,-0.284,0.0
1.18,-9.678,-9.772,0.105,-0.338,0.0
0.799,-9.55,-9.763,0.0,-0.294,0.231
-4.346,-10.223,-5.691,0.272,-1.993,0.654
-9.952,-11.36,-11.079,0.966,-0.271,2.251
-11.958,-12.945,-24.228,-2.636,-0.713,4.393
-16.332,-19.559,-19.125,-4.3,0.0,4.161
-10.996,-19.143,-17.711,-4.206,-0.85,3.805
-5.947,-8.529,-17.443,-2.591,-1.675,2.118
-6.28,-3.431,-15.117,-0.765,-2.64,1.506
-2.77,-1.812,-12.654,-0.122,-2.307,1.308
0.8,0.0,-11.82,0.151,-1.841,1.225
-0.408,2.524,-7.161,-0.176,-0.763,1.027
-2.208,3.46,-4.361,-0.107,-0.528,0.471
-2.146,3.413,-4.773,0.13,0.0,0.181
-2.461,2.676,-4.78,0.257,0.0,-0.761
-2.402,1.192,-5.632,0.563,-0.462,-1.731
-1.574,-0.115,-8.692,0.682,-0.344,-2.428
-1.833,-1.241,-10.815,0.636,0.285,-3.126
-3.228,-3.44,-11.821,0.38,0.715,-3.941
