0.953,-9.676,-9.591,0.0,-0.215,0.0
0.926,-9.628,-9.712,0.0,-0.217,0.0
0.676,-9.691,-9.629,0.0,-0.33,0.0
0.713,-9.664,-9.598,0.0,-0.5,0.0
0.644,-9.723,-9.495,0.0,-0.606,0.0
0.715,-9.782,-9.527,0.163,-0.721,0.0
-3.227,-10.003,-6.028,-0.2,-3.182,-0.274
-4.629,-12.659,-7.948,2.732,-4.354,0.303
-8.014,-13.399,-18.543,-0.804,1.181,3.898
-11.448,-19.559,-18.291,-4.3,1.195,4.393
-3.252,-15.004,-10.508,-4.258,-1.694,3.027
-5.105,-6.968,-11.503,-1.95,-2.531,1.039
-6.299,-3.735,-15.949,-1.046,-1.656,0.377
-8.725,-2.0,-14.242,-0.186,-1.936,0.0
-7.853,-1.909,-13.587,0.0,-1.89,0.742
-6.868,-1.065,-11.178,0.169,-1.886,0.881
-5.911,-0.27,-9.252,0.0,-1.459,1.156
-4.229,0.73,-7.122,0.0,-1.232,0.905
-5.047,1.516,-6.184,0.109,-0.65,0.563
-5.591,2.122,-5.959,0.0,-0.369,0.306
-5.922,2.323,-5.395,0.0,-0.16,0.104
-5.302,1.887,-4.537,0.278,0.0,-0.128
-2.88,1.155,-6.232,0.361,0.0,-0.774
-1.952,-0.304,-7.696,0.666,-0.599,-2.054
-1.443,-1.85,-9.009,0.582,-0.549,-3.291
