1.293,-9.544,-9.147,0.0,-0.247,0.107
1.448,-9.611,-9.233,0.0,-0.187,0.0
0.982,-9.55,-9.354,0.0,0.0,0.0
1.024,-9.641,-9.28,0.0,0.0,0.0
1.129,-9.526,-9.192,0.0,0.154,0.0
0.549,-9.754,-9.062,0.0,0.0,0.0
0.339,-9.794,-9.059,0.0,-0.586,0.0
-1.374,-9.627,-8.353,-0.137,-1.571,0.0
-2.632,-11.875,-6.926,0.484,-2.736,0.305
-9.598,-11.273,-11.652,1.597,-0.676,2.518
-14.552,-19.559,-23.696,-4.3,2.482,4.255
-11.109,-19.559,-22.376,-4.3,0.0,3.511
-4.502,-13.297,-13.472,-3.801,-2.487,1.733
-0.998,-3.505,-16.368,-0.939,-3.267,0.597
-2.749,-1.89,-12.834,0.0,-3.165,0.399
-3.306,-1.473,-11.936,0.741,-2.46,1.026
-3.456,-0.305,-8.906,0.0,-1.403,1.339
-3.785,0.752,-6.056,0.0,-0.793,1.089
-3.9,1.341,-5.83,0.197,-0.383,0.553
-3.653,1.668,-5.175,0.105,-0.316,-0.258
-1.953,1.4,-7.582,0.351,0.0,-1.311
-1.688,0.16,-9.265,0.345,0.0,-2.21
-3.784,-1.976,-9.669,0.434,0.197,-2.96
-3.554,-3.008,-12.039,-0.164,1.496,-2.914
-8.102,-9.503,-11.844,1.037,3.223,-2.923
