-4.835,4.214,-5.402,0.443,-0.14,0.421
-5.044,4.884,-5.581,0.127,0.0,0.0
-5.734,4.965,-4.904,0.394,0.0,-0.152
-4.862,4.338,-6.973,0.696,-0.255,-0.523
-3.784,2.938,-7.764,0.394,-0.781,-1.316
-3.262,1.304,-6.89,-0.151,-1.005,-2.263
-1.239,0.0,-8.589,-0.512,-0.932,-2.992
-2.779,-1.938,-9.482,-0.734,-1.155,-3.643
-3.092,-5.262,-10.2,-1.799,1.154,-3.156
-6.396,-12.645,-8.965,-1.724,3.406,-3.573
-8.446,-17.506,-8.676,-0.504,2.514,-4.105
-5.068,-19.559,-11.257,1.005,3.121,-2.951
-3.906,-16.951,-11.221,0.102,3.656,-2.426
-3.596,-14.218,-9.169,-0.551,1.967,-1.849
-3.408,-11.148,-8.56,-0.613,0.899,-0.218
0.0,-10.425,-8.704,-0.22,0.817,0.862
0.951,-9.737,-9.299,0.0,0.498,0.548
0.637,-9.675,-9.744,0.0,0.152,0.203
0.682,-9.743,-9.525,0.0,-0.179,0.0
0.752,-9.684,-9.764,0.0,-0.12,0.0
0.621,-9.784,-9.653,0.0,-0.125,0.0
0.708,-9.638,-9.598,0.0,0.0,0.0
0.603,-9.683,-9.618,0.0,0.0,0.0
0.612,-9.657,-9.66,0.0,0.0,0.0
0.609,-9.691,-9.681,0.0,0.0,0.0
