0.783,-9.666,-9.326,0.0,0.0,0.0
0.828,-9.615,-9.296,0.0,-0.351,0.0
1.461,-9.786,-9.401,0.0,-0.377,0.0
1.569,-9.749,-9.191,0.0,0.0,0.0
1.233,-9.602,-9.16,0.0,0.0,0.0
1.057,-9.598,-9.077,0.0,-0.255,0.0
1.474,-9.632,-9.26,0.151,-0.239,0.114
0.0,-9.199,-8.633,0.0,-0.12,0.0
-6.391,-11.1,-9.011,0.678,4.306,0.484
-8.151,-14.821,-22.861,-2.692,-1.478,3.932
-14.907,-19.559,-23.34,-4.3,-0.559,3.191
-7.622,-19.559,-23.124,-4.3,-1.408,2.268
-2.973,-10.689,-16.82,-3.801,-4.152,0.884
-4.654,-4.793,-18.356,-1.667,-2.957,1.755
0.372,-1.81,-12.809,-1.024,-2.93,1.999
1.145,0.87,-10.456,-0.626,-1.832,1.257
-1.655,2.983,-6.616,-0.379,-1.438,0.235
-4.059,3.628,-4.96,0.0,-0.885,-0.167
-5.265,3.735,-4.904,0.202,-0.346,-0.189
-5.473,3.376,-5.107,0.428,-0.134,-0.263
-4.539,2.628,-5.995,0.689,-0.25,-0.577
-2.739,1.169,-7.108,0.735,-1.061,-1.684
-1.821,0.0,-8.597,0.723,-0.74,-2.422
-1.346,-1.199,-9.101,0.654,-0.595,-3.114
-2.93,-4.052,-9.798,0.275,0.276,-4.337
