1.081,-9.588,-9.214,0.0,0.0,0.0
1.22,-9.622,-9.324,0.0,0.0,0.0
1.233,-9.64,-9.287,0.0,0.21,0.0
0.66,-9.725,-8.968,0.0,0.0,0.0
0.731,-9.673,-9.214,0.0,-0.323,0.0
1.174,-9.581,-9.494,0.0,-0.227,0.0
1.096,-9.647,-9.25,0.0,0.0,0.0
0.887,-9.715,-9.234,0.0,-0.199,0.0
-1.285,-9.833,-7.614,0.0,-1.164,-0.155
-7.583,-13.228,-5.687,0.508,-1.32,0.653
-15.338,-18.003,-23.171,-1.008,-0.735,3.112
-13.909,-19.559,-23.92,-4.3,-0.946,4.393
-0.789,-19.559,-18.227,-4.3,-2.819,4.393
1.948,-7.26,-14.096,-2.492,-2.326,2.667
2.105,-3.015,-12.154,-1.08,-2.523,1.779
-1.818,-0.996,-7.733,-0.455,-2.134,1.046
-2.417,1.357,-7.234,0.327,-1.004,1.115
-3.06,2.786,-6.261,0.303,-0.714,0.489
-3.683,2.881,-5.393,0.425,-0.362,0.0
-2.909,2.406,-5.597,0.675,-0.201,-0.605
-2.199,1.091,-7.081,0.726,0.298,-1.45
-1.455,-0.403,-8.839,1.321,-0.688,-2.667
-3.366,-2.029,-10.234,1.28,0.108,-3.384
-4.944,-4.506,-11.825,1.276,1.54,-3.984
-6.028,-11.523,-12.93,1.685,2.32,-4.337
