-0.641,-10.219,-10.346,0.0,0.0,0.0
-0.757,-10.276,-10.452,0.0,0.0,0.0
-0.713,-10.238,-10.456,0.0,0.0,0.0
-0.576,-10.167,-10.387,0.0,0.0,0.0
-0.553,-10.185,-10.472,0.0,0.0,0.0
-0.619,-10.154,-10.389,0.0,0.0,0.0
-0.646,-10.188,-10.393,0.0,-0.128,-0.16
-1.345,-10.245,-10.929,0.0,-0.289,-0.248
-4.985,-11.795,-12.456,-0.653,-0.727,0.0
-9.942,-14.31,-14.734,-1.029,-1.107,2.065
-12.085,-18.64,-17.208,-1.964,-1.431,4.103
-9.422,-19.081,-19.193,-2.548,-0.999,4.357
-5.067,-12.595,-14.485,-3.689,-1.802,4.357
-4.627,-5.458,-12.208,-2.025,-2.493,3.341
-3.259,-1.445,-12.264,-1.257,-1.997,2.727
-1.141,-0.286,-8.984,-0.485,-2.667,2.137
-0.459,2.352,-7.169,0.0,-0.976,0.998
-1.747,3.984,-5.971,0.358,-0.666,0.0
-3.865,4.541,-6.356,1.038,-0.672,-0.686
-7.813,5.337,-6.414,1.153,-1.206,-1.066
-5.961,4.566,-6.587,1.185,-0.409,-1.128
-4.382,4.171,-9.482,2.176,-0.922,-1.875
-2.754,3.175,-9.339,0.546,-0.933,-3.011
-5.535,-4.55,-8.593,-0.182,1.441,-4.373
-7.978,-9.115,-10.99,1.695,0.748,-4.373
