-0.738,-10.329,-10.072,0.0,0.0,0.0
-0.695,-10.335,-10.017,0.0,0.0,0.0
-0.47,-10.185,-10.113,0.0,0.0,0.0
-0.339,-10.106,-10.121,0.0,0.0,0.0
-0.428,-10.213,-10.083,0.0,0.0,0.0
-0.516,-10.253,-10.071,0.0,0.0,0.0
-0.435,-10.208,-10.11,0.0,0.0,0.0
-1.372,-10.646,-11.232,-0.228,0.297,0.0
-6.88,-12.812,-11.416,-0.969,-0.162,0.726
-9.134,-15.025,-14.536,-0.438,-1.798,2.197
-10.583,-17.769,-16.758,-1.973,-1.483,4.193
-8.456,-15.707,-17.115,-2.707,-1.665,4.357
-5.707,-10.082,-13.953,-3.577,-1.701,4.21
-5.7,-4.304,-10.407,-1.571,-1.432,3.045
-4.548,-0.699,-12.357,-1.281,-1.619,2.634
-4.698,0.236,-10.622,-1.136,-1.694,2.159
0.0,2.315,-6.98,-0.635,-1.64,1.365
-2.841,4.074,-4.744,0.276,-0.602,-0.156
-5.481,4.93,-5.484,0.828,0.0,-0.483
-5.378,3.926,-7.064,0.926,-0.182,-0.731
-4.725,3.138,-7.438,1.69,-1.317,-1.038
-2.862,2.298,-8.182,1.676,-0.481,-2.165
-3.253,0.782,-10.672,1.647,-0.715,-3.357
-6.453,-5.703,-9.89,0.436,0.8,-4.373
-7.495,-12.195,-9.726,1.031,1.794,-4.373
