5.779,0.188,-3.004,0.0,0.0,0.665,2.428,0.0,-1.427,0.0,-0.189,0.467
5.04,0.228,-2.361,0.0,0.256,0.0,2.488,-1.369,-0.935,0.0,0.259,0.325
4.344,0.611,-2.214,0.0,0.0,0.147,1.863,-0.632,-0.668,0.125,0.139,0.0
5.093,-0.145,-2.645,0.0,0.0,0.21,1.756,-0.874,-0.603,0.0,0.0,0.337
5.151,0.0,-2.272,0.0,0.0,0.104,1.71,-0.87,-1.074,0.0,0.119,0.0
5.328,0.29,-2.827,0.0,-0.113,-0.152,2.258,-1.004,-0.845,0.0,0.0,0.0
5.559,0.103,-2.431,-0.26,0.0,-0.106,2.3,-0.913,-0.997,-0.181,0.0,-0.238
4.931,0.278,-2.831,-0.224,0.127,-0.49,2.571,-1.395,-0.498,-0.165,0.0,-0.278
3.907,2.6,0.1,-0.172,0.635,0.233,1.1,0.291,-1.37,0.0,0.114,-0.423
10.318,3.526,8.495,3.017,1.0,-0.927,5.031,2.322,9.327,0.735,-1.185,-0.814
8.991,-12.407,0.0,4.503,1.528,-3.845,12.967,-2.132,9.327,4.461,-0.606,-0.859
-1.614,-4.513,-19.017,4.503,2.695,-1.122,-4.25,-10.963,-12.076,4.461,1.756,-2.984
-0.603,-0.393,-24.727,-1.085,-0.947,-0.603,-1.664,-4.593,-23.446,0.919,-1.088,-0.624
1.376,1.232,-12.597,-4.227,-2.608,0.688,-2.199,1.177,-17.307,-2.793,-0.866,0.0
6.233,-0.529,-6.976,-4.227,-2.639,1.136,2.132,-1.221,-6.739,-4.269,-1.942,0.767
7.995,-0.754,3.704,-4.227,0.698,-0.585,4.166,-1.831,-1.986,-4.259,0.602,0.411
6.641,0.372,7.618,-3.781,-1.4,-1.226,7.909,-3.601,7.281,-4.045,0.379,-0.981
6.095,-1.496,3.777,-2.314,-0.631,-2.139,5.515,-3.168,5.612,-3.082,-0.49,-1.02
5.055,-1.755,1.455,-1.591,-0.505,-1.819,2.873,-2.241,2.671,-2.118,-0.14,-1.84
4.082,-1.24,-0.463,-0.922,0.215,-1.976,2.18,-2.792,0.694,-1.523,0.0,-2.013
3.634,-0.685,-1.215,-0.586,0.24,-1.911,2.288,-2.86,-0.966,-0.871,0.487,-1.865
3.325,-0.159,-1.337,-0.393,0.431,-1.531,2.314,-2.778,-1.778,-0.51,0.566,-1.703
3.099,0.0,-2.202,-0.294,0.0,-1.339,2.777,-2.648,-1.811,-0.313,0.5,-1.272
4.773,-0.945,-0.56,-0.294,-0.38,-0.781,2.18,-2.069,-1.548,-0.478,0.0,-0.839
0.207,2.721,-2.613,-0.44,-0.658,-1.063,1.54,-2.255,-2.252,-0.189,-0.25,-1.638
