-0.706,-10.147,-10.256,0.0,0.0,0.0
-0.77,-10.18,-10.241,0.0,0.0,0.0
-0.965,-10.232,-10.18,0.0,0.0,0.0
-1.008,-10.28,-10.179,0.0,0.0,0.0
-1.047,-10.238,-10.15,0.0,0.0,0.0
-1.046,-10.221,-10.216,0.0,0.0,0.0
-3.152,-11.014,-10.792,0.111,-0.439,0.0
-6.027,-12.049,-11.462,0.0,-1.002,0.654
-6.745,-13.374,-12.7,-1.176,-0.683,2.158
-11.912,-16.458,-15.429,-1.63,-0.747,3.783
-10.535,-15.552,-18.283,-3.07,-1.004,4.357
-7.354,-11.392,-14.561,-3.709,-2.086,4.014
-6.003,-5.977,-10.707,-2.64,-2.336,3.153
-4.223,-2.086,-11.117,-0.26,-2.524,2.85
-2.821,0.308,-11.08,0.0,-1.404,2.369
-0.154,2.756,-8.089,-0.912,-1.863,1.778
-1.7,4.35,-5.964,0.0,-0.573,-0.131
-4.027,4.605,-4.674,0.264,0.106,-0.284
-5.362,3.608,-5.861,0.769,0.0,-0.561
-4.087,3.78,-7.4,1.378,-1.221,-1.079
-3.333,3.212,-8.621,1.147,-2.19,-2.94
-5.041,0.694,-7.715,-0.187,-1.55,-4.245
-5.356,-2.511,-6.923,-0.331,1.317,-4.373
-10.041,-8.81,-11.375,-0.485,4.377,-4.373
-13.841,-12.163,-9.956,0.308,-0.677,-4.373
