-0.889,-10.285,-10.176,0.0,-0.124,0.0
-0.587,-10.208,-10.304,0.0,0.0,0.0
-0.609,-10.17,-10.325,0.0,0.0,0.0
-0.667,-10.087,-10.426,0.0,0.0,0.0
-0.731,-10.445,-9.956,0.0,-0.13,0.0
-0.458,-10.218,-9.99,0.0,0.0,0.0
-0.644,-10.036,-10.294,0.121,0.0,-0.177
-1.612,-10.343,-11.231,0.155,-0.298,-0.317
-4.847,-12.03,-12.318,-0.193,-1.127,0.0
-9.956,-15.691,-13.45,-0.917,-1.292,2.095
-11.635,-19.849,-15.519,-2.164,-0.817,4.357
-9.228,-18.53,-15.744,-2.834,-1.677,4.357
-4.239,-10.577,-14.105,-3.065,-1.071,4.357
-5.744,-4.498,-11.275,-1.652,-1.941,3.096
-4.383,-1.269,-12.33,-1.158,-2.313,2.569
-2.726,0.32,-9.263,-0.382,-2.362,2.305
1.347,2.49,-7.126,0.182,-1.879,0.964
-1.935,4.317,-6.261,0.0,-1.16,-0.439
-5.391,4.523,-4.755,0.51,-0.856,-0.662
-5.213,4.436,-4.871,1.627,-2.575,-0.896
-3.045,4.227,-8.159,1.854,-4.169,-2.082
-1.889,3.71,-8.869,-0.571,-1.267,-2.957
-2.431,0.836,-8.189,-1.307,2.191,-3.436
-5.693,-6.414,-8.326,-1.415,2.194,-4.373
-9.102,-14.418,-9.034,-0.752,2.444,-4.373
