3.283,-0.281,-1.405,0.0,0.135,-0.169,2.435,-1.99,-1.074,-0.236,-0.142,0.299
2.195,0.32,-0.921,0.277,0.518,0.391,1.024,-1.199,-1.518,0.321,0.403,0.0
2.897,0.521,-0.648,0.363,0.213,0.683,1.926,-1.972,-0.7,0.608,0.709,0.584
2.803,1.87,-3.334,0.404,0.615,0.335,1.865,-0.956,-2.386,0.503,0.161,0.483
3.35,2.7,-1.32,0.0,0.365,0.589,2.072,0.518,-2.172,0.185,0.582,0.583
4.093,2.915,1.029,0.283,-0.103,-0.167,3.346,0.321,0.0,0.134,0.0,0.286
5.442,1.307,1.114,0.0,-0.349,0.223,3.394,0.726,1.002,0.116,-0.451,-0.131
3.664,0.605,-1.128,0.428,0.167,-0.853,4.34,-2.012,1.02,0.256,0.129,-0.373
2.168,1.755,-1.033,0.402,1.241,-1.384,1.549,-0.811,-2.355,0.204,0.258,-0.908
11.894,-5.814,8.495,3.825,-0.237,-0.524,2.559,0.178,9.327,0.91,0.349,-0.51
-0.741,-12.38,-8.202,4.503,1.787,-3.843,11.587,-9.186,9.327,4.461,-2.614,-2.664
-2.349,-7.464,-20.419,4.503,0.0,0.845,-9.36,-7.586,-12.458,4.461,0.679,-2.738
-2.538,2.591,-25.925,0.0,1.616,-0.417,-9.808,-3.069,-29.898,3.415,0.0,-0.944
-0.759,3.638,-14.496,-3.001,0.419,0.0,-3.187,2.467,-17.613,-1.333,1.294,0.339
-0.508,3.406,-8.862,-4.227,-0.649,0.234,-1.25,2.35,-10.999,-3.73,0.928,0.876
1.321,0.483,2.493,-4.227,0.196,1.623,-0.374,1.279,-1.51,-4.269,0.108,1.937
1.873,0.849,6.55,-3.112,0.0,0.362,2.638,-1.602,4.335,-3.214,1.748,1.625
0.95,2.588,4.395,-1.8,-0.234,1.03,1.832,0.584,6.709,-2.163,0.288,0.679
1.009,3.267,2.596,-1.043,-0.273,0.927,2.261,-0.398,3.498,-1.309,0.154,1.01
2.414,2.915,0.938,-0.213,-0.155,0.281,2.254,0.28,1.268,-0.677,-0.253,0.817
3.734,2.639,0.236,0.173,0.367,-0.301,2.522,0.712,0.161,0.0,0.0,0.179
3.078,3.394,0.695,0.0,-0.144,-0.328,3.397,0.449,0.536,0.179,0.286,-0.577
4.931,0.0,0.975,0.0,0.0,-0.565,3.917,-1.136,1.095,-0.175,0.0,-0.271
3.698,-0.228,-3.119,0.0,0.0,-1.884,3.911,-2.669,-1.067,-0.134,0.0,-1.138
3.28,-0.636,-0.84,-0.405,0.516,-1.563,1.437,-1.697,-3.186,-0.307,0.31,-1.831
