5.548,-0.538,-0.471,0.113,0.0,0.0,4.05,-2.812,-2.788,0.202,-0.356,-0.364
2.82,0.0,-2.393,0.501,-0.203,0.0,2.791,-3.101,-3.225,0.372,-0.313,0.294
3.717,-0.931,-1.83,0.322,0.0,0.587,3.73,-3.614,-3.206,0.496,-0.117,0.343
4.271,-0.348,-2.853,0.387,0.212,0.217,3.863,-2.632,-3.662,0.481,0.342,0.112
4.324,0.589,-2.723,0.337,0.421,0.155,4.057,-1.832,-3.564,0.433,0.319,0.253
4.765,0.801,-1.813,0.355,0.312,0.508,4.776,-1.931,-3.312,0.526,0.0,0.444
4.593,1.222,-2.429,0.545,0.26,0.664,4.328,-1.527,-3.594,0.76,0.0,0.733
4.58,1.066,-2.236,0.571,0.316,1.147,4.866,-1.965,-3.891,0.911,0.11,0.871
4.109,1.831,-2.334,0.206,0.555,1.165,6.256,-2.459,1.559,0.317,0.383,1.405
13.687,-1.61,8.495,0.786,0.107,0.687,16.059,-12.278,9.327,3.576,-0.15,-2.808
5.536,-7.94,8.495,4.503,-0.139,-2.735,-4.537,-10.899,-6.966,4.461,0.41,-4.36
-2.76,-8.012,-15.052,4.503,1.937,-0.548,-6.157,-5.319,-20.166,3.65,-1.058,-0.98
-1.443,-1.085,-26.592,1.828,0.828,-0.416,-6.889,3.773,-21.709,0.149,0.908,-0.274
-2.39,4.492,-16.934,-2.314,-0.356,0.199,-0.825,1.91,-10.626,-3.426,0.112,1.664
1.323,3.613,-6.108,-4.227,-1.305,0.9,2.739,1.39,-3.299,-3.281,0.356,1.781
3.498,3.33,-0.652,-3.172,0.532,0.737,4.9,0.607,-0.267,-2.281,1.336,1.09
3.633,4.013,1.586,-2.753,0.0,0.399,5.237,0.689,1.195,-1.894,1.075,0.532
2.648,4.35,2.503,-1.791,0.68,-0.483,5.106,0.548,0.999,-1.992,0.458,-0.321
2.177,4.105,0.405,-2.107,-0.598,-1.129,2.846,0.0,-0.176,-1.733,1.016,-0.597
2.273,0.659,2.758,-1.063,1.254,-1.667,2.854,-2.215,2.113,-1.031,1.116,-1.58
1.175,-0.23,2.637,-0.234,0.537,-1.76,1.96,-3.702,0.123,-0.385,0.31,-1.863
0.542,-0.714,0.382,-0.218,0.0,-1.619,1.376,-4.1,0.194,0.0,0.491,-1.092
0.756,-1.475,1.65,0.229,-0.118,-0.964,1.438,-3.52,-0.651,-0.213,-0.856,-0.679
1.336,-1.401,-1.812,0.298,-0.987,-0.376,0.313,-3.245,-3.006,-0.311,-0.97,-0.476
0.348,-0.268,-2.253,-0.265,-0.991,0.105,0.426,-3.24,-2.393,-0.309,-0.58,0.251
