-0.802,-10.253,-10.25,0.0,0.0,0.0
-1.06,-10.251,-10.217,0.0,0.0,0.0
-1.078,-10.224,-10.498,0.0,-0.263,-0.105
-3.03,-10.88,-12.088,-0.128,-0.31,-0.203
-10.503,-13.946,-12.327,-0.499,-1.478,1.301
-11.039,-18.03,-15.372,-0.943,-1.36,3.923
-10.44,-18.414,-15.496,-2.733,-0.986,4.357
-8.421,-13.499,-15.511,-2.573,-1.668,4.357
-6.716,-7.816,-13.882,-2.341,-1.617,4.222
-4.209,-3.729,-12.938,-1.902,-1.524,4.158
1.093,-0.441,-8.741,-1.649,-1.173,3.105
1.909,3.045,-6.046,-0.606,-1.389,0.727
-3.083,4.712,-5.069,0.0,-0.43,-0.623
-5.793,4.871,-5.353,0.714,0.0,-0.623
-6.388,4.022,-6.405,1.036,-0.368,-0.531
-5.605,3.33,-7.206,1.564,-1.944,-1.2
-3.435,3.673,-7.699,1.877,-4.011,-2.049
-2.305,1.957,-8.926,1.107,-1.441,-4.074
-5.416,-3.602,-8.956,0.116,0.328,-4.373
-9.329,-8.721,-7.234,-0.128,0.643,-4.373
-10.881,-12.941,-7.562,-0.357,-1.997,-4.373
-6.499,-17.814,-4.01,-3.173,0.302,-4.127
-2.838,-15.214,-8.038,-1.838,2.321,-2.878
-6.635,-15.85,-6.787,-1.268,1.631,-2.449
-5.158,-11.771,-9.41,0.176,-0.514,0.0
