2.795,0.972,-1.419,0.3,0.147,0.107,2.509,-1.649,-1.921,0.388,0.191,0.104
2.113,1.852,-1.045,0.255,0.132,0.195,1.975,-0.832,-2.072,0.223,0.0,0.286
1.947,2.143,-0.398,-0.148,0.0,0.876,4.329,-2.646,-0.765,-0.166,-0.261,0.701
3.307,1.141,-0.701,0.0,-0.104,0.0,2.984,-1.643,-1.3,0.201,0.0,-0.123
1.827,2.113,-0.495,0.267,-0.105,0.0,2.433,-0.767,-1.517,0.261,-0.249,0.0
2.512,1.771,-1.288,0.32,-0.184,0.165,2.547,-1.15,-2.271,0.264,-0.182,0.0
2.347,1.732,-1.937,0.252,0.0,0.0,2.68,-1.605,-2.491,0.0,0.0,0.0
2.818,1.111,-0.941,0.0,0.0,0.0,3.242,-2.646,-1.567,0.0,0.114,0.0
2.632,1.845,-1.348,-0.172,0.3,-0.26,3.427,-0.647,0.0,-0.335,0.607,0.106
4.113,4.953,8.495,-1.021,0.717,-0.491,15.061,-0.838,9.327,1.169,0.0,-1.511
10.873,-2.489,8.495,4.503,-0.383,-1.316,14.487,-19.566,9.327,4.461,-2.977,-4.36
5.281,-19.246,-5.018,4.503,1.601,-4.121,-8.284,-19.566,-14.903,4.461,1.36,-4.356
-0.781,-14.177,-22.401,4.503,1.405,0.416,-9.425,-7.491,-29.898,3.169,0.0,-1.027
-2.877,-0.949,-30.73,0.0,1.533,-0.829,-7.431,2.064,-23.357,-1.575,1.402,0.573
-0.702,1.518,-19.737,-3.8,-0.28,0.518,-1.171,-0.186,-12.416,-4.269,0.677,2.481
1.661,1.259,-7.687,-4.227,-0.348,1.394,3.622,-0.169,-4.435,-4.269,0.525,2.766
5.081,1.643,-2.439,-4.227,0.152,1.371,5.866,0.0,-0.125,-3.341,1.502,2.315
5.347,3.323,5.319,-3.153,0.721,1.244,8.72,-0.722,3.547,-2.122,0.599,1.801
5.754,4.306,7.092,-2.176,-0.905,1.596,8.902,-1.612,2.238,-1.24,-0.91,1.38
5.594,3.425,3.205,-0.818,-0.962,0.727,6.802,-1.391,-0.111,-0.451,-0.72,0.671
5.991,1.143,-0.587,-0.243,-0.809,0.0,5.039,-1.67,-2.388,-0.193,-0.13,-0.401
4.755,1.265,-1.96,0.131,0.131,-0.78,4.234,-1.409,-4.002,-0.133,0.218,-0.943
3.614,2.214,-2.922,0.0,0.217,-0.975,4.031,-0.715,-4.002,-0.159,0.227,-0.724
3.657,2.926,-3.319,-0.169,0.0,-0.566,3.94,0.0,-3.661,-0.211,0.391,0.0
4.767,2.094,-0.877,-0.334,0.0,0.224,5.188,-1.5,-3.472,-0.455,-0.102,-0.147
