-0.85,-10.259,-10.335,0.0,0.0,0.0
-0.725,-10.177,-10.315,0.0,0.0,0.0
-0.904,-10.189,-10.374,0.0,0.0,0.0
-0.916,-10.208,-10.374,0.0,0.0,0.0
-1.681,-10.41,-10.921,0.131,-0.433,-0.146
-2.152,-10.984,-10.561,0.0,-1.005,0.0
-3.914,-11.407,-10.527,0.0,-1.095,0.669
-6.617,-12.955,-9.785,0.176,-1.419,1.453
-9.077,-15.552,-11.585,-0.252,-0.62,2.737
-11.529,-16.773,-14.55,-1.452,-0.422,4.357
-9.265,-13.614,-13.535,-2.904,-0.2,4.357
-7.157,-7.218,-12.576,-2.905,-1.568,4.06
-6.373,-3.358,-11.084,-1.47,-1.716,3.245
-4.508,-1.471,-7.85,-0.624,-2.797,2.65
-2.404,0.988,-8.778,0.145,-1.58,2.698
0.789,3.783,-6.294,0.289,-1.246,1.66
-0.327,5.657,-5.693,0.384,-0.593,0.0
-2.948,6.092,-6.202,0.637,-0.353,-0.739
-5.184,4.36,-5.625,1.152,-1.643,-1.342
-5.857,4.208,-6.669,2.086,-4.15,-2.289
-2.653,5.137,-9.189,1.908,-3.469,-2.758
-2.437,2.525,-7.817,-1.245,-1.077,-4.316
-5.316,-4.779,-7.134,-3.445,-0.427,-4.373
-5.513,-10.354,-7.31,-1.685,3.679,-4.373
-11.156,-17.853,-4.157,-2.172,0.0,-4.373
