-0.82,-10.237,-10.438,0.0,0.0,0.0
-0.826,-10.209,-10.216,0.0,0.0,0.0
-0.812,-10.225,-10.237,0.0,0.0,0.0
-0.807,-10.195,-10.246,0.0,0.0,0.0
-0.802,-10.24,-10.227,0.0,0.0,0.0
-0.825,-10.178,-10.315,0.0,0.0,0.0
-0.908,-10.158,-10.369,0.0,0.0,0.0
-3.027,-10.947,-11.454,0.0,-0.284,0.0
-8.731,-12.792,-13.316,-0.911,-1.003,1.333
-10.765,-16.482,-14.578,-2.382,-0.213,3.357
-11.093,-15.886,-18.491,-2.269,-1.339,4.275
-9.79,-13.146,-17.017,-3.41,-1.385,4.233
-7.84,-7.917,-14.971,-2.649,-2.704,3.919
-6.187,-3.788,-12.974,-1.41,-3.123,3.224
-1.468,-1.481,-11.001,-0.717,-2.622,2.635
1.234,1.01,-7.614,-0.596,-1.828,1.869
-0.103,3.133,-6.777,0.15,-1.104,0.347
-2.723,4.27,-4.872,0.682,-0.943,-0.492
-5.407,3.127,-4.289,1.627,-2.608,-1.449
-4.887,3.065,-5.394,1.296,-3.323,-2.449
-1.77,4.427,-8.036,1.406,-2.195,-2.023
-1.388,3.218,-8.517,-0.903,2.382,-3.66
-6.137,-5.269,-8.452,-0.167,2.403,-4.373
-7.637,-9.479,-9.75,0.609,0.674,-4.373
-11.325,-17.345,-7.352,-1.584,0.151,-4.373
