-0.868,-10.233,-10.324,0.0,0.0,0.0
-1.071,-10.198,-10.286,0.0,0.0,0.0
-1.472,-10.407,-10.543,0.0,-0.144,0.0
-2.867,-10.874,-11.366,-0.27,-0.624,0.195
-7.737,-12.825,-13.408,-0.874,-0.905,1.069
-9.054,-15.302,-14.649,-1.683,-0.558,3.022
-10.279,-16.186,-13.915,-1.42,-0.961,3.847
-7.881,-12.836,-16.473,-1.839,-1.34,4.357
-6.38,-8.346,-14.859,-2.303,-1.484,3.982
-6.752,-4.222,-11.54,-2.348,-1.235,2.919
-6.62,-1.257,-10.587,-0.989,-2.75,2.625
-2.234,0.438,-10.31,0.0,-2.142,2.521
0.372,3.02,-7.563,0.242,-1.615,1.247
-1.208,4.648,-6.01,0.0,-1.042,0.121
-3.84,5.305,-4.744,0.486,-0.556,-0.51
-4.814,4.351,-5.643,0.796,-0.788,-1.049
-4.73,3.244,-5.782,1.519,-2.326,-2.114
-3.016,3.679,-7.112,1.178,-2.193,-2.723
-3.119,1.835,-7.916,-0.26,-0.261,-3.423
-4.22,-3.305,-8.019,-0.735,1.71,-4.373
-5.505,-7.173,-10.081,-1.524,2.766,-4.373
-10.601,-14.012,-7.393,0.577,0.526,-4.373
-6.464,-12.333,-10.443,-0.834,-0.162,-3.58
-6.085,-15.685,-7.564,-1.256,1.306,-3.065
-1.565,-14.504,-9.278,-0.714,0.689,-2.216
