-5.523,-1.043,-11.375,-0.751,-2.966,2.347
-2.135,1.21,-7.682,-0.404,-1.957,2.028
0.154,3.097,-6.569,0.316,-1.356,0.889
-1.752,4.462,-6.149,0.537,-0.727,-0.369
-5.02,4.289,-6.516,0.742,0.0,-0.848
-5.378,3.376,-6.942,1.221,-1.102,-1.14
-3.422,2.215,-7.613,1.891,-2.238,-1.991
-2.647,3.188,-9.805,1.176,-0.553,-2.843
-4.892,0.412,-8.122,-0.42,0.372,-4.354
-8.203,-6.461,-8.006,0.328,1.619,-4.373
-9.905,-12.18,-8.523,-0.191,-0.373,-4.373
-6.167,-13.889,-8.023,-1.394,0.216,-3.705
-5.366,-15.112,-8.646,-1.921,2.344,-2.951
-4.759,-15.5,-8.063,-0.409,2.011,-2.565
-4.018,-12.691,-11.377,0.621,-0.204,-1.967
-4.006,-11.582,-10.328,-0.479,0.324,0.0
-1.844,-10.889,-9.98,0.114,0.285,0.987
-0.949,-10.338,-10.841,0.192,0.379,1.171
-0.415,-10.131,-10.799,0.0,0.0,1.044
-0.106,-9.838,-10.419,-0.164,-0.388,0.619
0.0,-9.727,-10.072,-0.188,-0.33,0.134
-0.831,-10.313,-9.921,0.0,-0.398,-0.317
-1.186,-10.077,-10.164,0.0,-0.337,-0.368
-1.508,-10.325,-10.037,0.0,0.0,-0.272
-1.596,-10.198,-10.295,0.0,0.237,-0.119
