-0.735,-10.178,-9.957,0.0,0.0,0.0
-0.625,-10.168,-10.007,0.0,0.0,0.0
-0.479,-10.16,-9.922,0.0,0.0,0.0
-0.386,-10.079,-9.899,0.0,0.0,0.0
-0.506,-10.182,-9.972,0.0,0.0,0.0
-0.498,-10.244,-9.921,0.0,0.0,0.0
-0.599,-10.19,-9.839,0.0,0.0,0.0
-1.934,-10.522,-10.776,0.0,-0.105,0.0
-4.163,-12.341,-11.727,-0.356,-0.165,0.0
-10.196,-15.166,-13.956,-1.23,-0.974,1.987
-11.483,-19.162,-17.285,-1.856,-0.942,4.357
-8.359,-18.329,-17.538,-3.842,-1.181,4.357
-5.378,-11.498,-16.05,-2.951,-2.254,4.357
-4.18,-6.108,-12.794,-2.537,-1.998,3.488
-2.851,-2.399,-11.203,-1.299,-2.803,2.973
0.534,0.922,-8.09,-0.46,-1.898,1.927
-0.133,2.904,-4.709,-0.424,-1.257,0.532
-3.003,3.494,-4.631,0.648,-0.513,-0.24
-4.45,1.814,-4.679,1.387,-1.562,-1.003
-6.452,2.017,-8.089,3.229,-4.354,-1.871
-2.86,4.101,-9.417,1.491,-2.554,-2.446
-2.441,1.95,-8.804,0.0,0.727,-3.962
-7.177,-4.56,-7.764,-0.413,0.662,-4.373
-10.087,-10.468,-7.211,-1.431,0.0,-4.373
-9.101,-15.601,-7.581,-2.05,-0.106,-4.373
