-0.662,-10.14,-10.264,0.0,0.0,0.0
-0.671,-10.225,-10.295,0.0,0.0,0.0
-0.791,-10.221,-10.095,0.0,0.0,0.0
-0.868,-10.115,-10.38,0.0,0.0,0.0
-0.947,-10.173,-10.264,0.0,0.0,0.0
-1.047,-10.25,-10.219,0.0,0.0,0.0
-0.955,-10.222,-10.359,0.0,-0.138,0.0
-2.294,-10.791,-10.759,0.0,-0.513,0.0
-8.092,-12.758,-12.236,-0.349,-1.489,1.043
-9.469,-15.068,-14.254,-1.429,-0.851,2.923
-10.556,-16.738,-15.466,-1.715,-1.62,4.066
-8.55,-13.76,-15.998,-3.406,-1.081,4.357
-7.243,-8.307,-14.85,-2.757,-1.756,3.918
-7.011,-4.128,-10.787,-1.943,-2.248,2.806
-5.27,-1.364,-11.639,-0.654,-2.349,2.653
-2.027,0.291,-8.863,-0.853,-2.457,2.469
0.376,2.259,-6.512,0.276,-1.466,0.901
-1.684,3.024,-4.828,0.59,-1.142,-0.289
-4.17,2.47,-5.485,2.128,-2.264,-1.06
-7.485,3.867,-8.431,2.212,-3.584,-0.95
-3.649,6.298,-8.655,1.963,-3.015,-1.231
0.0,6.707,-9.258,1.112,-0.215,-2.572
-1.553,1.225,-8.214,-1.426,0.593,-4.373
-6.768,-5.421,-8.751,-1.595,1.298,-4.373
-11.365,-12.861,-8.909,-1.21,0.903,-4.373
