-0.968,-10.238,-9.985,0.0,0.0,0.0
-0.99,-10.22,-10.011,0.0,0.0,0.0
-1.158,-10.171,-10.279,0.0,0.0,-0.113
-2.231,-10.511,-11.118,0.0,-0.447,-0.319
-8.013,-12.15,-12.7,-0.204,-1.779,0.0
-8.737,-15.098,-13.538,-1.082,-1.562,2.525
-10.468,-18.056,-15.421,-1.867,-1.203,4.357
-9.643,-17.849,-14.859,-2.963,-1.255,4.357
-7.285,-11.866,-14.896,-2.541,-1.643,4.357
-3.867,-5.563,-12.749,-2.669,-1.419,3.441
-4.219,-1.148,-11.955,-0.85,-1.924,2.972
0.0,0.581,-7.921,-0.578,-2.08,2.441
0.968,3.08,-5.979,0.0,-1.534,0.596
-3.383,3.995,-5.01,0.264,-0.742,-0.552
-5.867,4.542,-5.912,0.627,-0.409,-0.973
-5.228,3.06,-6.416,0.793,-0.838,-1.154
-4.315,3.578,-7.796,2.185,-2.115,-1.809
-4.071,3.139,-9.243,1.477,-1.213,-2.657
-4.145,0.378,-9.626,0.0,0.221,-3.621
-7.246,-6.939,-9.567,-0.716,1.686,-4.373
-10.324,-13.188,-6.033,-0.524,0.104,-4.373
-8.64,-13.36,-9.197,-0.469,0.384,-4.373
-9.541,-16.186,-6.049,-1.684,3.15,-3.039
-4.354,-13.517,-10.222,0.804,0.614,-1.937
-1.918,-11.978,-11.822,0.0,0.869,-1.13
