-7.388,1.225,-1.679,0.0,0.0,0.0,-1.825,1.518,0.103,0.0,0.0,0.0
-6.983,1.11,-1.535,-0.102,0.0,0.102,-1.559,1.443,0.159,0.0,0.0,0.0
-6.459,1.18,-1.391,-0.149,0.108,0.125,-1.055,1.37,0.0,0.107,0.0,0.229
-6.642,0.726,-1.026,-0.108,0.0,0.0,-0.619,1.336,-0.205,-0.134,0.106,0.171
-6.754,0.757,-0.829,-0.132,0.199,0.0,-0.532,0.939,0.724,-0.235,0.257,0.135
-6.442,1.239,-0.998,0.165,0.0,0.0,-0.592,1.295,0.247,0.0,0.108,0.109
-6.517,1.696,-1.138,0.506,0.0,0.0,-0.57,1.737,0.232,0.173,0.133,0.0
-7.293,1.309,-0.131,0.707,-0.719,-0.27,-0.618,1.846,0.128,0.313,0.237,-0.138
-6.361,3.277,5.031,0.356,-0.301,-0.16,-0.83,2.301,2.533,0.544,0.873,0.0
-6.474,1.036,8.495,2.881,0.722,-0.878,2.734,4.829,8.261,-0.215,0.943,-0.914
-4.343,-0.182,-10.714,3.703,0.945,-0.871,0.781,1.167,2.273,3.489,0.34,-2.842
-7.747,0.982,-14.803,-0.744,1.008,0.233,-9.832,-2.08,-11.941,0.194,3.354,-1.446
-5.774,2.658,-6.118,-2.06,-1.041,-0.277,-7.726,2.0,-13.144,-1.219,-0.141,1.051
-6.556,2.255,1.618,-1.483,-0.978,-0.234,-5.635,1.879,-0.261,-2.308,-1.186,0.0
-6.428,2.345,1.764,-0.496,-0.464,0.0,-5.861,1.665,3.906,-0.949,-0.536,0.0
-6.295,1.769,1.229,-0.23,-0.219,0.143,-6.0,1.555,2.762,-0.761,0.15,0.136
-5.922,2.012,0.0,0.0,0.0,0.109,-5.503,1.592,1.898,0.0,-0.296,0.0
-5.799,1.933,-0.73,0.112,0.0,0.159,-5.46,1.396,0.68,0.0,0.0,0.156
-5.527,2.126,-0.929,0.0,0.0,0.0,-5.321,1.487,0.0,0.162,0.0,0.0
-5.427,2.07,-1.039,0.0,0.0,0.0,-5.168,1.458,0.147,0.0,0.0,0.0
-5.541,1.972,-0.89,0.0,0.0,-0.202,-5.255,1.519,0.0,0.0,0.0,0.0
-5.666,1.72,-0.464,0.0,0.0,-0.133,-5.276,1.235,0.321,-0.143,0.0,-0.194
-5.763,1.653,-0.217,-0.101,0.128,0.0,-5.346,1.005,0.686,-0.177,0.0,0.0
-5.656,1.785,-0.551,0.0,0.0,0.0,-5.303,1.068,0.539,0.0,0.0,0.0
-5.592,1.84,-1.041,0.0,0.1,0.0,-5.284,1.153,0.243,0.0,0.0,0.0
