0.141,-0.29,0.0,0.176,0.0,0.461,-1.416,-1.004,0.34,0.168,0.0,0.414
0.312,-0.638,0.0,0.124,0.0,0.458,-1.522,-1.226,0.345,0.15,0.0,0.498
0.202,-0.68,0.0,0.113,0.0,0.376,-1.574,-1.329,0.161,0.0,0.0,0.394
0.233,-0.694,0.0,0.0,0.0,0.311,-1.622,-1.294,0.297,0.186,0.0,0.316
0.0,-0.451,0.241,0.221,-0.134,0.251,-1.572,-1.005,0.666,0.218,0.0,0.223
-0.386,0.0,0.784,0.199,-0.225,0.543,-1.827,-0.642,0.471,0.295,-0.245,0.254
0.163,-0.521,3.118,0.467,0.0,0.521,-1.598,-0.68,1.936,0.356,-0.547,0.489
3.037,-2.802,8.495,3.34,1.373,0.103,0.183,-0.536,9.086,1.235,-0.342,0.783
0.926,-4.009,4.034,4.503,1.149,0.0,2.709,-1.35,9.327,4.461,-1.471,-0.141
1.025,-3.608,-25.085,4.503,4.405,0.144,-4.1,-5.246,-5.337,4.461,2.293,-0.902
10.069,-11.941,-30.73,-4.227,-0.158,-0.705,1.499,-8.563,-29.898,0.176,0.613,1.362
-4.633,-11.532,6.483,-4.227,-4.326,-1.219,-5.115,-10.33,-14.559,-4.269,1.158,-0.184
5.278,-4.571,8.495,-0.252,-0.122,-1.201,-0.807,-4.5,9.327,-3.729,0.769,2.04
-1.187,2.118,-3.731,0.669,-0.488,-1.176,-1.263,2.693,7.144,0.436,-1.714,-1.379
-2.583,1.905,-3.403,-0.409,-1.98,0.1,-2.776,2.049,-4.596,-0.141,-0.882,-0.651
2.994,-2.283,-0.584,0.139,-0.888,1.232,-3.225,1.437,-0.939,-0.747,-1.495,0.966
3.054,-2.082,-0.253,-0.16,-0.733,1.316,0.965,-2.742,0.921,-0.192,-0.223,0.811
2.459,-1.836,0.0,0.399,-0.253,1.11,1.127,-2.67,-0.171,0.394,0.312,1.141
3.609,-3.609,-1.776,0.715,-0.656,1.908,0.371,-2.337,0.919,0.383,-0.35,1.727
2.062,-2.449,-2.206,0.842,0.0,2.018,0.0,-3.186,-0.474,0.764,0.0,1.858
2.277,-2.941,-1.459,0.67,-0.58,2.577,-0.107,-2.844,-0.484,0.43,0.0,2.43
2.478,-3.67,-0.95,1.038,-0.859,2.901,0.0,-2.826,-0.116,0.512,-0.5,2.796
2.626,-3.514,-2.444,1.023,-1.271,2.71,0.0,-3.321,-0.265,0.717,-0.802,2.955
3.295,-3.503,-1.787,1.023,-0.987,2.318,0.0,-3.101,-1.253,0.613,-0.825,2.691
3.555,-2.976,-2.197,1.157,-0.777,1.572,0.83,-3.255,-0.578,0.807,-0.699,2.056
