-0.48,-10.222,-10.168,0.0,0.0,0.0
-0.576,-10.257,-10.096,0.0,0.0,0.0
-0.557,-10.228,-10.229,0.0,0.0,0.0
-0.412,-10.173,-10.298,0.0,0.0,0.0
-0.524,-10.167,-10.154,0.0,0.0,0.0
-0.559,-10.165,-10.256,0.0,0.0,0.0
-0.63,-10.177,-10.229,0.0,0.0,0.0
-1.88,-10.409,-12.129,-0.339,0.512,0.108
-8.144,-13.103,-11.904,-1.435,1.015,1.464
-9.55,-14.552,-16.795,-1.225,-1.134,2.706
-9.386,-14.989,-18.696,-2.153,-2.106,3.646
-8.529,-12.508,-17.789,-3.293,-1.45,4.158
-7.312,-8.101,-13.818,-3.476,-1.776,3.387
-7.056,-3.949,-11.182,-0.951,-1.962,2.478
-4.796,-1.026,-13.029,-0.627,-1.882,2.417
-3.107,0.636,-10.46,-1.079,-2.069,1.957
-1.274,1.907,-6.537,-0.34,-1.236,1.045
-2.86,3.238,-5.268,0.254,-0.646,0.11
-5.353,4.617,-6.346,0.58,0.0,-0.287
-7.11,3.987,-7.65,1.018,-0.796,-0.539
-6.499,2.898,-6.944,2.051,-3.086,-0.858
-4.296,4.154,-8.045,1.985,-2.967,-1.344
-2.737,5.334,-8.71,1.251,-0.983,-2.092
-4.553,2.574,-6.349,-0.864,-0.258,-3.895
-7.03,-2.679,-7.269,-0.146,1.053,-4.373
