-1.686,-10.219,-8.999,0.0,0.0,0.0
-1.906,-10.353,-9.278,0.0,0.0,0.0
-1.551,-10.046,-8.927,0.0,0.0,0.0
-1.593,-10.347,-9.335,0.0,0.0,0.0
-1.625,-10.25,-9.209,0.0,0.0,0.0
-1.681,-10.117,-9.103,0.0,0.0,0.0
-0.928,-10.208,-9.018,0.0,0.18,0.0
-1.04,-10.139,-8.643,0.0,0.441,-0.244
-3.537,-10.758,-8.592,0.179,0.528,-0.205
-13.242,-11.942,-11.517,-0.153,-0.264,1.129
-16.159,-14.432,-21.445,-1.946,-1.375,3.642
-6.226,-20.199,-27.878,-4.3,-4.019,4.212
0.454,-19.128,-19.126,-4.3,-2.967,1.782
-16.225,-17.488,-7.191,-4.3,-1.706,0.0
-10.909,-8.249,-15.71,-0.214,-4.354,3.663
12.239,-1.942,-11.441,-0.926,-3.665,1.384
0.743,-1.646,-5.003,0.231,-0.898,-0.321
-6.369,-0.472,-7.311,0.726,0.166,-0.551
-5.576,-1.778,-6.377,1.247,0.0,-0.744
-4.408,-1.826,-5.86,1.988,0.452,-0.955
-4.157,-3.1,-8.24,2.894,-0.355,-2.655
-4.954,-7.035,-10.942,4.431,0.0,-3.999
-8.695,-11.394,-12.959,1.464,1.353,-4.337
-9.066,-14.933,-10.223,0.29,4.377,-4.337
-9.439,-15.67,-10.992,1.838,1.442,-3.465
