-1.814,-10.216,-9.049,0.0,0.0,0.0
-1.866,-10.25,-9.182,0.0,0.0,0.0
-1.825,-10.224,-9.207,0.0,0.0,0.0
-1.922,-10.299,-9.205,0.0,0.0,0.0
-1.995,-10.133,-9.182,0.0,0.0,0.0
-2.027,-10.163,-9.049,0.0,0.0,0.0
-2.305,-10.347,-8.824,0.0,0.0,0.0
-3.775,-10.438,-8.666,0.0,0.143,0.239
-9.643,-11.11,-10.53,-0.118,0.979,0.653
-15.216,-12.886,-24.071,-1.192,-1.993,2.98
-5.578,-19.255,-24.094,-4.3,-3.326,4.12
2.138,-14.698,-13.866,-4.3,-2.506,2.295
-2.365,-10.743,-12.971,-3.296,-0.704,-0.209
-20.451,-12.443,-11.863,-2.507,-1.259,-0.301
-14.703,-8.377,-18.158,0.492,-3.735,4.393
10.905,0.669,-15.852,-0.279,-3.667,1.567
0.853,-1.787,-5.435,-0.219,-1.399,-0.463
-4.247,-1.77,-5.774,0.584,-0.196,-0.169
-4.93,-1.233,-6.254,0.737,0.726,-0.347
-4.911,-0.806,-7.355,1.606,0.499,-1.174
-4.964,-0.893,-9.522,1.99,0.789,-1.747
-6.295,-4.119,-11.503,2.687,2.004,-2.175
-7.133,-7.291,-13.628,3.219,1.895,-3.081
-9.216,-10.734,-13.641,2.646,2.08,-3.365
-11.334,-14.545,-11.638,2.663,2.327,-3.568
