-1.225,-10.323,-9.711,0.0,0.0,0.0
-1.408,-10.324,-9.722,0.0,0.0,0.0
-1.359,-10.298,-9.796,0.0,0.0,0.0
-1.431,-10.326,-9.943,0.0,0.0,0.0
-1.332,-10.311,-10.056,0.0,0.0,0.0
-1.307,-10.345,-9.789,0.0,0.0,0.0
-1.313,-10.324,-9.578,0.0,0.0,0.0
-2.469,-10.898,-7.848,0.0,0.449,0.121
-9.239,-11.769,-9.065,0.213,0.0,0.445
-13.536,-12.804,-19.606,-1.284,-1.349,2.18
-6.578,-17.091,-26.14,-4.028,-3.356,3.197
-2.037,-17.008,-20.184,-4.3,-2.978,2.022
-14.84,-17.391,-11.938,-4.3,-1.861,1.166
-11.013,-9.342,-15.361,-0.581,-4.354,3.553
7.825,0.338,-17.939,-0.771,-3.175,2.301
3.6,-0.457,-7.141,-0.947,-1.754,-0.297
-3.95,-2.2,-4.338,0.0,-0.3,-0.598
-6.297,-1.423,-5.933,0.449,0.608,-0.278
-6.989,-1.916,-6.496,0.921,0.554,-0.388
-5.535,-3.452,-5.597,2.066,0.208,-0.647
-3.633,-2.543,-8.976,3.168,0.779,-1.152
-3.892,-3.321,-15.445,3.827,3.023,-1.516
-7.861,-6.464,-16.294,3.621,1.866,-3.468
-8.845,-12.609,-14.942,3.426,1.123,-4.06
-9.048,-17.356,-13.992,2.034,1.428,-4.337
