-1.65,-10.257,-9.608,0.0,0.0,0.0
-1.541,-10.307,-9.504,0.0,0.0,0.0
-1.432,-10.283,-9.494,0.0,0.0,0.0
-1.379,-10.229,-9.625,0.0,0.0,0.0
-1.485,-10.322,-9.429,0.0,0.0,0.0
-1.574,-10.359,-9.247,0.0,-0.108,0.0
-1.663,-10.404,-9.356,0.0,-0.142,0.0
-2.336,-10.364,-8.848,0.0,-0.248,0.0
-4.972,-10.336,-9.7,0.0,-0.575,0.181
-11.159,-11.568,-13.811,0.0,-0.847,1.124
-10.879,-14.978,-21.429,-2.285,-3.078,3.004
-4.055,-18.902,-19.279,-4.3,-3.058,3.616
0.0,-15.008,-13.173,-4.3,-1.983,2.454
-6.356,-10.694,-9.876,-3.492,-1.146,0.688
-17.98,-8.189,-12.258,-1.727,-1.858,0.86
-9.703,-3.126,-17.672,0.0,-3.264,2.945
5.882,0.435,-13.481,-0.451,-2.838,1.198
-0.239,-1.031,-5.246,0.0,-1.403,-0.468
-4.927,-1.563,-5.029,0.308,0.162,-0.365
-5.675,-1.556,-6.48,0.749,0.732,-0.259
-5.018,-1.757,-7.481,1.622,0.955,-0.514
-5.226,-2.454,-8.252,2.459,0.0,-1.594
-4.957,-4.535,-10.717,3.2,0.968,-2.296
-6.509,-7.074,-14.549,2.816,1.948,-2.77
-9.073,-10.398,-16.792,2.725,2.984,-2.973
