-1.361,-10.342,-9.46,0.0,0.0,0.0
-1.252,-10.36,-9.537,0.0,0.0,0.0
-1.344,-10.358,-9.536,0.0,0.0,0.0
-1.289,-10.33,-9.49,0.0,0.0,0.0
-1.23,-10.33,-9.441,0.0,0.0,0.0
-1.115,-10.32,-9.345,0.0,0.0,0.0
-2.419,-10.718,-7.727,0.318,-1.092,0.0
-4.084,-9.753,-12.105,0.0,-2.696,0.762
-9.26,-11.215,-11.709,-1.169,-2.197,1.12
-12.644,-14.771,-16.101,-2.269,-1.777,2.807
-7.975,-16.48,-18.011,-4.119,-2.082,2.928
-6.168,-14.39,-16.736,-4.3,-1.358,2.076
-14.241,-11.909,-13.126,-2.391,-2.104,1.88
-6.66,-6.118,-15.874,1.045,-3.111,3.626
4.587,-0.882,-13.65,0.149,-2.394,1.775
1.024,0.379,-9.092,0.346,-0.298,0.438
-5.522,0.268,-8.008,0.33,0.458,-0.367
-9.272,-0.283,-8.24,0.567,0.551,-0.251
-6.543,-0.337,-8.785,1.284,-0.188,-0.542
-4.313,-0.924,-9.397,1.803,-0.588,-1.598
-5.92,-2.802,-9.997,2.318,0.296,-2.404
-8.374,-6.971,-8.413,3.226,-0.47,-3.675
-6.552,-9.792,-13.319,3.19,0.965,-4.286
-10.715,-12.722,-6.685,1.122,0.763,-4.337
-8.05,-14.945,-7.619,0.916,-2.484,-4.337
