-1.574,-10.317,-9.907,0.0,0.0,0.0
-1.425,-10.271,-9.94,0.0,0.0,0.0
-1.428,-10.336,-9.924,0.0,0.0,0.0
-1.448,-10.299,-9.737,0.0,0.0,0.0
-1.401,-10.309,-9.877,0.0,0.0,0.0
-1.355,-10.375,-9.609,0.0,0.0,0.0
-1.301,-10.576,-9.071,0.0,0.0,-0.127
-3.665,-10.778,-8.471,0.0,-0.432,-0.274
-12.057,-11.947,-10.94,0.777,-0.209,0.549
-17.887,-16.073,-26.183,-1.428,-1.563,3.908
-2.424,-20.199,-25.237,-4.3,-3.792,4.393
5.197,-15.996,-11.659,-4.3,-1.935,2.377
-1.056,-10.236,-7.143,-3.442,-0.664,0.0
-8.516,-5.839,-11.025,-1.412,0.0,-0.454
-16.249,-5.877,-10.296,-1.162,-0.139,-0.565
-20.451,-9.033,-11.929,0.0,-2.192,0.442
-9.478,-5.585,-24.55,0.894,-3.111,4.393
12.581,0.0,-9.269,-1.487,-2.661,1.737
-0.477,-1.195,-3.184,0.117,-0.895,-0.881
-4.835,-0.603,-6.216,0.8,0.359,-0.825
-4.905,-0.835,-7.01,1.176,0.969,-0.844
-4.273,-0.748,-8.298,1.823,0.657,-1.475
-5.032,-1.515,-11.509,2.338,1.219,-1.955
-7.08,-4.381,-13.283,2.769,1.957,-2.744
-10.199,-10.565,-15.189,3.03,2.991,-3.493
