-2.24,-10.102,-8.474,0.0,0.0,0.0
-2.261,-10.089,-8.54,0.0,0.0,0.0
-2.218,-10.096,-8.364,0.0,0.0,0.0
-2.273,-10.08,-8.435,0.0,0.0,0.0
-2.231,-10.085,-8.507,0.0,0.0,0.0
-2.234,-10.107,-8.473,0.0,0.0,0.0
-2.263,-10.081,-8.334,0.0,0.0,0.0
-2.224,-10.017,-7.56,0.0,0.0,0.0
-6.284,-9.897,-9.385,0.128,-1.082,0.0
-10.35,-10.309,-16.066,-0.458,-1.443,1.186
-8.151,-14.287,-18.919,-3.223,-3.353,2.828
-3.106,-16.549,-15.424,-4.3,-3.221,2.663
-0.239,-12.235,-11.528,-3.522,-1.536,1.21
-11.228,-12.791,-11.96,-3.024,-0.802,0.0
-20.451,-12.373,-13.83,-2.25,-0.993,1.465
-12.261,-6.689,-18.193,-1.005,-2.825,3.101
0.792,-0.768,-18.837,-0.721,-3.307,2.47
5.23,0.0,-11.04,-0.416,-2.465,1.0
0.561,-1.035,-5.949,0.0,-1.037,-0.363
-4.295,-1.726,-4.532,0.15,0.171,-0.672
-5.839,-1.968,-5.653,1.114,0.356,-0.536
-5.471,-1.049,-7.723,2.116,-0.27,-1.041
-5.462,-1.162,-8.688,1.702,0.675,-1.554
-5.289,-2.743,-9.655,2.131,1.768,-2.003
-7.857,-7.175,-11.707,3.281,1.853,-3.113
