-4.568,-9.273,-6.796,0.0,-0.26,0.0
-4.547,-9.373,-7.797,0.325,-0.319,0.0
-4.377,-9.63,-8.817,0.245,-0.145,0.192
-2.978,-9.415,-8.419,0.0,0.0,0.108
-2.937,-9.313,-7.482,-0.147,0.0,0.0
-3.801,-9.429,-7.245,-0.121,0.0,0.0
-3.323,-9.423,-6.814,0.0,0.0,0.0
-4.63,-9.527,-8.133,-0.656,0.0,-0.284
-6.229,-8.995,-9.521,-0.708,-1.029,0.135
-13.233,-9.558,-19.062,-1.791,-2.281,0.91
-10.631,-14.759,-25.167,-4.245,-4.195,2.064
-2.61,-18.66,-22.345,-4.3,-3.271,2.397
0.936,-15.913,-14.634,-4.3,-1.717,1.121
-11.96,-14.154,-10.419,-3.586,-0.253,0.171
-20.451,-10.131,-16.563,-0.101,-2.909,2.103
-1.878,-2.421,-23.415,0.537,-4.354,3.106
8.529,0.779,-14.406,-0.471,-3.055,1.313
2.504,-1.598,-5.232,0.0,-0.897,-0.283
-4.709,-1.499,-5.052,0.654,0.381,-0.698
-6.549,-1.843,-7.209,1.452,0.577,-0.384
-5.069,-1.862,-8.603,2.369,-0.206,-1.432
-5.402,-1.92,-9.977,2.524,1.232,-1.551
-7.741,-4.183,-11.914,4.119,2.338,-2.323
-9.989,-7.607,-13.403,3.761,2.22,-3.107
-12.862,-12.419,-14.626,4.431,0.894,-3.446
