-1.841,-10.279,-9.01,0.0,0.0,0.0
-1.849,-10.224,-9.174,0.0,0.0,0.0
-1.877,-10.269,-9.243,0.0,0.0,0.0
-1.775,-10.261,-8.984,0.0,0.0,0.0
-1.581,-10.269,-9.209,0.0,0.0,0.0
-1.557,-10.178,-9.078,0.0,0.0,0.0
-1.441,-10.208,-9.005,0.0,-0.159,0.0
-1.566,-10.344,-7.891,-0.172,-0.304,-0.167
-4.359,-10.68,-8.192,0.161,0.779,-0.24
-11.195,-11.295,-14.271,0.351,0.119,0.731
-11.607,-14.332,-23.102,-1.8,-2.638,2.902
-3.801,-20.199,-25.362,-4.3,-4.354,3.846
0.803,-16.879,-13.046,-4.3,-3.478,2.646
-1.836,-11.353,-11.127,-3.567,-1.383,1.083
-12.235,-9.937,-11.106,-2.346,-0.689,0.367
-20.451,-7.247,-14.948,-0.727,-2.204,2.172
-2.379,-1.728,-17.417,0.373,-3.099,3.549
3.61,0.897,-6.915,-0.155,-2.032,0.636
-1.71,0.0,-6.575,0.0,-0.819,-0.818
-4.965,-0.729,-6.322,0.568,0.359,-0.293
-5.105,-0.555,-6.925,0.915,0.722,-0.421
-5.021,-0.869,-8.163,1.728,0.264,-1.294
-5.358,-2.794,-9.238,2.219,0.0,-2.468
-6.007,-6.194,-11.611,3.332,0.842,-3.258
-6.376,-10.321,-13.213,3.165,2.989,-3.254
