-1.994,-10.102,-9.203,0.0,0.0,-0.115
-2.257,-10.174,-9.086,0.0,0.0,0.0
-2.211,-10.242,-8.956,0.0,0.0,0.0
-2.209,-10.214,-8.846,0.0,0.0,0.0
-2.021,-10.202,-8.866,0.0,0.0,0.0
-2.196,-10.253,-8.82,0.0,0.0,0.0
-2.539,-10.244,-8.612,0.0,0.0,0.0
-4.171,-10.393,-8.732,0.0,-0.193,0.153
-10.12,-11.177,-12.843,0.116,0.0,0.583
-18.255,-17.061,-28.543,-2.522,-2.071,3.586
-0.743,-20.199,-25.246,-4.3,-4.119,4.393
5.293,-15.46,-12.001,-4.3,-2.59,1.45
-10.91,-12.823,-11.221,-4.059,-0.65,-1.13
-20.451,-12.182,-12.047,0.105,-3.842,2.472
14.681,1.572,-20.059,-0.103,-4.198,2.545
4.013,-1.221,-8.368,-0.144,-1.906,-0.329
-4.42,-1.983,-4.564,0.404,0.0,-0.185
-6.332,-1.037,-6.093,0.65,0.794,-0.233
-5.289,-0.987,-7.839,1.654,0.325,-0.75
-6.103,-1.244,-8.735,2.177,0.0,-1.708
-6.484,-2.012,-9.936,2.257,0.413,-2.154
-7.73,-4.618,-11.182,2.229,1.614,-2.191
-7.947,-9.1,-10.587,2.714,2.381,-2.503
-7.453,-11.992,-12.203,3.093,2.938,-3.088
-10.923,-15.61,-14.118,3.587,2.796,-3.144
