-1.438,-10.259,-9.347,0.0,0.0,0.0
-1.404,-10.273,-9.443,0.0,0.0,0.0
-1.422,-10.323,-9.37,0.0,0.0,0.0
-1.577,-10.348,-9.378,0.0,0.0,0.0
-1.606,-10.328,-9.493,0.0,0.0,0.0
-1.479,-10.295,-9.486,0.0,0.0,0.0
-1.392,-10.253,-9.478,0.0,0.0,0.0
-0.829,-10.144,-8.302,-0.12,-0.152,-0.112
-3.811,-10.556,-8.52,0.0,-0.584,-0.268
-11.07,-12.351,-11.261,-0.193,-0.839,0.761
-14.336,-14.787,-20.886,-1.563,-2.121,2.762
-6.907,-20.199,-28.553,-4.262,-3.534,3.837
-0.887,-19.488,-19.424,-4.3,-2.749,2.33
-17.896,-17.826,-9.244,-3.659,-2.415,1.937
0.0,-7.487,-19.461,-0.188,-4.291,4.393
12.68,0.0,-8.941,-0.833,-2.928,0.854
-1.219,-2.158,-4.482,-0.353,-0.6,-0.71
-5.287,-1.732,-5.161,0.635,0.533,-0.461
-5.487,-1.003,-7.137,1.31,0.765,-0.573
-5.222,-1.432,-7.992,2.18,0.0,-1.251
-5.631,-2.092,-9.151,2.128,0.552,-2.04
-8.106,-4.483,-11.787,2.919,0.935,-2.644
-8.565,-8.275,-14.611,3.275,3.641,-3.033
-11.447,-13.502,-13.836,3.784,1.603,-3.903
-8.785,-14.022,-15.509,1.842,1.397,-4.098
