-1.092,-10.493,-9.581,0.0,0.0,0.0
-1.171,-10.34,-9.688,0.0,0.0,0.0
-1.072,-10.316,-9.666,0.0,0.0,0.0
-1.134,-10.309,-9.469,0.0,0.0,0.0
-1.155,-10.277,-9.533,0.0,0.0,0.0
-1.211,-10.311,-9.589,0.0,0.0,0.0
-1.058,-10.329,-9.473,0.0,-0.129,0.0
-3.381,-10.237,-8.962,0.403,-0.926,0.347
-8.275,-11.804,-13.107,-0.868,-1.914,1.421
-12.54,-14.812,-15.634,-2.687,-1.986,2.568
-8.998,-14.3,-16.205,-4.3,-1.59,2.323
-8.039,-13.704,-16.949,-4.3,-1.859,1.333
-16.165,-12.829,-14.861,-2.351,-2.295,2.126
-4.963,-7.436,-16.749,0.669,-3.681,4.002
5.577,-0.101,-15.098,0.283,-2.497,1.908
0.581,1.149,-10.917,-0.335,-0.777,0.0
-6.422,0.193,-7.851,-0.111,0.0,-0.298
-7.872,0.123,-7.64,0.471,0.0,-0.26
-5.714,-0.195,-8.451,1.158,-0.132,-0.631
-5.074,-1.054,-9.798,1.688,-0.173,-1.53
-5.234,-1.906,-10.76,1.751,0.273,-2.715
-6.028,-6.418,-10.711,2.563,1.421,-3.399
-3.211,-11.763,-11.75,2.438,3.869,-3.193
-8.729,-18.197,-14.642,3.322,3.355,-3.894
-4.596,-17.623,-13.418,1.449,0.0,-3.504
