-2.61,-10.0,-8.775,0.0,0.0,0.0
-2.559,-10.025,-8.909,0.0,0.0,0.0
-2.674,-10.078,-8.804,0.0,0.0,0.0
-2.614,-10.042,-8.711,0.0,0.0,0.0
-2.51,-10.065,-8.703,0.0,0.0,0.0
-2.446,-10.134,-8.665,0.0,0.0,0.0
-2.674,-10.162,-8.666,0.0,-0.164,0.0
-3.73,-10.034,-8.915,0.163,-0.582,0.146
-7.262,-9.542,-12.507,0.0,-1.125,0.529
-9.774,-11.954,-18.342,-2.692,-2.585,2.359
-6.354,-15.063,-16.307,-4.3,-2.698,2.042
-6.04,-13.891,-16.032,-4.3,-2.216,1.081
-9.285,-12.727,-13.557,-3.936,-2.154,0.193
-13.138,-9.91,-13.906,-1.905,-2.19,1.281
-10.389,-5.809,-15.503,-0.457,-2.841,1.801
-4.37,-2.328,-15.1,-0.124,-2.623,2.111
1.145,0.0,-11.373,0.0,-2.154,0.993
-1.13,0.0,-8.19,0.309,-1.237,0.0
-5.251,-0.666,-6.09,0.337,-0.15,-0.542
-7.206,-1.61,-5.193,0.663,0.197,-0.336
-4.309,-1.289,-7.056,1.609,-0.936,-0.828
-4.424,0.149,-9.12,1.409,0.208,-1.138
-6.646,-0.667,-9.886,1.197,1.76,-1.743
-9.303,-4.505,-9.332,2.322,1.697,-2.274
-9.407,-8.802,-10.091,3.336,1.584,-2.914
