-0.939,-10.216,-9.32,0.0,0.0,0.0
-1.083,-10.232,-9.354,0.0,0.0,0.0
-0.883,-10.186,-9.255,0.0,0.435,0.0
-0.465,-10.283,-9.253,0.0,0.0,0.0
-0.752,-10.456,-9.285,0.0,0.178,-0.116
-0.499,-10.448,-8.873,0.0,0.154,-0.133
-0.863,-10.723,-8.727,-0.137,-0.235,0.0
-4.503,-10.488,-10.442,-0.3,-0.345,0.308
-9.574,-10.861,-14.083,-0.598,-0.994,1.147
-12.373,-14.319,-21.451,-2.057,-3.056,3.193
-5.774,-17.814,-22.732,-4.3,-3.764,3.276
-5.862,-17.586,-19.353,-4.3,-2.334,1.631
-20.451,-18.715,-8.197,-3.137,-2.744,2.199
0.362,-5.27,-27.617,0.56,-4.059,4.393
12.367,-0.446,-13.074,-1.145,-2.607,1.771
0.325,-1.024,-5.375,0.0,-0.33,-0.119
-7.267,0.0,-7.276,0.438,0.579,-0.66
-6.821,-0.588,-7.976,1.139,0.503,-0.487
-4.568,-0.854,-7.877,1.999,0.45,-0.77
-3.716,-1.844,-10.885,2.077,1.562,-1.488
-5.334,-5.455,-11.954,3.607,1.552,-2.792
-7.347,-10.323,-13.86,4.168,2.077,-3.331
-7.83,-14.519,-13.099,3.512,1.195,-3.727
-5.621,-15.65,-14.558,2.046,0.399,-3.559
-8.088,-19.199,-11.037,1.307,2.686,-3.969
