-1.763,-10.356,-9.212,0.0,0.0,0.0
-1.304,-10.405,-9.043,0.0,0.307,0.0
-0.694,-9.956,-8.553,0.0,0.322,-0.142
-2.139,-10.602,-7.607,0.343,-0.65,-0.337
-5.844,-10.585,-8.759,0.265,-0.578,-0.303
-14.65,-12.212,-14.642,-0.222,-0.288,1.781
-13.072,-17.699,-24.742,-3.069,-2.082,4.249
-1.565,-20.199,-23.785,-4.3,-3.239,3.065
-3.027,-16.145,-13.452,-4.3,-2.044,0.716
-18.623,-13.815,-4.886,-2.948,-2.267,0.802
-6.657,-5.131,-17.91,0.81,-3.656,3.646
9.137,0.361,-12.838,-0.38,-2.305,1.36
2.546,-0.253,-9.129,0.0,-1.053,-0.355
-4.723,-2.159,-5.448,0.169,0.272,-0.44
-6.424,-1.442,-6.764,0.874,0.586,-0.395
-4.449,-0.849,-8.731,1.672,0.518,-1.099
-4.097,-2.183,-9.511,2.251,1.136,-1.907
-6.496,-5.487,-11.506,3.321,1.451,-2.855
-4.924,-12.119,-13.532,4.104,1.155,-4.337
-9.042,-16.207,-14.083,2.631,1.236,-4.337
-5.967,-20.14,-11.845,1.195,3.489,-4.337
-7.401,-18.716,-9.016,0.24,2.849,-3.758
-8.59,-12.49,-10.441,0.672,0.427,-1.374
-3.828,-10.897,-9.399,-0.436,0.52,0.544
-2.71,-9.951,-8.664,-0.268,0.0,0.67
