-1.645,-10.31,-8.866,0.0,0.154,0.0
-1.592,-10.284,-8.8,0.0,0.0,0.0
-1.614,-10.267,-9.139,0.0,0.0,-0.117
-1.622,-10.352,-9.157,0.0,0.0,0.0
-1.56,-10.158,-9.107,0.0,0.0,0.0
-1.308,-10.351,-8.759,0.0,0.0,-0.111
-1.537,-10.621,-8.409,0.0,-0.282,0.0
-3.84,-10.285,-9.472,-0.113,-0.97,-0.348
-8.987,-11.501,-10.417,-0.182,-1.269,0.6
-15.987,-15.155,-18.04,-0.686,-2.194,2.827
-7.175,-20.199,-27.912,-4.3,-3.346,4.393
3.74,-16.529,-16.992,-4.3,-2.483,2.788
1.537,-10.453,-12.029,-4.3,-0.934,0.0
-18.124,-10.879,-10.553,-2.219,-0.631,-0.907
-20.451,-7.678,-19.052,1.344,-3.608,3.645
10.252,0.371,-17.842,0.0,-4.033,2.702
3.037,-1.225,-6.87,-0.121,-1.897,-0.49
-3.847,-2.28,-4.512,0.513,0.0,-0.181
-4.564,-1.177,-6.046,0.951,0.508,-0.459
-4.687,-1.526,-6.98,2.295,-0.278,-1.28
-3.818,-2.244,-9.384,2.539,0.42,-2.366
-4.934,-5.746,-10.668,3.099,2.209,-2.825
-6.906,-12.276,-13.642,3.862,2.204,-4.246
-6.332,-17.045,-16.258,2.625,2.545,-4.337
-3.258,-20.199,-12.106,1.347,2.506,-4.337
