-2.142,-10.134,-9.203,0.0,0.0,0.0
-2.182,-10.175,-9.134,0.0,0.0,0.0
-2.291,-10.073,-9.095,0.0,0.0,0.0
-2.366,-10.187,-9.047,0.0,0.0,0.0
-2.26,-10.207,-9.199,0.0,0.0,0.0
-2.163,-10.116,-9.372,0.0,0.0,0.0
-2.182,-10.216,-8.75,0.0,0.0,0.0
-4.296,-10.291,-8.388,0.178,-0.248,0.238
-6.526,-10.235,-8.962,0.0,-0.815,0.376
-14.9,-11.279,-13.939,-0.266,-0.533,1.295
-16.859,-18.454,-27.013,-3.197,-2.522,4.186
0.577,-20.199,-23.137,-4.3,-2.99,4.393
5.03,-14.185,-10.188,-4.3,-1.563,1.627
-3.703,-8.489,-6.856,-2.459,0.0,-0.459
-20.451,-7.941,-10.281,-1.245,-1.038,-0.496
-20.339,-7.58,-19.718,0.526,-3.419,4.202
11.318,0.421,-15.82,-0.476,-2.889,3.051
3.812,-0.909,-5.525,-0.682,-1.605,-1.15
-3.365,-2.932,-3.029,0.717,-0.226,-1.037
-5.45,-1.393,-5.627,1.022,1.211,-0.331
-4.038,-0.48,-9.154,1.741,1.011,-1.242
-4.522,-1.601,-9.827,2.353,1.156,-2.101
-6.991,-4.754,-12.266,2.826,1.224,-2.935
-8.428,-9.004,-12.129,3.206,1.658,-3.103
-10.267,-13.813,-11.592,3.294,1.683,-4.074
