-1.317,-10.292,-8.543,0.0,0.0,-0.142
-1.552,-10.31,-8.435,0.0,0.0,0.0
-1.604,-10.169,-8.753,0.0,0.0,0.0
-1.449,-10.225,-8.907,0.0,0.373,0.0
-1.034,-10.412,-8.873,0.0,0.0,0.0
-1.133,-10.145,-8.489,0.0,0.0,0.0
-1.717,-10.217,-8.804,0.0,-0.223,0.0
-2.045,-10.034,-9.042,-0.168,-0.349,-0.104
-5.815,-11.087,-8.17,-0.177,-1.067,0.0
-11.153,-12.491,-14.467,-0.744,-0.677,1.556
-11.028,-18.138,-24.749,-3.118,-2.828,3.995
0.156,-20.199,-25.103,-4.3,-3.53,2.67
-7.309,-17.641,-15.511,-4.3,-2.122,0.697
-18.752,-14.62,-13.785,-2.577,-4.354,2.485
7.857,-2.009,-20.196,0.0,-4.254,3.547
8.747,-0.171,-11.962,-0.916,-2.475,0.225
-2.534,-2.079,-2.956,0.185,-0.626,-1.043
-6.558,-1.14,-6.801,1.206,0.293,-0.956
-4.929,-0.95,-7.888,1.41,0.684,-0.929
-3.635,-1.059,-8.932,1.987,0.437,-1.54
-4.619,-2.707,-9.56,2.202,1.355,-2.29
-6.398,-6.451,-12.826,3.52,1.753,-3.152
-4.985,-13.474,-16.195,3.51,4.248,-3.917
-9.283,-20.199,-15.908,3.627,2.222,-4.337
-7.018,-19.873,-12.875,2.177,2.177,-3.911
