-1.617,-10.265,-9.315,0.0,0.0,-0.112
-1.657,-10.298,-9.524,0.0,0.168,0.0
-1.657,-10.235,-9.693,0.0,0.144,0.0
-1.396,-10.244,-9.25,0.0,0.0,0.0
-1.355,-10.311,-9.186,0.0,0.0,0.0
-1.574,-10.308,-9.174,0.0,0.0,0.0
-1.455,-10.43,-9.452,0.0,0.0,0.0
-1.912,-10.456,-9.232,0.0,-0.186,0.0
-4.973,-10.368,-9.491,-0.219,-1.042,0.28
-12.237,-12.799,-13.76,-1.255,-1.148,1.554
-10.405,-16.776,-23.922,-3.16,-2.903,3.529
-1.229,-16.603,-20.872,-4.3,-3.184,2.093
-9.294,-15.599,-12.249,-4.3,-1.712,0.579
-18.805,-10.755,-15.735,-1.496,-3.496,2.825
5.662,-2.662,-22.525,-0.832,-4.107,3.835
11.228,-0.531,-9.214,-0.24,-2.499,0.418
-3.217,-1.522,-6.208,0.0,-0.404,-0.854
-8.18,-1.584,-5.738,0.473,0.324,-0.345
-6.526,-0.999,-6.876,1.591,0.16,-0.405
-5.902,-1.705,-7.004,1.845,-0.267,-1.291
-5.408,-1.771,-9.192,2.728,0.0,-2.103
-5.55,-4.416,-11.004,3.027,1.062,-3.062
-6.648,-8.767,-11.789,2.379,2.159,-3.564
-7.685,-12.492,-12.126,2.632,1.399,-3.991
-8.583,-17.434,-12.879,1.56,3.428,-4.245
