-3.855,-9.825,-7.808,0.0,-0.496,-0.127
-8.274,-10.348,-11.295,0.499,-0.939,0.257
-10.869,-11.457,-17.984,-0.921,-2.103,1.829
-5.24,-15.588,-19.727,-3.052,-3.62,2.97
0.0,-16.255,-14.657,-4.3,-2.696,2.496
0.263,-13.05,-10.969,-3.428,-1.175,1.238
-11.243,-11.524,-13.142,-2.175,-0.197,0.408
-20.451,-10.486,-17.611,-2.15,-1.033,1.894
-9.265,-5.831,-17.232,-1.286,-3.097,3.096
3.702,0.0,-13.989,-0.409,-3.119,1.834
2.873,0.228,-8.146,0.0,-2.017,0.203
-2.523,-0.481,-6.427,0.14,-0.68,-0.426
-6.925,-1.304,-6.225,0.456,0.0,-0.382
-7.214,-1.952,-5.318,0.91,0.164,-0.283
-4.055,-1.66,-6.832,1.985,-0.511,-0.831
-4.115,-1.859,-8.127,2.223,0.265,-1.817
-5.316,-2.238,-11.345,2.018,1.819,-2.087
-7.177,-6.992,-10.913,2.665,1.614,-2.984
-6.843,-11.479,-13.62,2.913,4.377,-3.106
-8.579,-15.368,-12.54,3.932,0.565,-3.927
-10.668,-16.932,-16.19,2.201,4.22,-4.126
-9.488,-14.324,-8.336,1.003,0.352,-2.04
-6.256,-10.952,-11.195,0.487,0.707,-0.931
-4.878,-10.626,-9.407,0.0,0.0,0.0
-3.288,-10.128,-9.692,-0.18,-0.438,0.435
