-1.534,-10.29,-9.075,0.0,0.0,0.0
-1.607,-10.26,-9.203,0.0,0.101,0.0
-1.581,-10.254,-9.302,0.0,0.0,0.0
-1.572,-10.225,-9.322,0.0,0.0,0.0
-1.593,-10.268,-9.272,0.0,0.0,0.0
-1.683,-10.302,-9.019,-0.102,0.149,0.0
-2.147,-10.506,-8.824,0.0,-0.152,0.0
-3.967,-10.782,-8.846,0.0,-0.805,0.126
-7.929,-10.6,-10.875,-0.209,-0.96,0.639
-15.662,-13.23,-19.771,-0.763,-1.84,2.502
-7.46,-20.199,-25.428,-4.3,-3.533,4.393
-0.147,-18.235,-16.963,-4.3,-2.299,3.619
-1.812,-11.718,-11.661,-4.3,-1.932,1.384
-13.719,-8.016,-8.035,-1.351,-2.012,0.145
-14.241,-3.309,-15.764,1.032,-3.143,2.803
3.152,0.216,-13.533,0.166,-2.748,1.605
2.335,-0.563,-6.166,-0.24,-0.874,-0.256
-3.475,-1.334,-5.247,0.219,0.381,-0.624
-6.437,-1.419,-5.672,0.861,0.879,-0.449
-5.631,-1.307,-7.091,1.949,0.184,-0.94
-4.952,-0.918,-9.747,1.831,1.053,-1.464
-6.588,-3.266,-10.811,2.398,0.978,-2.51
-7.931,-6.447,-10.642,2.245,1.043,-3.226
-8.246,-10.14,-13.723,2.357,3.449,-2.743
-10.723,-14.694,-11.399,3.514,0.616,-3.479
