-0.689,-10.257,-8.931,0.0,0.0,0.0
-0.96,-10.302,-8.916,0.0,0.0,0.0
-0.816,-10.259,-8.966,0.0,0.0,0.0
-0.791,-10.152,-9.03,0.0,0.0,0.0
-0.756,-10.256,-8.794,0.0,0.0,0.0
-1.073,-10.345,-8.64,0.103,-0.393,0.0
-1.126,-10.263,-8.944,0.0,-0.35,0.0
-4.435,-10.635,-10.753,-0.105,-0.904,0.427
-7.497,-11.711,-12.494,-0.803,-1.848,1.658
-9.376,-14.221,-15.531,-2.552,-2.263,2.563
-7.404,-15.316,-19.376,-3.737,-2.594,2.921
-7.982,-14.128,-17.156,-4.3,-1.394,2.353
-14.282,-12.758,-13.192,-3.506,-1.735,2.24
-9.63,-6.256,-15.627,0.0,-3.405,3.109
2.122,0.463,-16.734,-0.209,-2.676,2.161
2.19,0.0,-7.092,-0.312,-1.624,0.157
-3.465,-0.308,-7.356,0.218,0.0,-0.378
-7.064,-0.582,-6.979,0.827,0.427,-0.145
-7.218,-0.525,-8.284,1.313,-0.183,-0.637
-5.653,-0.62,-8.567,2.033,-0.541,-1.281
-5.7,-0.523,-10.425,2.308,0.291,-2.085
-6.943,-2.404,-13.36,3.126,3.275,-2.019
-8.493,-6.005,-14.473,3.226,1.592,-3.021
-7.763,-10.57,-12.306,2.927,1.16,-3.685
-12.389,-15.089,-10.87,2.766,-3.591,-4.337
