-1.139,-10.046,-10.874,0.0,0.0,0.0
-1.105,-10.047,-10.879,0.0,0.0,0.0
-1.132,-10.072,-10.906,0.0,0.0,0.0
-1.069,-10.05,-10.93,0.0,0.0,0.0
-1.151,-10.058,-10.894,0.0,0.0,0.0
-1.11,-10.054,-10.911,0.0,0.0,0.0
-1.145,-10.053,-10.876,0.0,0.0,0.0
-1.306,-9.904,-10.912,0.0,-0.225,0.0
-8.491,-10.284,-9.476,0.366,-2.166,0.283
-13.402,-10.062,-17.72,0.0,-2.099,1.986
-9.515,-13.214,-18.055,-1.945,-3.068,3.799
-0.861,-12.816,-13.667,-2.465,-2.354,3.262
1.982,-8.985,-12.044,-1.443,-0.957,0.913
-6.007,-9.665,-11.484,-0.496,-0.174,0.334
-17.965,-10.256,-11.476,-1.155,0.613,0.81
-19.453,-9.382,-11.148,-0.876,0.0,2.056
-14.437,-6.525,-17.068,-0.785,-0.847,2.799
-6.757,-2.521,-15.944,-0.35,-1.896,2.755
-1.329,-0.354,-11.652,-1.044,-2.481,2.035
2.332,0.137,-7.211,0.0,-1.624,1.074
1.742,0.977,-7.377,0.16,-0.169,0.0
-0.278,1.481,-8.206,0.237,1.075,-0.585
-0.854,1.171,-11.742,0.54,1.11,-1.374
-5.567,-0.206,-12.19,0.765,0.859,-2.033
-13.659,-2.69,-12.916,0.577,2.126,-2.006
