-0.96,-10.056,-10.814,0.0,0.0,0.0
-1.165,-10.096,-10.722,0.0,0.0,0.0
-1.055,-10.048,-10.858,0.0,0.0,0.0
-1.121,-10.064,-10.727,0.0,0.0,0.0
-1.096,-10.08,-10.833,0.0,0.0,0.0
-1.136,-10.105,-10.778,0.0,0.0,0.0
-1.069,-10.064,-10.811,0.0,0.0,0.0
-1.408,-10.129,-10.523,0.0,-0.264,0.0
-7.76,-10.793,-8.658,0.0,-2.103,0.0
-12.989,-10.198,-18.17,0.0,-1.792,2.039
-9.661,-11.924,-19.133,-1.418,-3.224,3.512
-1.502,-12.851,-17.6,-2.843,-2.446,3.092
3.476,-10.223,-11.55,-2.024,-1.476,0.955
-1.718,-9.923,-10.544,-0.963,-0.423,-0.51
-13.559,-11.242,-11.534,-0.262,0.852,-0.421
-20.771,-12.616,-12.067,-1.149,-0.481,1.508
-19.709,-11.22,-13.01,-0.109,-0.572,3.208
-9.303,-6.091,-16.092,0.107,-1.76,3.991
0.151,-2.725,-18.377,-1.12,-2.606,3.371
5.892,-0.241,-9.388,-1.177,-1.959,1.294
3.431,0.59,-5.122,0.0,-0.579,-0.5
-0.857,0.608,-7.584,0.659,0.107,-1.171
-2.976,0.0,-12.502,-0.394,1.933,-2.015
-4.042,-2.519,-13.976,-0.151,1.958,-3.249
-14.988,-8.569,-18.371,-0.355,2.835,-4.22
