-1.14,-10.092,-10.749,0.0,0.0,0.0
-1.009,-10.066,-10.603,0.0,0.0,0.0
-1.045,-10.059,-10.821,0.0,0.0,0.0
-1.106,-10.074,-10.714,0.0,0.0,0.0
-1.103,-10.046,-10.819,0.0,0.0,0.0
-1.112,-10.078,-10.738,0.0,0.0,0.0
-1.172,-10.083,-10.77,0.0,0.0,0.0
-0.986,-10.245,-11.213,0.0,-0.203,0.0
-2.384,-10.398,-9.479,-0.207,-1.202,-0.17
-12.042,-11.244,-7.886,0.433,-4.237,0.639
-14.26,-10.886,-16.123,-0.302,-0.234,3.206
-8.092,-10.745,-18.069,-0.77,-3.416,3.917
-2.184,-10.591,-14.064,-1.759,-3.298,2.755
-1.371,-10.482,-9.494,-1.709,-1.042,0.971
-4.178,-9.862,-8.845,-0.799,0.431,0.376
-10.271,-8.399,-9.561,-0.543,1.431,0.253
-15.111,-7.402,-12.61,-0.714,1.019,0.444
-17.612,-7.479,-11.241,-0.886,-0.17,1.319
-18.411,-6.591,-12.658,-0.382,-0.588,2.069
-11.485,-3.998,-12.86,-0.235,-2.111,2.967
-0.568,-1.102,-13.626,-0.2,-2.426,2.699
3.555,0.388,-11.208,-0.218,-1.388,1.183
1.388,0.125,-5.932,0.141,-0.192,0.113
-1.042,0.353,-9.112,0.26,0.522,-1.171
-3.119,0.179,-9.698,0.105,1.362,-1.424
