-0.903,-10.113,-10.845,0.0,0.0,0.0
-0.768,-10.062,-11.058,0.0,0.0,0.0
-0.778,-10.069,-10.941,0.0,0.0,0.0
-0.844,-10.075,-10.844,0.0,0.0,0.0
-0.717,-10.084,-10.879,0.0,0.0,0.0
-0.788,-10.057,-10.869,0.0,0.0,0.0
-0.789,-10.064,-10.88,0.0,0.0,0.0
-1.306,-10.081,-10.734,0.0,-0.331,0.0
-4.728,-10.918,-8.64,-0.1,-2.516,-0.543
-12.475,-10.877,-14.128,0.93,-2.27,0.709
-9.687,-13.313,-19.548,-0.467,-2.991,2.757
-3.868,-13.868,-18.519,-1.413,-2.472,3.665
5.856,-11.578,-13.141,-2.977,-1.367,3.01
2.924,-9.301,-10.04,-0.77,-0.788,0.0
-4.778,-9.743,-12.173,-0.789,1.154,-0.22
-12.333,-10.497,-13.863,-0.659,1.122,0.0
-16.823,-12.481,-13.011,-2.325,-0.901,0.813
-18.085,-10.048,-15.106,-0.125,-0.713,2.397
-12.629,-7.075,-18.267,-0.733,-1.557,3.503
-1.919,-5.362,-21.584,-0.31,-3.246,4.205
7.776,-1.976,-13.514,-0.768,-2.87,2.32
7.356,-0.496,-2.027,0.0,-1.205,-0.105
-1.148,0.112,-4.394,0.971,0.0,-1.24
-4.578,-0.225,-9.998,0.682,0.85,-1.306
-2.541,0.99,-10.966,0.341,2.134,-0.632
