-0.331,-10.06,-11.129,0.0,0.0,0.0
-0.711,-10.138,-10.837,0.0,0.0,0.0
-0.643,-10.06,-10.949,0.0,0.0,0.0
-0.667,-10.129,-10.856,0.0,0.0,0.0
-0.596,-10.047,-10.917,0.0,0.0,0.0
-0.543,-10.034,-10.977,0.0,0.0,0.0
-0.676,-10.012,-10.882,0.0,0.0,0.0
-0.647,-10.053,-10.975,0.0,-0.271,0.0
-4.315,-10.155,-9.95,0.0,-2.216,-0.296
-11.246,-11.257,-13.961,0.799,-3.905,0.776
-9.566,-12.407,-19.229,-0.935,-4.354,2.253
-4.488,-11.862,-18.034,-1.194,-4.063,2.594
4.567,-10.247,-12.447,-1.621,-1.659,1.559
0.377,-9.961,-12.416,-0.209,-0.122,0.431
-9.201,-11.764,-11.568,-0.924,1.123,0.413
-20.06,-16.442,-11.282,-2.088,0.401,1.666
-16.92,-14.627,-14.628,-0.832,0.832,4.033
-12.052,-8.709,-17.894,-0.76,-2.889,3.599
-3.966,-4.214,-21.93,-0.11,-3.472,3.84
6.24,-2.97,-12.446,0.0,-2.848,3.065
9.216,0.41,-5.596,-0.396,-1.742,0.0
2.22,0.985,-3.92,0.0,0.718,-0.806
-0.738,0.711,-10.23,0.0,1.418,-0.912
-1.433,0.63,-11.219,-0.224,2.815,-1.305
-9.541,-1.905,-13.708,0.726,2.772,-3.566
