-0.921,-10.028,-11.36,0.0,0.0,0.0
-0.86,-10.024,-11.34,0.0,0.0,0.0
-0.848,-10.032,-11.221,0.0,0.0,0.0
-0.907,-10.04,-11.348,0.0,0.0,0.0
-1.182,-9.99,-11.14,0.0,-0.187,0.0
-0.865,-10.018,-11.461,0.0,0.0,0.0
-0.812,-10.011,-11.349,0.0,0.0,0.0
-1.098,-10.205,-11.222,0.0,-0.325,0.0
-3.187,-10.161,-10.226,0.134,-1.532,-0.338
-10.34,-11.065,-14.823,0.503,-1.848,0.475
-11.825,-10.555,-20.916,-0.188,-4.354,2.411
-5.863,-13.002,-19.27,-1.977,-4.354,3.292
6.034,-10.308,-11.431,-1.592,-1.97,1.575
0.0,-10.501,-13.637,-0.36,-0.152,0.132
-9.388,-10.762,-12.199,-1.104,1.067,0.297
-17.379,-12.468,-12.715,-1.814,-0.252,0.831
-17.909,-13.246,-13.159,-0.508,-0.143,2.258
-13.439,-9.652,-15.962,-0.635,-1.248,3.203
-6.929,-5.068,-18.405,0.72,-2.932,3.874
2.872,-1.709,-12.781,-0.656,-3.005,2.864
7.882,0.924,-6.958,-0.633,-1.733,1.281
2.317,1.014,-4.765,-0.311,0.191,-0.483
-2.519,-0.263,-7.921,0.368,0.622,-0.779
-6.231,-0.475,-13.035,-0.27,0.653,-1.481
-4.728,0.613,-12.732,-0.608,1.696,-1.967
