-1.148,-10.008,-10.836,0.0,0.0,0.0
-1.242,-10.065,-10.809,0.0,0.0,0.0
-1.103,-10.022,-10.776,0.0,0.0,0.0
-1.136,-10.064,-10.874,0.0,0.0,0.0
-1.128,-10.064,-10.885,0.0,0.0,0.0
-1.238,-10.09,-10.855,0.0,0.0,0.0
-1.375,-9.957,-10.845,0.0,-0.193,0.0
-4.264,-10.229,-10.198,-0.158,-1.223,-0.292
-10.406,-10.167,-13.097,0.587,-2.501,0.5
-10.002,-11.169,-19.196,-0.893,-3.252,2.358
-6.0,-12.832,-17.806,-1.714,-3.607,3.386
-0.629,-12.877,-13.804,-2.064,-2.082,3.04
1.616,-9.432,-11.154,-1.176,-0.923,0.669
-4.1,-10.214,-10.521,-0.398,0.0,-0.238
-16.285,-11.18,-11.479,-0.654,0.819,0.0
-20.771,-11.456,-10.941,-1.014,-0.319,2.06
-17.421,-8.399,-15.855,-0.246,-0.718,3.426
-8.33,-4.836,-16.013,0.0,-1.907,4.138
1.657,-2.661,-13.22,-0.782,-2.082,3.223
5.608,0.0,-8.073,-0.369,-1.653,1.319
4.426,1.051,-6.766,0.0,0.0,-0.509
1.93,0.497,-9.135,0.276,0.471,-1.27
-0.5,-0.236,-9.897,0.351,1.716,-2.488
-16.18,-3.126,-10.633,1.415,0.118,-3.253
-20.771,-7.678,-11.645,0.0,2.922,-2.27
