-0.916,-10.066,-11.034,0.0,0.0,0.0
-1.014,-10.062,-10.96,0.0,0.0,0.0
-1.049,-10.014,-11.027,0.0,0.0,0.0
-1.068,-10.048,-10.977,0.0,0.0,0.0
-1.018,-10.039,-11.001,0.0,0.0,0.0
-0.939,-10.096,-10.969,0.0,0.0,0.0
-1.102,-10.007,-10.909,0.0,0.0,0.0
-1.15,-10.038,-10.934,0.0,-0.188,0.0
-4.846,-10.385,-10.303,-0.104,-1.43,-0.398
-16.368,-11.207,-17.498,1.657,-3.572,1.751
-10.623,-13.533,-18.588,-2.346,-1.612,4.208
0.0,-13.526,-17.265,-2.978,-2.509,3.901
2.459,-9.89,-9.393,-2.084,-1.313,0.837
-6.186,-9.747,-11.68,-0.957,0.288,-0.15
-17.817,-10.024,-12.757,-0.962,0.5,0.598
-19.567,-8.699,-13.872,-0.707,-0.259,1.887
-15.12,-5.909,-14.742,-0.11,-0.83,2.46
-9.149,-1.905,-16.769,-0.604,-2.02,2.4
-2.902,-0.514,-14.295,-0.844,-2.33,2.583
4.715,0.0,-9.69,-0.654,-1.757,1.488
2.742,0.0,-5.419,-0.224,-0.597,-0.338
0.292,-0.467,-7.521,0.45,0.469,-0.892
-0.503,0.237,-10.8,0.366,1.536,-1.569
-6.957,-1.772,-13.15,0.636,2.766,-2.691
-19.618,-3.208,-17.968,1.082,3.424,-1.92
