-1.751,-10.052,-10.601,0.0,0.0,0.0
-1.636,-10.003,-10.606,0.0,0.0,0.0
-1.706,-10.044,-10.572,0.0,0.0,0.0
-1.512,-10.132,-10.638,0.0,0.0,0.0
-1.899,-10.003,-10.522,0.0,0.138,0.0
-1.857,-10.034,-10.518,0.0,0.0,0.0
-2.081,-9.941,-10.65,0.0,-0.144,0.0
-3.79,-9.962,-10.153,-0.238,-1.024,0.0
-9.463,-10.609,-10.522,0.206,-3.592,0.364
-12.548,-11.443,-16.111,-0.687,-2.79,2.707
-6.874,-12.226,-16.3,-1.32,-3.023,3.342
1.107,-11.977,-11.228,-1.943,-0.663,2.978
-0.227,-9.723,-11.59,-0.6,0.111,0.867
-10.367,-9.072,-11.438,-0.687,0.54,0.355
-15.299,-7.274,-12.101,-1.238,0.385,0.621
-14.722,-7.648,-10.315,-1.116,-1.019,0.991
-17.853,-7.022,-13.405,-0.132,-0.456,2.55
-11.81,-4.678,-14.634,-0.636,-1.658,3.307
-1.798,-1.275,-14.513,-0.293,-1.903,2.845
2.013,1.483,-11.535,0.12,-1.655,1.194
0.0,1.359,-7.599,0.307,-0.827,-0.281
-2.608,1.445,-7.558,0.0,0.23,-0.473
2.309,0.244,-12.633,0.272,1.459,-0.95
-1.926,-0.13,-10.523,0.517,1.07,-2.22
-11.599,-3.413,-10.336,0.782,-0.493,-2.923
