-1.254,-10.092,-10.625,0.0,0.0,0.0
-1.132,-10.137,-10.613,0.0,0.0,0.0
-1.108,-10.087,-10.743,0.0,0.0,0.0
-1.235,-10.087,-10.583,0.0,0.0,0.0
-1.206,-10.069,-10.718,0.0,0.0,0.0
-1.258,-10.087,-10.591,0.0,0.0,0.0
-1.286,-10.081,-10.702,0.0,0.0,0.0
-1.868,-9.778,-11.066,-0.223,-0.803,0.0
-4.276,-11.12,-9.29,-0.685,-2.303,-0.677
-18.099,-11.975,-15.478,2.032,-4.354,1.135
-12.568,-14.643,-17.134,-0.918,-0.347,4.357
3.057,-12.303,-15.556,-2.049,-2.186,4.169
2.013,-9.853,-9.266,-1.377,-0.698,0.608
-5.895,-10.549,-10.298,-0.706,0.627,-0.498
-19.453,-9.882,-13.364,-1.029,0.625,0.305
-20.771,-10.574,-17.924,-1.013,-0.137,1.736
-14.366,-7.913,-12.975,-1.505,-0.546,2.925
-7.37,-3.173,-12.996,-0.59,-2.325,2.921
-0.223,-0.148,-10.456,-1.158,-3.238,1.556
3.173,0.975,-9.624,0.0,-2.078,0.496
-0.516,1.322,-7.418,0.206,-0.606,-0.677
-2.409,0.515,-7.88,0.333,0.76,-0.604
-0.734,-0.285,-11.708,0.239,0.47,-1.159
-6.711,-1.391,-11.354,1.148,1.489,-2.314
-20.771,-3.802,-12.636,0.0,1.475,-2.838
