-1.531,-10.065,-10.89,0.0,0.0,0.0
-1.197,-10.062,-10.903,0.0,-0.203,0.0
-1.329,-10.114,-10.676,0.0,0.0,0.0
-1.187,-10.002,-10.823,0.0,0.0,0.0
-1.575,-10.059,-10.574,0.0,0.0,0.0
-1.365,-10.084,-10.857,0.0,0.0,0.0
-1.512,-10.115,-10.718,0.0,0.0,0.0
-2.408,-9.854,-10.803,-0.102,-0.405,0.0
-4.671,-10.806,-9.007,-0.499,-2.456,-0.445
-13.19,-11.886,-13.378,0.792,-3.405,0.69
-10.349,-12.355,-16.713,-0.978,-1.291,3.709
-3.602,-11.236,-15.99,-1.247,-3.265,3.463
-1.287,-10.667,-12.184,-1.342,-1.769,1.887
-0.325,-8.864,-10.638,-0.88,-0.124,0.769
-7.008,-9.239,-10.709,-0.805,0.979,0.0
-20.771,-11.061,-11.808,-1.196,0.367,0.68
-20.771,-10.639,-12.843,-1.144,-0.503,2.595
-10.643,-6.633,-14.496,-0.481,-1.309,3.866
-0.999,-1.614,-15.187,0.103,-2.838,3.167
4.175,1.11,-9.673,-1.172,-1.926,1.424
1.202,0.628,-7.835,0.155,-0.825,-0.166
-0.43,0.412,-7.513,0.0,0.443,-0.41
2.881,0.957,-12.976,0.0,0.149,-1.022
-3.295,-2.121,-7.953,0.0,1.822,-2.833
-15.643,-7.392,-11.344,0.938,2.686,-3.462
