-0.823,-10.102,-10.729,0.0,0.0,0.0
-0.693,-10.081,-10.832,0.0,0.0,0.0
-0.869,-10.074,-10.909,0.0,0.0,0.0
-0.72,-10.062,-10.957,0.0,0.0,0.0
-0.673,-10.107,-10.773,0.0,0.0,0.0
-0.68,-10.148,-10.757,0.0,0.0,0.0
-0.699,-10.068,-10.733,0.0,0.0,0.0
-0.981,-10.094,-10.522,0.0,-0.111,0.0
-3.772,-10.41,-10.35,0.0,-0.95,-0.142
-11.052,-10.038,-15.586,0.229,-1.497,1.294
-9.891,-10.68,-19.901,-0.819,-4.354,1.931
-4.59,-12.945,-19.569,-1.516,-4.354,3.111
7.196,-11.7,-13.06,-2.121,-0.846,2.017
-1.193,-10.962,-11.518,-1.035,-0.406,0.164
-12.267,-10.908,-11.911,-1.105,0.583,0.516
-16.055,-11.884,-11.49,-0.837,-0.694,1.177
-18.509,-12.05,-12.264,-0.946,-1.296,2.632
-12.814,-7.196,-16.652,-0.395,-1.542,3.064
-6.104,-3.591,-15.795,-0.1,-2.262,2.996
0.0,-1.654,-10.574,-1.12,-2.754,2.474
3.591,0.0,-7.026,-0.331,-1.234,0.857
1.507,0.709,-8.304,0.0,0.0,-0.347
-1.509,1.115,-9.613,0.149,-0.277,-0.818
-4.219,0.461,-9.232,0.0,0.97,-1.202
-6.995,-1.134,-10.235,0.0,1.465,-2.285
