-1.98,-9.991,-10.753,0.0,0.0,0.0
-1.816,-9.996,-10.906,0.0,0.102,0.0
-1.935,-9.978,-10.785,0.0,0.0,0.0
-1.912,-9.997,-10.866,0.0,0.0,0.0
-1.972,-10.005,-10.82,0.0,0.0,0.0
-1.78,-10.215,-11.013,0.0,0.0,0.0
-2.143,-9.74,-10.498,-0.131,-0.106,-0.101
-6.126,-10.281,-10.419,-0.331,-1.964,-0.587
-13.479,-10.963,-15.273,0.807,-2.986,0.609
-12.157,-12.729,-18.861,-2.673,0.343,3.584
-1.579,-12.344,-16.029,-2.153,-3.527,3.802
2.387,-9.674,-10.641,-1.777,-1.845,1.312
-3.616,-9.327,-11.791,-0.788,0.181,0.271
-9.716,-8.444,-13.008,-0.682,0.746,0.0
-19.628,-8.915,-13.729,-0.918,0.503,0.311
-20.771,-9.072,-14.311,-0.776,-0.481,2.31
-11.613,-5.394,-16.816,-0.78,-2.415,3.486
-2.155,-2.012,-16.831,0.318,-1.944,3.083
3.6,-0.593,-7.959,-0.662,-1.644,1.344
2.542,0.31,-5.483,0.129,-1.178,0.0
-0.743,0.862,-7.953,0.474,0.0,-0.772
-0.729,0.551,-11.274,0.0,0.967,-1.264
1.932,0.464,-11.307,-0.498,2.048,-2.055
-19.071,-6.491,-17.887,1.208,0.734,-4.006
-20.771,-6.805,-12.781,0.643,0.579,-0.872
