-1.381,-10.045,-10.826,0.0,0.0,0.0
-1.182,-10.04,-10.9,0.0,0.0,0.0
-1.31,-10.047,-10.867,0.0,0.0,0.0
-1.297,-10.063,-10.817,0.0,0.0,0.0
-1.208,-10.053,-10.864,0.0,0.0,0.0
-1.275,-10.087,-10.82,0.0,0.0,0.0
-1.279,-10.103,-10.852,0.0,0.0,0.0
-2.452,-10.216,-10.344,0.0,-0.759,-0.16
-11.15,-10.624,-8.779,0.38,-3.841,0.0
-15.232,-11.319,-20.851,-0.86,-1.349,2.92
-5.532,-13.939,-19.029,-1.758,-3.481,3.927
3.272,-12.37,-10.755,-2.289,-1.364,2.554
0.59,-9.327,-11.395,-0.805,-1.156,0.427
-5.736,-8.6,-10.032,-0.6,0.101,-0.168
-14.916,-9.863,-12.194,-0.681,0.948,0.0
-20.389,-10.106,-11.951,-0.896,0.0,1.481
-17.594,-8.714,-14.8,-0.564,-0.739,2.765
-11.946,-5.116,-18.139,0.0,-1.804,3.452
-1.93,-1.24,-17.517,-0.748,-2.061,3.041
6.2,-0.625,-8.767,-0.406,-1.493,1.567
3.143,0.347,-5.323,0.0,-1.114,-0.456
-1.853,0.0,-5.2,0.24,0.226,-1.024
-2.882,-0.115,-9.125,0.321,1.845,-1.304
-4.791,-0.132,-11.741,0.462,2.153,-1.812
-11.423,-1.506,-13.34,0.289,1.64,-2.144
