-2.563,-10.004,-10.238,-0.148,-1.099,-0.189
-12.035,-11.001,-9.795,0.765,-3.444,-1.08
-12.748,-12.634,-19.091,1.086,-2.346,3.432
-6.955,-15.264,-14.783,-1.55,-1.912,4.251
3.214,-12.07,-13.376,-1.075,-0.953,2.614
2.916,-9.106,-13.437,-0.841,-0.285,1.005
-6.551,-10.87,-11.688,-0.784,0.161,-0.806
-20.771,-14.061,-11.908,-1.7,0.894,1.203
-20.771,-13.396,-12.856,-0.228,0.209,4.357
-9.74,-6.737,-17.797,-1.712,-1.86,4.357
1.484,-3.452,-16.942,-1.185,-2.851,3.253
9.627,-1.76,-7.139,-1.254,-1.688,1.207
3.194,-0.438,-5.898,0.516,-0.808,-1.198
1.511,-0.152,-10.274,0.68,0.498,-1.347
-0.948,-1.155,-10.309,0.504,2.296,-2.675
-18.109,-5.865,-12.744,1.301,1.123,-3.595
-20.771,-8.199,-13.02,0.867,0.349,-1.924
-11.689,-9.416,-8.826,1.609,-1.299,-1.602
-5.256,-10.49,-9.399,1.622,0.0,-2.225
-1.525,-13.062,-12.485,2.847,1.62,-3.808
-5.209,-16.808,-16.033,1.066,2.671,-4.373
-8.955,-13.133,-12.685,0.435,2.639,-3.022
-4.078,-11.906,-11.743,0.234,0.904,-0.543
-5.45,-10.165,-10.401,-0.72,1.027,0.0
-3.286,-10.679,-9.451,-0.304,0.116,0.559
