-1.448,-10.036,-10.702,0.0,0.0,0.0
-1.497,-10.028,-10.641,0.0,0.0,0.0
-1.539,-10.078,-10.691,0.0,0.0,0.0
-1.464,-10.071,-10.754,0.0,0.0,0.0
-1.389,-10.024,-10.708,0.0,0.0,0.0
-1.403,-10.024,-10.728,0.0,0.0,0.0
-1.558,-10.059,-10.66,0.0,0.0,0.0
-1.711,-10.288,-10.595,0.0,-0.328,0.0
-6.612,-10.239,-9.063,0.226,-2.046,0.0
-11.618,-10.198,-17.332,-0.148,-2.512,1.705
-8.985,-12.903,-17.413,-2.089,-4.348,2.89
-3.142,-13.263,-15.509,-2.579,-2.869,2.999
1.093,-9.747,-12.084,-1.277,-2.178,1.843
-0.655,-8.278,-10.65,-0.501,0.272,0.436
-11.127,-9.158,-10.176,-0.547,1.044,-0.158
-20.266,-9.09,-13.292,-0.325,0.978,0.887
-16.581,-8.654,-13.73,-0.368,0.226,1.968
-12.24,-5.842,-14.802,-1.028,-1.444,2.687
-6.659,-2.556,-15.346,-0.471,-1.981,2.365
-1.225,-0.901,-11.289,-0.864,-1.888,2.034
0.562,0.504,-8.992,0.0,-1.57,1.004
-1.751,1.056,-6.706,0.286,-0.301,-0.239
-1.558,1.995,-7.42,0.693,-0.694,-0.658
-4.13,0.865,-10.138,0.485,0.423,-1.953
-9.025,-1.099,-11.092,0.129,1.413,-2.426
