-2.002,-10.083,-10.532,0.0,0.0,0.0
-1.953,-10.024,-10.429,0.0,0.0,0.0
-1.912,-10.009,-10.593,0.0,0.0,0.0
-2.039,-10.027,-10.378,0.0,0.0,0.0
-2.039,-10.014,-10.472,0.0,0.0,0.0
-1.93,-10.032,-10.52,0.0,0.0,0.0
-2.099,-9.943,-10.46,0.0,0.0,0.0
-3.487,-10.121,-10.025,0.0,-0.705,0.0
-6.501,-9.997,-11.924,0.295,-2.099,0.944
-12.65,-9.55,-13.924,-1.406,-1.879,1.648
-9.129,-10.588,-16.955,-1.91,-3.85,2.358
-3.118,-13.018,-14.865,-2.565,-2.923,2.752
0.91,-9.839,-11.643,-1.388,-0.696,1.164
-3.18,-9.354,-11.749,-0.993,0.0,0.0
-16.598,-10.107,-12.923,-0.769,0.654,0.135
-20.771,-11.393,-10.342,-0.859,0.351,1.747
-16.053,-8.961,-12.631,-0.863,-0.796,2.947
-8.921,-4.585,-15.411,-0.446,-1.867,3.119
-2.841,-1.555,-15.231,-0.323,-2.507,2.711
2.604,0.0,-9.835,0.0,-2.17,1.616
2.036,0.8,-7.926,0.0,-0.753,0.386
0.401,1.315,-7.557,0.0,0.638,-0.362
-1.253,2.01,-10.664,0.131,1.92,-1.216
-2.056,-1.124,-12.927,0.617,3.701,-2.302
-15.122,-4.059,-17.322,1.915,2.441,-2.899
