-1.151,-10.063,-10.712,0.0,0.0,0.0
-1.303,-10.018,-10.708,0.0,0.0,0.0
-1.303,-10.06,-10.7,0.0,0.0,0.0
-1.274,-10.057,-10.773,0.0,0.0,0.0
-1.36,-10.099,-10.653,0.0,0.0,0.0
-1.273,-10.051,-10.739,0.0,0.0,0.0
-1.305,-10.028,-10.704,0.0,0.0,0.0
-1.958,-10.238,-10.577,0.0,-0.437,-0.127
-8.878,-11.061,-10.117,0.651,-2.725,0.672
-12.802,-11.833,-18.126,-1.188,-1.843,2.781
-6.547,-13.191,-18.562,-2.221,-3.001,3.736
-0.137,-10.71,-13.614,-2.886,-1.339,3.022
1.156,-8.429,-9.345,-1.236,-1.217,0.358
-7.015,-8.831,-11.789,-0.463,0.119,-0.281
-12.84,-7.859,-12.776,-0.445,0.503,0.178
-16.393,-7.988,-12.4,-0.597,-0.494,0.715
-17.088,-8.117,-13.357,-0.305,-0.513,1.572
-14.109,-5.321,-14.774,-0.553,-0.877,2.641
-9.125,-2.556,-14.362,0.0,-2.352,2.505
-2.541,-0.524,-12.355,-0.112,-2.161,2.176
1.788,0.68,-9.54,-0.507,-1.571,0.965
0.685,0.656,-6.527,0.0,-0.757,-0.177
-2.865,1.203,-6.296,0.345,0.171,-0.464
-3.3,1.647,-10.867,0.0,1.247,-1.1
-2.355,0.796,-13.473,0.267,2.608,-1.827
