0.596,-12.39,-14.684,-1.521,-2.521,2.439
3.4,-10.311,-12.38,-1.419,-0.833,1.211
-1.846,-9.331,-11.937,-0.751,0.0,0.244
-8.185,-9.293,-10.785,-0.53,0.404,0.0
-14.454,-11.067,-10.875,-0.298,0.903,0.724
-15.232,-13.054,-12.367,-0.808,0.0,1.701
-14.536,-11.072,-15.346,-0.8,-0.196,2.346
-11.309,-6.639,-20.95,-0.428,-0.953,2.375
-7.468,-3.68,-15.875,-0.637,-2.934,2.836
1.062,-2.642,-9.114,-0.891,-3.063,2.512
2.9,-0.121,-7.089,0.0,-1.774,1.274
-1.461,1.553,-6.296,0.0,-0.307,-0.13
-4.2,2.363,-8.784,-0.194,0.417,-0.463
-4.294,1.659,-9.479,0.0,0.673,0.0
-1.889,1.595,-11.119,0.8,0.689,-0.514
-7.606,0.122,-9.993,1.001,0.0,-1.384
-13.016,-3.437,-11.556,1.696,2.22,-2.135
-20.771,-8.201,-16.187,1.48,1.867,-3.246
-20.771,-8.535,-10.131,0.0,0.85,-1.46
-11.318,-6.036,-9.536,0.166,0.487,0.0
-4.701,-7.719,-10.02,0.719,-0.156,-0.159
-2.618,-9.105,-11.868,1.506,0.0,-1.063
-1.583,-9.716,-13.672,1.468,1.38,-1.971
-5.811,-11.903,-14.105,2.535,1.735,-3.047
-6.344,-12.601,-14.925,1.328,1.879,-3.234
