-1.056,-10.051,-10.997,0.0,-0.216,0.0
-0.97,-10.059,-10.711,0.0,0.0,0.0
-1.049,-9.975,-11.001,0.0,0.0,0.0
-1.105,-10.062,-10.773,0.0,0.0,0.0
-0.787,-10.028,-11.014,0.0,0.0,0.0
-1.092,-10.052,-10.954,0.0,0.0,0.0
-1.127,-10.038,-11.043,0.0,0.0,0.0
-1.332,-9.993,-10.83,-0.145,-0.283,0.0
-4.133,-10.088,-9.827,-0.283,-1.396,-0.206
-11.945,-10.722,-14.707,0.684,-2.066,1.164
-9.759,-11.242,-21.159,-1.455,-2.385,3.375
-0.969,-11.589,-17.852,-2.997,-3.117,2.982
0.367,-10.273,-11.086,-1.825,-1.361,0.851
-5.145,-11.302,-11.876,-1.282,-0.614,0.0
-12.286,-9.828,-11.519,-0.858,0.478,0.641
-19.064,-10.938,-15.786,-1.066,1.283,1.31
-19.45,-10.071,-19.801,-1.592,-0.748,3.09
-7.426,-4.786,-17.654,-1.062,-2.623,3.516
0.822,-1.24,-14.647,-1.021,-3.603,2.372
8.909,-0.353,-10.096,-0.801,-2.046,1.032
2.047,0.583,-8.121,0.213,0.0,-0.801
1.507,0.171,-11.326,0.325,0.427,-1.258
-2.333,-0.76,-11.131,0.389,0.817,-2.196
-11.204,-4.422,-10.627,0.836,-0.135,-2.822
-17.436,-10.21,-7.878,0.627,-1.239,-2.825
