-8.184,-7.527,-21.682,-1.73,-1.162,2.602
-6.072,-4.917,-19.042,-3.832,-1.418,1.93
-7.028,0.0,-15.014,-1.501,-3.337,1.8
-1.366,2.068,-14.23,-1.589,-2.249,2.648
-0.762,1.5,-8.618,-1.186,-2.279,1.678
2.496,2.115,-7.632,0.151,0.0,0.809
-0.783,2.579,-8.853,0.7,0.124,-1.104
-3.814,2.717,-9.986,0.851,-0.834,-2.122
-4.584,2.104,-10.753,0.668,-1.373,-3.098
-8.03,-0.754,-10.924,0.498,1.099,-3.047
-8.875,-5.394,-9.84,1.549,0.825,-3.189
-7.095,-9.326,-11.729,2.163,1.552,-3.104
-8.139,-14.877,-10.977,0.401,0.267,-4.337
-8.946,-18.042,-8.479,1.599,0.295,-3.953
-5.535,-14.341,-13.496,2.005,2.574,-2.225
-5.568,-9.968,-12.8,0.419,4.377,-0.314
-3.159,-8.522,-11.827,0.281,2.753,0.0
-3.184,-8.63,-12.755,0.366,0.59,-0.395
-3.437,-9.464,-12.303,-0.556,-0.292,0.0
-1.924,-10.387,-10.978,-0.908,-0.916,0.539
-1.09,-9.893,-9.891,-1.079,-1.446,0.442
0.205,-9.196,-7.872,0.114,-1.025,0.462
-0.597,-9.012,-10.134,0.523,1.386,-0.131
-1.756,-9.421,-10.631,0.0,0.39,-0.383
-2.0,-9.567,-11.011,0.155,-0.373,-0.519
