-6.702,-9.96,-15.674,-2.105,3.385,1.008
-7.531,-11.407,-18.169,-3.098,0.707,1.472
-9.101,-10.453,-19.49,-3.278,0.176,1.876
-8.072,-7.319,-18.95,-3.199,-1.093,2.092
-7.102,-2.473,-15.57,-1.793,-3.425,1.003
-10.008,-0.868,-20.407,0.257,-2.86,1.82
-9.006,0.154,-17.536,-1.467,-1.421,2.073
-3.943,1.508,-13.408,-1.85,-2.523,2.372
-1.605,2.033,-10.455,-0.839,-1.659,1.948
2.246,2.48,-7.839,-1.168,-0.798,0.983
1.926,2.912,-5.261,-0.529,0.0,0.0
-1.617,3.858,-6.582,0.334,0.916,-0.91
-5.39,3.911,-7.437,1.609,-0.725,-1.531
-3.169,3.85,-10.49,1.707,-0.746,-2.528
-5.212,0.546,-13.866,1.065,1.558,-3.283
-11.336,-5.151,-12.829,0.852,1.469,-4.113
-11.236,-8.852,-11.737,-0.751,0.0,-4.337
-11.198,-12.67,-9.278,0.258,0.201,-3.46
-4.803,-14.061,-10.586,0.721,-0.299,-3.491
-6.442,-14.858,-10.101,1.076,2.214,-2.804
-5.623,-11.903,-13.615,1.71,2.299,-1.32
-2.544,-9.34,-12.358,-0.491,3.478,0.57
-2.632,-8.779,-10.781,0.142,1.678,0.0
-2.309,-8.893,-12.695,0.606,0.147,-0.399
-3.115,-9.662,-12.26,-0.398,0.0,0.0
