-4.956,-9.902,-11.722,-0.454,-0.522,0.617
-5.423,-9.797,-13.176,-0.847,0.0,1.285
-6.722,-9.79,-15.799,-2.195,2.824,1.801
-6.786,-10.218,-17.7,-3.184,1.867,1.712
-8.927,-8.886,-19.231,-3.089,-0.748,1.635
-8.038,-5.882,-20.936,-2.598,-1.585,1.812
-7.167,-2.564,-19.457,-3.162,-2.364,1.418
-7.886,0.0,-14.372,-2.252,-3.714,0.888
-8.468,3.306,-14.262,-1.108,-4.207,0.937
-2.306,2.003,-9.934,-0.445,-2.86,1.582
0.99,0.712,-7.839,0.0,-0.782,1.558
2.056,2.502,-7.686,0.581,-0.282,0.528
-0.722,3.519,-6.301,0.189,0.207,-0.821
-3.904,3.734,-8.073,0.657,1.308,-1.128
-4.665,4.066,-10.007,0.588,1.064,-1.494
-6.0,1.931,-10.855,0.815,0.0,-2.509
-7.952,-0.556,-12.013,0.797,1.994,-2.983
-8.477,-7.479,-13.031,1.399,1.147,-3.667
-12.001,-11.493,-8.132,0.121,-0.292,-4.337
-8.395,-13.274,-9.979,1.394,0.784,-3.204
-6.804,-15.017,-11.906,0.766,-0.6,-3.653
-5.459,-13.829,-12.137,0.482,2.633,-2.673
-5.416,-10.254,-12.402,0.347,3.622,0.0
-2.568,-9.165,-11.24,-0.196,2.486,0.439
-2.625,-8.747,-11.443,0.294,0.49,0.0
