-1.897,-9.349,-10.697,0.0,0.0,0.0
-1.888,-9.351,-10.692,0.0,0.0,0.0
-1.879,-9.359,-10.734,0.0,0.0,0.0
-1.984,-9.334,-10.7,0.0,0.0,0.0
-1.864,-9.332,-10.766,0.0,0.0,0.0
-1.914,-9.408,-10.766,0.0,0.0,0.0
-4.003,-9.676,-11.573,-0.132,-0.351,0.109
-7.591,-10.234,-12.925,-1.18,-0.608,1.814
-7.442,-9.937,-14.907,-1.984,1.277,2.591
-8.829,-9.566,-19.116,-3.314,1.832,2.594
-9.137,-8.262,-20.729,-3.77,-0.253,1.804
-7.809,-4.318,-18.237,-3.625,-1.625,1.208
-5.86,0.666,-15.521,-1.964,-2.045,1.115
-8.51,2.161,-13.679,-1.083,-3.109,0.0
-8.939,2.178,-13.402,-0.681,-2.35,0.721
-6.215,2.204,-12.503,-0.474,-1.893,1.915
-1.02,2.281,-10.083,-0.864,-0.801,2.2
3.107,1.634,-6.547,-0.549,0.607,0.93
-1.143,2.762,-6.785,0.301,-0.114,-0.821
-4.023,3.472,-8.92,0.864,0.54,-1.316
-5.473,3.461,-9.016,0.863,-0.354,-1.526
-2.751,3.489,-11.677,1.307,2.632,-1.579
-8.57,0.0,-13.914,2.842,2.267,-1.793
-10.604,-3.55,-13.445,2.535,-1.902,-3.852
-10.403,-8.439,-11.611,0.723,-1.602,-4.337
