-3.519,-9.504,-11.512,0.343,-0.974,0.0
-5.641,-10.393,-11.578,-0.462,-1.3,0.605
-4.696,-10.416,-14.348,-1.226,0.11,1.69
-8.012,-11.486,-17.528,-3.702,3.172,2.11
-7.703,-10.741,-16.923,-4.299,0.73,1.771
-8.787,-7.597,-18.932,-2.933,-1.515,1.484
-9.39,-4.585,-22.261,-2.121,-2.999,1.622
-7.397,-2.781,-19.83,-3.038,-2.288,2.153
-5.593,-0.125,-13.855,-2.222,-3.03,2.203
-2.649,1.615,-9.257,-1.542,-2.906,1.934
1.627,2.001,-8.543,0.0,-0.845,1.96
2.184,2.245,-6.545,0.239,-0.508,0.193
0.308,3.556,-8.452,1.458,-1.364,-1.236
-3.652,4.777,-10.01,0.26,0.36,-1.837
-2.588,2.987,-9.102,0.496,0.378,-2.597
-6.151,-0.683,-10.639,1.349,0.795,-4.008
-9.143,-6.69,-12.659,1.856,1.139,-4.337
-11.358,-10.441,-11.488,-0.481,0.29,-4.337
-8.679,-12.899,-9.807,0.48,-0.549,-3.599
-5.05,-13.711,-10.181,0.129,0.92,-2.67
-5.357,-13.462,-11.923,0.763,2.62,-1.836
-5.921,-11.045,-12.453,0.58,2.811,-0.789
-2.759,-9.322,-11.899,0.0,2.264,0.585
-2.814,-8.575,-11.459,0.187,1.072,0.0
-2.91,-8.601,-12.749,0.289,0.424,0.0
