-1.81,-9.372,-10.554,0.0,0.0,0.0
-1.9,-9.249,-10.648,0.0,0.0,0.0
-2.452,-9.51,-9.563,0.12,-0.67,-0.14
-5.756,-9.969,-9.586,1.546,-4.354,-0.556
-1.679,-9.595,-9.257,0.0,-1.915,0.27
-3.22,-9.541,-9.665,0.0,0.208,0.71
-3.59,-9.023,-16.259,-1.965,4.377,2.079
-7.619,-12.119,-12.163,-4.299,4.377,2.22
-4.433,-9.104,-17.097,-1.681,-0.227,1.118
-12.003,-9.258,-20.996,-2.278,-0.982,1.096
-12.512,-7.027,-21.713,-2.08,-2.54,2.164
-8.335,-2.876,-22.444,-2.104,-3.081,2.741
-3.669,1.038,-17.325,-1.614,-3.664,2.3
-2.979,2.221,-13.478,-2.228,-2.21,1.313
-2.466,1.235,-8.558,-0.863,-1.287,1.648
0.0,0.834,-7.695,-0.281,-0.76,1.545
2.26,2.079,-7.127,0.16,0.252,0.509
-0.523,2.986,-7.493,0.617,0.893,-0.902
-3.153,3.343,-9.605,1.228,0.0,-1.873
-1.622,1.917,-11.53,1.074,0.626,-2.095
-7.173,-2.77,-14.27,2.112,2.835,-3.38
-11.819,-9.259,-16.709,2.375,0.389,-4.337
-11.055,-14.941,-11.183,1.421,-0.494,-4.337
-7.659,-16.505,-13.931,1.704,1.373,-3.741
-9.962,-13.984,-14.53,0.306,1.094,-2.879
