-1.543,-9.307,-10.629,0.0,0.0,0.0
-1.919,-9.197,-9.904,0.0,-0.601,-0.162
-1.985,-10.023,-9.166,0.319,-1.253,-0.446
-4.095,-10.195,-11.428,0.838,-1.257,-0.147
-5.486,-10.272,-14.359,-0.765,0.427,1.686
-4.552,-10.801,-12.537,-1.634,-1.076,2.223
-5.346,-10.338,-16.11,-2.546,1.112,1.711
-10.739,-12.257,-19.154,-3.98,1.32,2.391
-10.275,-10.037,-15.588,-3.781,-0.111,2.466
-7.659,-4.927,-18.19,-1.365,-2.428,1.929
-6.603,-0.599,-17.573,-1.201,-2.186,2.071
-7.607,2.195,-15.275,-1.021,-2.09,1.719
-6.507,2.864,-13.939,-1.334,-2.93,1.818
-2.991,1.104,-10.8,-0.31,-2.319,2.615
3.598,1.824,-8.048,-0.485,-0.458,2.106
4.64,4.334,-4.802,0.525,0.0,-0.278
0.0,3.169,-7.968,1.033,0.844,-2.336
-5.049,1.844,-10.208,1.269,0.0,-3.024
-6.251,-0.445,-13.111,1.054,0.636,-3.582
-7.918,-3.696,-12.874,0.633,2.196,-3.473
-10.114,-7.911,-14.001,1.633,0.772,-4.0
-10.454,-13.134,-11.922,1.745,-2.505,-4.337
-5.377,-15.36,-10.104,-0.27,-0.679,-3.712
-6.567,-16.511,-9.773,0.192,2.555,-2.998
-8.478,-11.242,-12.362,0.416,0.99,-1.137
