-2.934,0.342,-14.122,-2.066,-0.778,2.173
-2.386,0.733,-5.165,-2.042,-0.548,1.514
0.555,1.735,-5.931,0.0,0.262,0.637
-2.963,1.897,-7.001,0.797,1.098,-0.642
-5.072,1.967,-8.325,1.343,-0.204,-1.111
-3.805,2.134,-12.054,1.798,-0.268,-1.636
-6.295,0.587,-13.45,0.983,0.546,-2.319
-8.46,-3.261,-10.113,0.984,-0.977,-2.96
-10.05,-7.076,-10.6,0.237,1.77,-3.212
-11.863,-12.258,-10.703,1.726,-0.921,-3.844
-8.654,-13.562,-11.026,0.157,1.649,-3.088
-8.074,-12.365,-11.997,0.771,1.415,-1.993
-7.036,-10.145,-11.668,0.149,2.321,-0.628
-4.384,-8.506,-11.761,0.433,1.477,-0.162
-3.744,-8.684,-11.997,0.515,1.703,-0.219
-3.85,-9.029,-12.118,0.0,1.181,0.0
-3.288,-9.879,-7.946,0.285,0.666,0.267
-2.721,-9.209,-11.37,0.0,0.0,0.134
-2.476,-9.213,-11.287,-0.204,-0.58,0.0
-2.252,-9.068,-11.292,0.0,-0.288,0.0
-2.266,-9.025,-11.412,0.0,0.0,0.0
-2.182,-9.202,-10.953,-0.144,-0.305,0.0
-2.323,-9.313,-10.685,0.0,-0.259,0.0
-2.388,-9.234,-10.805,0.0,0.0,0.0
-2.303,-9.237,-10.917,0.0,-0.101,-0.166
