-6.95,3.33,-15.873,-0.454,-2.444,0.663
-5.764,2.208,-10.875,-0.625,-3.598,1.368
-0.652,2.047,-6.695,0.0,-0.662,2.08
1.084,2.493,-8.152,0.62,0.0,0.581
-2.205,2.634,-8.191,0.0,0.27,-0.482
-3.173,3.043,-7.612,0.101,0.335,-0.663
-2.905,4.354,-8.462,-0.402,0.241,-1.38
-6.266,3.374,-10.558,0.402,0.669,-1.958
-7.77,1.958,-11.655,0.916,0.522,-2.948
-9.955,-2.544,-10.795,0.902,1.581,-2.888
-9.4,-8.31,-9.886,0.93,-0.395,-4.134
-8.45,-13.116,-9.248,1.538,0.796,-3.675
-4.307,-16.525,-13.079,0.616,1.615,-4.071
-6.214,-17.821,-12.515,0.916,2.114,-3.614
-6.641,-11.158,-13.693,1.102,1.816,-1.012
-2.131,-9.35,-11.805,-0.673,3.327,0.566
-2.966,-9.012,-11.003,0.278,2.06,0.16
-2.477,-9.171,-12.822,0.563,1.198,0.0
-2.835,-9.714,-11.805,-0.486,0.491,0.32
-2.065,-10.01,-10.412,-0.592,-0.748,0.5
-0.728,-9.204,-10.395,0.229,-1.613,0.435
-0.294,-9.351,-9.878,-0.34,0.0,0.149
-1.222,-9.47,-10.425,0.0,0.27,0.0
-1.459,-9.529,-10.746,0.0,0.181,0.0
-1.465,-9.373,-11.167,0.108,0.0,0.0
