-5.334,-9.184,-16.927,-1.92,0.0,1.384
-7.15,-10.035,-18.943,-4.299,1.824,1.956
-5.135,-7.793,-20.451,-4.121,0.669,1.767
-7.167,-4.933,-18.155,-2.808,-1.563,0.311
-8.35,-1.226,-18.427,-1.586,-2.645,0.309
-8.751,0.363,-18.203,-0.395,-2.411,0.928
-7.963,1.505,-17.088,-0.808,-1.961,1.423
-6.602,1.794,-14.792,-1.603,-2.511,1.076
-5.601,2.733,-12.94,-0.844,-2.54,1.695
0.277,2.191,-7.28,-0.852,-1.416,1.699
1.57,2.653,-7.15,0.0,-0.377,0.589
-0.715,2.762,-6.535,0.368,0.387,-0.835
-4.223,3.664,-7.9,0.491,0.678,-1.477
-5.22,2.773,-8.014,1.498,0.153,-1.891
-4.699,2.953,-11.969,1.766,2.025,-2.11
-9.305,-0.887,-14.611,2.032,1.347,-2.72
-11.153,-4.053,-15.366,1.185,0.292,-3.424
-11.821,-8.109,-12.634,0.211,0.693,-3.126
-9.893,-10.315,-10.944,0.608,-1.346,-3.224
-8.436,-11.096,-10.941,0.238,0.305,-2.301
-4.687,-10.764,-9.848,1.223,1.122,-1.491
-3.814,-10.446,-11.81,1.457,1.899,-1.32
-4.542,-10.654,-12.052,0.656,1.206,-1.358
-3.336,-9.559,-11.092,0.0,0.204,-0.331
-2.136,-9.118,-10.787,-0.1,0.654,0.0
