-4.157,-9.471,-12.908,-0.263,0.506,0.0
-6.516,-10.497,-14.498,-1.296,0.131,1.122
-7.573,-12.16,-16.281,-3.21,1.268,1.931
-7.226,-11.12,-19.704,-4.025,1.452,2.596
-6.103,-8.15,-18.344,-4.14,-0.193,1.584
-9.316,-3.283,-19.916,-1.87,-3.503,0.711
-8.925,0.0,-21.146,-2.1,-3.173,1.954
-7.488,0.623,-17.583,-1.312,-2.487,3.105
-3.09,-0.226,-13.921,-1.694,-4.354,2.913
3.771,0.366,-8.869,-0.973,-0.164,2.752
5.089,2.574,-6.665,-0.636,-0.548,0.0
1.036,3.284,-6.644,0.0,0.588,-1.727
-3.452,3.032,-7.987,0.671,0.756,-2.431
-4.454,2.644,-10.003,0.774,0.0,-2.839
-6.13,0.0,-11.999,1.589,1.84,-2.983
-8.855,-4.399,-13.047,1.176,1.742,-3.893
-11.703,-8.498,-13.856,1.524,-0.581,-4.337
-11.383,-12.482,-12.81,-1.263,0.0,-4.184
-6.214,-12.362,-8.014,0.292,0.276,-2.609
-2.701,-12.184,-12.2,1.57,2.108,-1.661
-3.996,-13.408,-14.42,2.075,4.19,-1.707
-5.48,-9.842,-14.086,0.775,1.753,-0.5
-1.655,-9.402,-11.553,-0.942,1.309,0.259
-2.801,-9.049,-10.74,0.0,0.81,-0.199
-2.906,-9.612,-11.638,0.445,0.937,0.0
