-2.116,-9.448,-10.57,0.0,-0.225,-0.295
-1.962,-9.657,-10.848,0.0,0.0,0.0
-1.699,-8.752,-10.927,0.0,0.0,0.0
-2.772,-9.215,-10.644,-0.178,-0.552,0.0
-3.238,-10.16,-11.191,-0.216,-0.527,0.667
-3.679,-9.41,-12.291,-0.613,0.372,1.046
-4.136,-9.043,-13.461,-1.019,0.355,1.061
-6.45,-9.867,-13.486,-1.669,-0.272,0.799
-6.956,-11.214,-19.834,-3.012,-0.67,0.744
-12.563,-12.284,-19.038,-3.92,0.366,2.47
-6.59,-7.242,-18.429,-3.663,0.0,3.172
-7.603,-1.934,-17.231,-2.446,-2.555,1.631
-10.006,1.072,-18.843,-0.913,-3.413,1.778
-3.225,2.32,-15.715,-1.951,-2.846,2.314
1.0,2.834,-10.036,-0.935,-2.244,1.574
1.929,1.79,-8.287,-0.617,-0.91,0.416
1.33,1.827,-7.374,0.0,0.163,-0.192
-1.25,2.856,-7.905,0.418,1.031,-0.947
-3.437,3.441,-9.132,0.616,0.181,-1.605
-4.61,1.87,-10.736,1.019,-1.538,-3.522
-6.453,-1.49,-11.817,1.261,2.405,-3.127
-11.42,-4.949,-13.436,2.217,0.44,-3.825
-11.341,-9.968,-14.16,-0.811,0.522,-4.021
-9.321,-12.141,-8.62,0.0,0.118,-3.08
-4.79,-12.67,-10.332,0.684,0.673,-2.805
