-5.862,-9.597,-13.222,-0.402,-2.587,0.825
-6.639,-10.404,-15.185,-1.686,-1.309,1.251
-11.796,-12.689,-18.439,-4.299,3.286,2.209
-8.219,-9.281,-17.146,-4.299,1.457,2.89
-7.915,-3.906,-17.2,-2.045,-3.114,0.922
-10.734,-0.341,-20.125,-0.832,-4.247,1.22
-7.933,0.0,-16.206,-1.275,-2.995,2.396
-6.14,0.878,-11.688,-1.043,-2.987,2.132
-2.376,2.768,-11.876,-0.726,-2.399,2.998
5.471,1.74,-6.111,-0.441,0.17,2.152
4.597,2.287,-7.304,0.258,-0.186,-0.51
0.0,2.98,-8.055,0.236,1.164,-1.671
-4.298,3.92,-7.954,0.352,0.479,-2.385
-4.944,2.985,-9.422,0.451,1.151,-2.648
-7.666,1.022,-11.73,1.168,2.193,-3.098
-9.774,-4.038,-14.692,2.014,1.799,-3.544
-13.618,-9.735,-15.155,1.264,-0.336,-4.337
-7.941,-10.479,-9.244,-0.117,0.968,-2.961
-5.781,-12.19,-9.772,1.485,2.089,-1.968
-4.303,-12.906,-12.466,1.67,1.0,-2.581
-5.668,-13.134,-13.08,0.829,2.91,-2.586
-6.001,-10.13,-11.997,0.0,0.794,-0.397
-1.626,-9.323,-10.868,-0.449,1.513,0.385
-2.655,-8.961,-11.098,0.0,1.366,0.146
-2.592,-9.474,-11.568,0.0,0.29,0.0
