-3.291,-9.605,-10.991,0.565,-3.429,0.668
-3.772,-10.23,-10.4,-0.457,-1.947,0.73
-5.461,-10.893,-13.058,-1.579,1.36,1.479
-10.006,-12.938,-14.374,-3.808,2.591,2.342
-7.044,-10.218,-16.557,-3.34,0.552,2.923
-8.878,-7.904,-16.718,-2.645,-1.094,1.86
-10.254,-3.483,-20.58,-1.356,-2.601,1.928
-6.219,0.542,-21.145,-1.938,-0.227,2.815
-8.512,0.0,-15.689,-1.183,-4.354,1.118
-3.715,0.876,-10.197,-1.657,-1.704,2.751
4.08,1.162,-8.173,-0.344,-1.135,2.181
2.982,1.781,-6.584,-0.231,0.0,-0.227
-0.636,2.1,-6.585,-0.234,1.037,-1.238
-5.252,2.489,-7.939,0.923,0.957,-1.125
-4.404,2.123,-9.961,1.261,0.196,-2.099
-7.198,0.157,-11.603,1.768,1.141,-3.098
-8.831,-2.096,-14.514,1.857,0.731,-3.288
-12.496,-7.502,-14.865,1.192,-0.852,-4.337
-9.171,-11.26,-9.955,-0.516,-1.184,-4.122
-3.98,-13.695,-8.466,-0.741,-0.181,-3.556
-3.682,-16.534,-11.149,0.319,1.42,-3.487
-6.579,-11.36,-12.532,0.138,2.968,-0.831
-2.595,-10.843,-7.462,-0.106,4.377,1.595
-1.712,-7.855,-12.733,1.467,0.42,-0.633
-2.279,-9.82,-11.923,-0.212,0.596,-0.697
