-1.975,-9.498,-11.572,0.0,-0.159,-0.16
-2.205,-9.602,-11.572,0.114,0.0,0.0
-1.921,-9.488,-11.625,0.0,0.116,0.135
-1.695,-9.183,-11.45,0.142,0.0,0.125
-1.615,-9.027,-11.503,0.206,0.186,0.0
-2.273,-9.323,-12.023,0.211,0.133,0.0
-5.545,-9.502,-11.759,-0.119,-0.726,0.533
-6.266,-10.832,-13.96,0.101,-3.609,2.268
-6.695,-9.41,-15.816,-2.547,4.377,1.886
-8.979,-10.747,-22.321,-4.299,4.377,1.05
-5.052,-7.327,-16.166,-3.892,-1.091,0.0
-6.912,-3.804,-21.564,-2.272,-2.508,0.34
-7.217,-1.603,-23.011,-2.315,-2.893,0.67
-11.268,-0.458,-17.702,-2.189,-4.122,0.325
-8.018,2.579,-16.625,-1.199,-3.604,1.509
-4.527,2.021,-13.96,-1.007,-2.4,2.422
2.135,-0.42,-10.632,-0.162,-1.485,3.267
7.943,-0.218,-6.119,-0.143,0.329,1.617
2.901,2.085,-6.76,0.554,0.0,-1.613
-2.947,3.534,-10.575,0.781,-0.823,-2.772
-3.012,3.688,-10.412,0.242,-0.771,-2.937
-5.657,0.118,-10.696,1.176,2.838,-3.272
-13.333,-4.615,-11.835,2.03,0.596,-4.01
-14.893,-9.834,-8.961,1.167,-0.751,-4.337
-10.694,-12.999,-9.503,0.0,0.431,-4.248
