-1.681,-9.386,-10.794,0.0,0.0,0.0
-1.606,-9.398,-10.728,0.0,0.102,0.0
-1.766,-9.366,-10.78,0.0,0.0,0.0
-1.914,-9.307,-10.508,0.0,0.0,0.0
-2.181,-9.198,-10.718,0.0,0.0,0.0
-2.374,-9.604,-10.564,0.0,-0.578,-0.167
-4.919,-10.205,-10.259,0.0,-1.135,0.563
-4.877,-10.649,-11.347,1.425,-4.354,1.85
-2.57,-8.745,-12.55,-0.75,1.428,1.414
-11.83,-11.764,-14.356,-3.748,4.377,1.571
-9.677,-10.646,-16.062,-2.62,0.0,2.081
-11.388,-9.365,-16.389,-3.243,-0.186,2.353
-9.311,-4.494,-20.183,-2.759,-1.576,2.565
-6.036,-0.938,-16.442,-3.036,-2.363,1.729
-7.806,1.213,-13.004,-1.389,-4.105,0.0
-7.026,2.443,-12.308,0.0,-2.634,1.609
-1.515,1.669,-12.142,-0.156,-1.206,2.596
2.41,1.577,-9.211,-1.035,-0.107,2.116
3.576,2.834,-4.739,-1.113,0.209,0.121
0.13,3.532,-6.075,0.845,0.527,-1.631
-1.484,2.376,-10.259,1.669,0.902,-2.203
-4.592,0.149,-12.997,1.256,2.582,-3.203
-11.8,-4.157,-16.419,1.489,0.917,-4.317
-12.696,-9.505,-11.057,0.947,0.0,-4.337
-7.287,-11.867,-10.189,1.162,0.315,-4.048
