-1.671,-9.051,-10.894,0.0,-0.393,0.0
-3.695,-10.036,-10.856,-0.123,-1.239,0.0
-5.812,-11.414,-12.721,-0.422,-1.455,0.732
-5.459,-11.311,-14.264,-1.247,1.239,2.165
-7.07,-10.851,-17.909,-4.208,4.206,2.737
-8.258,-9.574,-18.859,-4.299,4.377,1.839
-7.552,-3.625,-20.887,-1.683,-3.867,0.543
-7.73,-2.034,-23.635,-2.133,-3.818,1.385
-5.618,0.71,-18.237,-2.423,-3.319,1.8
-4.263,3.551,-14.373,-2.104,-2.438,1.471
-2.991,2.786,-11.515,-1.144,-2.425,1.699
1.549,1.866,-9.578,-0.976,-0.706,1.511
2.464,1.885,-6.58,-0.297,-0.391,0.0
-0.573,3.294,-6.885,0.357,0.716,-0.866
-3.803,4.201,-8.964,1.064,0.211,-1.719
-4.179,3.82,-9.476,1.051,0.143,-2.239
-4.725,0.849,-11.743,1.819,1.446,-2.716
-9.52,-3.53,-13.167,1.824,0.827,-3.871
-10.623,-7.473,-13.4,0.252,0.0,-4.337
-10.611,-11.794,-9.969,-0.945,0.0,-4.133
-6.87,-14.175,-12.059,1.117,0.944,-2.949
-4.223,-14.298,-13.123,1.047,2.607,-2.315
-6.032,-11.839,-13.152,1.258,2.612,-1.186
-2.502,-9.586,-12.148,0.0,2.206,0.226
-2.557,-8.923,-11.155,0.196,1.361,-0.335
