-1.423,-9.724,-8.839,0.0,0.0,0.0
-1.384,-9.824,-8.697,0.0,0.0,0.0
-2.222,-9.259,-8.212,-0.146,0.0,0.0
-2.899,-12.322,-6.943,-0.274,-0.101,1.113
0.514,-14.334,-6.82,0.616,3.363,3.106
1.881,-12.552,-7.366,0.959,4.376,3.943
3.832,-10.607,-9.419,2.077,4.376,3.383
3.362,-8.259,-11.661,3.155,4.376,4.357
3.743,-10.701,-8.023,3.714,4.376,4.357
15.31,-19.568,-16.951,4.441,4.376,4.357
4.336,-15.008,-29.135,-0.655,-0.368,-0.165
-2.574,-15.188,-19.016,-2.39,0.978,-0.778
-3.099,-14.031,-20.691,-2.785,1.0,-0.249
-1.961,-19.568,-24.978,-4.037,0.0,0.359
-5.348,-17.926,-23.559,-4.289,1.563,-0.36
-10.181,-9.389,-15.837,-3.576,4.376,-1.973
-4.465,-4.346,-21.962,-0.864,3.949,-1.967
-2.694,-6.584,-23.989,0.0,2.332,-4.163
-1.046,-16.047,-18.432,-4.199,-1.929,-4.373
3.349,-19.568,-3.787,-4.289,-4.354,-4.373
10.899,-19.568,3.236,-4.289,-4.354,-4.373
-1.766,-19.568,8.186,-4.289,-2.928,-0.245
2.142,-19.568,8.186,-0.417,1.385,0.824
-1.325,-12.937,2.719,0.0,0.273,0.309
-3.028,-8.721,-6.474,1.09,1.021,0.822
