-1.63,-9.882,-8.023,0.0,-0.393,0.0
-2.334,-11.233,-7.126,-0.3,-0.945,0.12
-2.299,-11.96,-6.958,0.158,-2.087,2.234
4.205,-12.909,-5.433,0.693,3.285,0.996
1.047,-12.905,-7.538,2.297,4.376,2.328
4.203,-12.611,-7.609,3.4,4.376,4.357
7.342,-12.903,-4.531,4.441,4.376,3.585
8.998,-16.927,-8.533,4.441,4.376,3.128
8.683,-19.568,-10.451,4.441,2.927,2.617
3.454,-19.568,-26.612,4.441,2.478,1.464
-0.979,-11.482,-23.903,-0.242,2.813,-1.901
-5.973,-11.867,-14.292,-0.405,1.348,0.206
-7.872,-13.131,-15.725,0.777,0.973,1.127
-7.828,-18.224,-16.464,-4.267,1.697,-0.637
-9.298,-18.738,-14.633,-4.289,2.411,-1.171
-8.177,-19.568,-14.413,-3.933,3.997,-4.373
-8.255,-19.568,-15.781,-4.289,1.872,-3.165
-3.453,-15.964,-18.028,-3.253,2.577,-4.373
0.0,-16.899,-18.64,-3.43,0.793,-4.373
-2.422,-19.568,-8.31,-4.289,-1.805,-4.373
12.332,-19.568,-14.089,-4.289,-4.354,-4.373
13.216,-19.568,-10.101,-4.289,-4.354,-4.373
-11.582,-19.568,5.965,-4.211,-4.354,-0.183
9.191,-19.568,8.186,-3.448,0.98,3.141
2.202,-15.333,0.662,-0.418,-1.073,0.932
