-1.947,-9.698,-7.45,0.0,0.0,0.138
-0.732,-10.088,-6.82,0.0,0.76,0.375
-2.182,-11.795,-4.694,0.0,1.666,0.794
-1.363,-14.57,-3.577,0.909,3.593,1.707
0.202,-16.158,-3.676,1.704,4.376,3.298
3.593,-14.243,-5.885,2.842,4.376,3.841
4.448,-13.796,-7.612,3.844,4.376,4.357
6.286,-17.636,-11.121,4.441,4.376,4.165
5.697,-16.733,-11.65,4.441,3.941,3.42
9.675,-19.568,-18.507,4.441,4.376,1.873
-0.298,-15.67,-31.039,2.34,0.343,2.463
-4.657,-14.94,-8.265,-2.38,0.157,1.595
-4.592,-9.945,-19.662,-1.571,1.747,0.489
-6.009,-13.909,-17.56,-3.491,2.046,0.113
-6.935,-11.674,-18.383,-2.92,3.58,-1.068
-6.707,-12.608,-24.301,-2.197,4.025,-2.477
-9.609,-13.751,-23.329,-3.241,4.376,-3.657
-1.783,-12.244,-20.778,-0.983,3.953,-4.373
-1.15,-19.568,-21.615,-1.43,1.861,-4.373
4.837,-19.568,-22.682,-4.289,-4.354,-4.373
13.455,-19.568,-9.802,-4.289,-4.354,-4.373
4.281,-19.568,2.206,-0.163,4.376,2.164
13.346,-19.568,4.194,-2.661,-1.428,3.958
0.133,-17.004,1.696,-1.692,-1.265,1.145
0.287,-11.01,-3.296,0.658,0.32,0.779
