-3.705,-9.211,-8.146,0.0,0.495,-0.18
-3.538,-9.286,-8.383,-0.25,0.167,-0.104
-3.305,-9.462,-8.486,-0.194,0.0,0.0
-3.449,-9.273,-8.495,0.0,-0.336,0.0
-2.806,-8.958,-9.02,-0.157,-0.418,0.0
-2.297,-9.627,-9.135,-0.301,-0.526,-0.125
-3.149,-10.489,-8.443,-0.306,-0.559,0.0
-3.881,-9.982,-7.89,-0.548,-1.342,0.0
-4.257,-13.158,-6.57,-0.77,-1.998,0.935
1.723,-16.263,-7.816,1.259,2.341,2.556
3.71,-15.733,-10.359,2.997,4.376,2.9
5.398,-11.039,-7.0,3.357,4.376,3.698
13.398,-10.927,-7.016,4.441,3.568,1.732
13.299,-19.568,-18.148,4.441,4.073,-4.373
3.418,-19.568,-31.039,4.441,4.376,-3.671
-3.225,-12.171,-26.704,-1.38,0.392,-0.74
-2.705,-16.515,-11.674,-0.163,0.722,0.897
-9.403,-14.601,-19.791,0.52,1.182,0.893
-8.815,-19.283,-21.511,-4.289,2.202,0.492
-18.807,-19.568,-20.721,-4.289,4.313,0.713
-13.118,-15.812,-13.631,-3.137,4.376,0.469
-4.962,-10.092,-13.854,-1.001,4.376,-1.264
2.318,-14.601,-18.828,-1.576,1.939,-4.373
0.0,-19.568,-13.394,-4.289,-2.064,-4.373
14.315,-19.568,-25.278,-4.289,-4.354,-4.373
