-2.438,-9.656,-9.679,0.0,-0.268,0.265
-1.947,-9.776,-9.582,0.0,-0.428,0.305
-2.195,-9.278,-9.474,0.0,-0.238,0.268
-1.891,-9.933,-9.261,-0.13,-0.2,0.266
-1.918,-10.135,-8.987,0.0,-0.243,0.154
-2.037,-11.519,-8.28,0.108,-0.294,0.226
-2.758,-14.719,-8.477,0.0,0.178,1.393
2.161,-16.632,-7.715,1.967,4.151,3.634
4.196,-11.115,-9.349,3.822,4.376,3.515
11.471,-6.043,-3.86,4.441,4.376,3.457
7.999,-18.568,-8.058,4.441,4.376,1.574
8.497,-19.568,-26.622,4.441,4.376,0.205
-0.924,-7.091,-29.571,0.206,0.928,-0.257
-0.676,-13.35,-11.355,-2.361,-0.539,-0.207
-6.682,-16.178,-15.564,-0.586,4.132,0.0
-7.698,-19.108,-26.023,-1.346,2.694,-0.396
-13.053,-19.568,-26.894,-4.289,1.406,2.139
-15.021,-19.568,-15.699,-4.289,4.376,1.637
-13.659,-10.76,-7.996,-4.289,4.376,-0.847
1.372,-4.956,-5.071,-0.665,2.544,2.019
12.092,-14.8,-20.948,-0.911,-0.215,-4.373
4.26,-19.568,-10.605,-4.289,-2.879,-4.373
6.788,-19.568,2.667,-4.289,-4.354,-4.373
6.556,-19.568,-1.857,-4.289,4.376,4.357
8.97,-19.568,-2.479,-3.189,1.223,1.753
