-1.801,-9.641,-8.185,0.0,-0.309,0.0
-1.528,-9.426,-7.963,-0.135,-0.521,-0.152
-0.64,-9.863,-9.493,-0.889,-1.507,-0.662
0.369,-14.453,-6.187,-1.165,-0.921,0.517
2.16,-14.79,-8.21,1.954,3.718,2.51
3.533,-11.454,-11.116,2.858,4.376,2.914
4.23,-8.103,-10.062,3.43,4.376,2.855
7.62,-6.764,-8.914,4.441,4.376,2.083
10.948,-15.376,-11.39,4.441,3.853,-1.767
1.946,-19.568,-31.033,4.441,4.376,-4.373
-5.488,-13.296,-21.215,-0.547,1.253,1.171
2.061,-15.371,-10.612,-2.416,-0.835,0.44
-5.445,-13.189,-15.54,0.123,0.37,0.0
-8.224,-18.771,-23.176,-1.798,0.54,1.984
-17.256,-19.568,-21.727,-4.289,2.182,2.374
-20.72,-19.568,-12.407,-4.289,4.376,2.202
-10.551,-16.3,-8.743,-4.289,4.376,2.779
1.499,-10.16,-13.16,-1.88,4.092,-0.292
5.871,-18.263,-16.373,-2.735,1.139,-4.373
14.412,-19.568,-28.371,-4.289,-1.957,-4.373
15.04,-19.568,8.186,-4.289,-4.354,-4.373
2.639,-19.568,6.62,-4.289,4.376,4.357
3.412,-19.568,-1.909,-4.184,-0.812,-0.743
-1.499,-15.461,-1.525,0.744,-0.192,-0.296
-0.698,-11.58,-5.847,2.094,1.304,0.0
