-2.801,-9.433,-8.192,0.0,-0.298,0.0
-2.818,-9.51,-8.052,0.0,-0.279,0.0
-2.842,-9.444,-7.924,0.0,-0.294,0.0
-2.562,-9.681,-7.749,0.0,-0.311,0.116
-2.396,-9.418,-7.427,-0.184,-0.659,0.0
-1.594,-9.907,-7.429,-0.775,-1.433,0.0
0.351,-11.417,-6.672,-0.353,0.0,0.464
-0.621,-11.09,-7.628,0.768,2.236,0.636
3.89,-12.576,-10.118,2.169,3.513,1.413
10.534,-12.505,-13.897,2.559,4.376,0.394
5.893,-12.46,-11.728,3.304,4.376,0.325
6.416,-17.948,-9.674,4.441,4.376,1.333
7.804,-19.568,-19.922,4.441,4.376,1.754
3.349,-12.573,-25.59,4.339,4.376,-0.22
-4.654,-13.288,-13.09,-2.364,0.893,-0.962
-4.267,-10.402,-13.259,-0.687,1.32,-1.145
-7.812,-12.32,-18.581,-0.199,0.759,0.182
-9.427,-18.9,-22.732,-2.806,-0.419,0.803
-13.966,-19.568,-23.406,-4.289,1.633,1.984
-16.464,-19.568,-26.964,-4.289,4.261,-1.007
-14.892,-19.568,-17.273,-4.289,4.376,-1.42
-6.808,-19.568,-10.35,-4.289,2.678,-2.946
5.408,-19.568,-13.71,-4.289,-1.973,-4.373
16.368,-19.568,-18.154,-4.289,-4.354,-4.373
2.773,-19.568,8.186,-4.289,-0.304,-2.029
