-3.445,-9.336,-7.588,0.0,-0.435,0.133
-2.308,-8.993,-7.523,0.0,-0.675,0.0
-1.536,-9.254,-7.323,-0.196,-0.49,-0.555
-1.628,-9.2,-7.272,-0.385,-0.191,-0.675
-1.448,-9.189,-7.786,-0.427,0.542,-0.593
-1.423,-9.836,-8.567,-0.504,0.17,-0.458
-0.938,-12.073,-7.308,-0.564,0.0,0.25
1.147,-12.364,-6.65,0.697,2.1,1.331
3.064,-12.166,-8.605,2.167,4.376,1.329
7.528,-8.958,-9.586,3.978,4.376,2.368
18.505,-12.84,-0.951,4.441,4.376,-0.822
0.721,-19.568,-24.097,4.441,4.376,-4.373
-5.374,-10.042,-30.784,1.868,3.557,-1.564
-6.117,-17.253,-11.2,-1.445,-0.552,2.143
-9.211,-14.747,-14.891,-0.165,3.916,0.193
-15.672,-14.861,-17.964,-3.423,3.81,0.854
-18.913,-14.884,-16.135,-4.289,4.376,1.187
-14.377,-11.858,-14.571,-4.13,4.376,1.028
-2.343,-7.459,-8.93,-1.489,4.376,1.385
8.058,-8.85,-16.69,1.608,1.761,-2.682
6.985,-19.568,-20.262,-3.059,-1.006,-4.373
15.86,-19.568,-15.847,-4.289,-4.354,-4.373
7.415,-19.568,-5.703,-4.289,-4.354,-4.373
-7.063,-19.568,8.186,-4.289,3.14,1.939
2.255,-19.568,1.311,-2.455,1.683,1.254
