-1.548,-9.625,-8.065,0.162,0.103,0.0
-1.946,-9.486,-7.905,0.194,0.158,0.0
-1.839,-9.687,-7.72,0.0,0.0,0.0
-3.092,-9.52,-5.721,-0.521,-1.432,0.0
0.999,-13.441,-5.948,-0.247,-1.7,0.411
2.907,-13.079,-7.314,2.192,3.971,1.528
2.531,-12.393,-8.239,2.519,4.376,1.616
2.955,-10.423,-8.923,3.051,4.376,1.387
8.986,-10.693,-8.283,4.441,4.376,0.434
16.225,-17.379,-9.904,4.441,4.376,-1.751
7.128,-19.568,-17.184,4.441,4.376,0.0
0.113,-16.991,-29.082,4.441,3.966,0.0
-4.567,-12.366,-14.07,-1.338,0.675,0.504
-6.107,-11.473,-13.764,-0.478,1.831,-0.317
-10.094,-12.32,-18.396,-1.658,1.529,0.463
-11.384,-13.762,-15.784,-3.619,2.245,0.551
-10.902,-13.293,-13.879,-3.378,3.5,-0.203
-6.688,-15.396,-20.098,-1.714,4.009,-1.394
-12.219,-17.449,-15.525,-3.803,4.334,-2.81
-7.925,-10.277,-13.452,-2.658,3.825,-2.37
1.814,-9.283,-16.669,-0.874,0.0,-3.282
6.104,-19.568,-17.364,-4.289,-2.933,-4.373
15.55,-19.568,-5.66,-4.289,-4.354,-4.373
6.143,-19.568,8.186,-4.289,-4.354,-3.021
-6.699,-19.568,6.151,-4.289,-0.334,2.413
