-1.713,-9.741,-8.626,0.138,-0.348,-0.148
-1.477,-9.94,-8.25,0.235,-0.381,-0.131
-2.101,-9.605,-8.06,0.14,-0.217,-0.107
-2.252,-9.995,-7.474,0.284,-0.48,0.283
-2.04,-9.925,-7.099,0.0,-0.494,0.779
-0.337,-12.257,-6.46,0.23,1.044,0.992
-0.804,-13.493,-7.262,1.248,3.706,1.703
1.846,-13.52,-8.836,2.537,4.376,2.982
4.401,-9.213,-8.03,3.95,4.376,3.23
13.143,-6.976,-7.046,4.441,3.692,2.007
18.505,-19.568,-16.58,4.441,3.932,-4.373
-20.72,-19.568,-31.039,4.441,4.376,-2.206
-1.321,-15.722,-13.258,-4.241,0.155,0.0
-4.692,-10.003,-16.375,0.548,0.573,0.505
-7.759,-14.878,-24.205,-0.839,2.328,1.984
-20.006,-18.664,-20.122,-2.423,4.286,2.233
-20.524,-19.568,-14.527,-4.289,4.376,2.136
-12.581,-13.028,-11.124,-3.759,4.376,1.442
1.84,-10.887,-11.526,0.805,4.376,-0.423
4.158,-17.08,-14.594,-1.247,1.805,-4.373
3.81,-19.568,-7.9,-4.289,-3.335,-4.373
8.058,-19.568,-7.462,-4.289,-4.354,-4.373
12.637,-19.568,8.186,-4.289,-4.354,-1.249
0.0,-19.568,5.383,-4.289,0.48,3.12
-1.096,-19.568,1.678,-2.9,-1.624,0.1
