-1.29,-9.593,-8.438,-0.124,-0.131,0.0
-1.324,-9.621,-8.754,0.0,0.0,0.0
-1.311,-9.867,-8.994,0.0,0.185,0.0
-1.412,-9.826,-9.158,-0.108,0.23,0.0
-1.732,-9.188,-8.491,-0.439,0.516,0.293
-0.669,-11.149,-8.705,-0.191,2.77,0.966
-0.412,-11.522,-9.657,0.483,4.376,1.908
-0.664,-13.148,-8.168,0.508,4.376,2.015
1.915,-13.456,-7.774,1.454,4.376,2.772
16.16,-8.115,-3.945,3.119,4.376,2.552
9.878,-19.568,-8.242,4.441,4.376,1.078
8.609,-19.568,-27.52,4.441,4.376,0.0
-6.559,-11.794,-24.007,-0.381,4.376,-0.899
-8.509,-15.7,-11.958,-2.933,2.057,1.836
-8.917,-11.504,-12.884,-1.491,2.842,2.729
-8.012,-8.762,-19.916,-1.055,3.68,1.403
-13.45,-7.458,-17.375,-4.187,3.688,0.837
-6.767,-4.133,-13.098,-2.27,4.376,0.191
-3.613,-1.142,-16.579,1.013,4.376,-1.463
1.462,-2.852,-19.719,2.599,4.376,-3.786
4.42,-7.888,-21.987,2.223,1.595,-4.373
7.472,-16.963,-19.847,-3.007,-2.403,-4.373
9.448,-19.568,-9.875,-4.289,-4.032,-4.373
18.505,-19.568,-7.287,-4.289,-4.354,-4.373
7.849,-19.568,8.186,-2.213,-4.354,-2.68
