0.53,-9.18,-8.447,0.142,-0.948,0.0
-0.463,-9.509,-8.964,0.0,0.106,-0.13
-1.129,-9.672,-8.64,0.0,0.777,0.0
-1.16,-9.487,-8.219,0.106,0.859,0.0
-1.356,-10.557,-8.042,0.0,0.851,0.0
-2.351,-10.565,-6.546,-0.102,-0.28,0.234
-1.029,-13.039,-6.241,0.32,-2.427,0.54
2.142,-14.415,-6.844,1.324,1.426,1.585
3.525,-12.259,-8.793,2.505,4.376,2.086
5.429,-6.834,-8.59,3.692,4.376,1.772
18.505,-5.01,0.453,4.441,4.376,0.577
10.465,-19.568,-26.481,4.441,4.376,-4.373
-13.266,-9.037,-31.039,0.237,3.446,-2.667
-1.297,-12.36,-9.448,-0.58,0.464,0.246
-4.773,-11.181,-13.597,1.747,1.442,-0.742
-7.058,-15.314,-19.926,0.786,3.505,0.604
-7.579,-19.02,-21.963,-1.617,3.537,-0.851
-16.708,-19.568,-16.665,-4.289,1.958,0.55
-17.592,-19.568,-15.967,-4.289,4.06,0.0
-11.229,-15.215,-6.859,-4.289,4.376,0.16
0.452,-8.139,-13.511,-0.27,3.421,-2.247
4.068,-14.053,-16.624,-3.98,-0.51,-4.373
5.29,-19.568,-16.256,-4.289,-4.354,-4.373
4.343,-19.568,-16.464,-4.289,-4.354,-3.223
18.505,-19.568,-5.288,-4.289,-1.738,4.357
