-3.104,-9.863,-9.846,0.0,-0.31,-0.158
-2.068,-10.287,-9.861,0.116,-0.146,0.658
-1.078,-9.607,-8.83,0.305,-0.369,0.629
0.0,-9.442,-7.998,0.53,0.128,0.496
-1.149,-9.828,-7.792,0.711,1.058,0.229
-3.066,-9.918,-6.658,0.172,0.662,0.0
-2.303,-9.907,-6.128,-0.313,-2.701,-0.29
-1.694,-12.473,-6.11,-1.633,-4.354,0.901
1.014,-13.89,-7.588,1.932,3.424,1.454
4.475,-12.958,-10.248,3.632,4.376,3.277
4.772,-8.242,-9.094,4.211,4.376,2.513
16.3,-7.753,-2.81,4.441,4.376,1.324
12.74,-19.568,-15.19,4.441,4.376,-3.988
-0.944,-19.568,-31.039,4.441,4.376,-2.037
-10.391,-19.568,-6.181,-4.289,-0.575,1.268
-1.564,-12.874,-13.248,0.185,1.657,0.105
-8.898,-12.069,-17.724,1.403,1.074,1.871
-14.972,-13.964,-22.904,-1.923,3.109,1.531
-19.674,-17.916,-19.13,-4.289,4.376,2.587
-17.736,-16.015,-12.278,-4.289,4.376,1.501
-8.734,-7.427,-11.667,-0.902,4.376,0.0
3.668,-7.286,-17.936,0.479,3.529,-3.863
-0.455,-17.862,-13.993,-1.614,1.024,-4.373
7.23,-19.568,-10.707,-4.289,-4.344,-4.373
14.939,-19.568,-6.266,-4.289,-4.354,-4.373
