-2.609,-9.797,-8.222,0.25,0.677,0.0
-2.668,-9.067,-8.335,0.288,0.951,0.109
-2.576,-8.878,-8.412,0.0,0.792,0.119
-2.897,-8.385,-7.955,-0.124,0.273,0.0
-2.789,-9.012,-8.304,-0.131,0.478,0.0
-3.61,-10.234,-8.507,-0.366,0.208,0.0
-2.478,-13.053,-7.466,-0.385,0.573,1.024
0.325,-13.828,-7.353,0.831,3.549,2.357
3.145,-12.45,-7.77,2.331,4.376,2.368
18.505,-10.735,6.256,4.441,4.376,2.399
17.032,-19.568,-26.132,4.441,4.376,-2.733
-6.384,-15.741,-31.039,1.372,4.376,0.933
-1.058,-12.215,-14.631,-1.932,0.643,1.673
-9.713,-14.93,-18.616,-1.232,2.347,2.067
-14.172,-15.559,-17.372,-1.868,4.037,2.215
-15.359,-9.685,-14.815,-2.672,4.376,1.319
-12.972,-7.032,-17.143,-1.53,4.376,-2.359
-7.975,-6.149,-16.728,-0.646,4.376,-3.709
0.677,-12.589,-14.854,-1.102,1.573,-4.373
7.302,-19.568,-12.613,-4.289,-2.614,-4.373
15.092,-19.568,-10.954,-4.289,-4.354,-4.373
7.402,-19.568,8.186,-4.289,-4.354,-4.373
2.482,-19.568,-2.955,-4.102,3.689,3.437
-0.286,-19.568,0.0,-2.426,-1.267,-0.388
-0.926,-12.854,-3.498,0.698,-0.875,0.424
