5.398,-13.603,-10.865,4.441,4.376,-2.062
6.543,-19.568,-14.082,4.441,4.376,-2.619
6.816,-19.568,-18.633,4.441,4.376,-0.303
4.899,-19.568,-22.27,4.441,4.376,1.555
0.706,-13.391,-20.309,0.383,2.672,1.763
0.458,-12.199,-19.026,-0.672,3.967,0.841
-1.575,-13.357,-24.506,-2.109,2.391,0.0
-5.438,-17.739,-25.383,-3.554,2.587,-0.788
-8.678,-19.568,-26.065,-4.289,4.376,-2.608
-14.601,-15.381,-24.937,-3.149,4.376,-4.373
-7.893,-4.997,-20.211,0.0,4.376,-2.855
11.277,-11.209,-27.305,3.609,1.607,-4.373
-0.771,-19.568,-14.671,-2.154,-4.354,-4.373
-12.873,-19.568,8.186,-4.289,-4.354,-4.373
-16.711,-10.531,4.325,-4.289,0.785,0.975
6.842,-11.417,8.186,-2.687,0.981,-0.541
-7.559,-9.378,3.33,-1.402,1.107,0.845
-2.252,-9.725,-4.057,-1.853,0.98,1.327
-0.112,-5.697,-4.656,-2.009,-1.457,0.0
0.741,-6.581,-6.375,-1.419,0.94,-2.329
-4.852,-12.381,-3.816,-1.275,2.359,-3.68
-6.125,-13.924,-6.541,-0.816,2.289,-3.574
-6.186,-12.937,-8.241,-0.868,2.738,-2.498
-5.632,-11.508,-8.872,-1.139,3.184,-1.618
-4.81,-10.986,-8.553,-0.777,2.681,-0.243
