-4.151,-8.826,-8.229,-0.124,0.67,0.0
-3.453,-10.127,-8.496,0.0,0.299,0.191
-3.099,-9.548,-7.809,-0.125,-0.307,0.241
-2.43,-8.979,-7.81,0.0,-0.824,0.0
-2.704,-9.46,-8.27,-0.18,-0.754,-0.31
-3.571,-10.093,-8.449,-0.691,-1.313,0.0
-4.613,-17.363,-5.409,-0.989,0.334,2.9
-2.776,-17.751,-5.172,1.417,4.376,4.266
1.536,-13.137,-7.444,2.643,4.376,4.357
7.436,-10.98,-0.931,1.949,4.376,4.357
6.935,-19.568,8.186,4.441,4.376,4.357
18.505,-19.568,-30.19,4.441,3.396,4.357
3.302,-15.399,-31.039,-2.684,-0.386,0.0
0.999,-14.642,-15.579,-0.156,0.983,0.0
-4.739,-16.162,-31.039,-1.388,0.73,0.0
-7.284,-19.568,-25.716,-4.289,0.0,-0.139
-13.235,-19.568,-21.192,-4.289,2.644,0.0
-16.369,-19.568,-14.58,-4.289,4.376,-0.715
-7.937,-7.762,-9.547,-2.989,4.09,-0.253
0.35,-4.719,-7.793,-0.244,1.587,-0.951
3.966,-10.206,-16.576,-0.913,0.728,-4.373
6.716,-19.568,-22.151,-4.289,-4.354,-4.373
-2.684,-19.568,8.186,-4.289,-4.354,-4.373
-4.47,-19.568,-4.927,-4.289,4.376,2.527
1.154,-19.568,2.445,-4.289,-1.346,-0.905
