-1.862,-9.608,-8.355,0.0,-0.229,0.0
-2.372,-9.417,-7.992,0.0,0.0,0.0
-2.643,-10.245,-8.064,0.0,-0.202,0.0
-3.839,-10.865,-6.529,-0.337,-1.392,0.383
1.419,-14.872,-8.04,0.434,0.945,1.644
2.622,-12.826,-10.47,2.841,4.376,2.276
3.343,-11.893,-8.304,2.909,4.376,1.859
7.549,-9.724,-7.22,4.441,4.376,1.612
15.71,-15.925,-8.996,4.441,4.376,-1.064
13.019,-19.568,-23.946,4.441,4.376,-1.633
2.179,-9.7,-31.039,-0.361,2.967,-0.695
3.131,-18.044,-12.619,-1.338,-0.427,1.788
-7.369,-14.626,-21.785,0.41,0.871,0.321
-11.609,-19.568,-25.392,-4.289,1.177,0.558
-17.139,-16.527,-20.174,-4.289,4.376,-0.403
-15.053,-11.417,-14.529,-3.026,4.376,-1.218
-5.26,-6.854,-15.242,-0.603,3.969,-2.12
4.27,-10.471,-18.124,-1.252,1.418,-4.373
1.031,-19.568,-11.964,-3.865,-1.193,-4.373
7.176,-19.568,-15.913,-4.289,-4.354,-4.373
14.044,-19.568,-14.741,-4.289,-4.354,-2.325
3.06,-19.568,8.186,-4.289,-3.35,2.853
2.428,-19.568,1.002,-1.408,2.258,1.686
-2.201,-13.112,-4.64,0.572,1.627,0.525
-1.888,-10.073,-9.67,2.566,1.636,0.371
