-1.697,-9.405,-7.484,0.164,0.0,0.0
-3.159,-9.502,-4.569,0.416,-1.399,0.576
0.19,-9.472,-6.825,0.989,-1.183,0.557
-1.795,-8.593,-5.814,0.0,0.608,0.256
-1.485,-10.455,-5.598,0.0,0.588,0.802
0.492,-11.304,-6.877,0.945,2.462,1.415
1.995,-10.7,-7.803,1.659,4.376,1.154
5.01,-9.909,-8.447,2.75,4.376,0.656
7.284,-11.319,-7.063,4.142,4.376,-0.164
16.271,-19.568,-14.89,4.441,4.376,-0.258
2.879,-19.568,-26.036,4.441,4.376,-0.647
-2.485,-13.076,-20.576,0.0,0.784,2.251
-3.194,-13.617,-12.081,-1.514,1.691,0.478
-4.572,-13.757,-17.368,-0.448,2.905,0.939
-7.378,-13.568,-19.212,-2.807,2.12,0.475
-9.32,-13.603,-15.755,-4.067,1.786,0.432
-15.779,-19.272,-18.973,-3.203,3.43,-1.586
-13.534,-16.966,-13.447,-4.289,2.493,-0.843
-6.01,-8.563,-8.794,-4.023,2.97,-1.203
-1.284,-7.151,-12.798,-2.72,0.635,-1.499
-2.777,-15.62,-16.412,-4.289,0.959,-4.373
-2.005,-19.568,-13.596,-4.289,-3.448,-4.373
-1.746,-19.568,-5.705,-4.289,-4.354,-1.748
4.554,-19.568,8.186,-4.289,-1.441,2.337
8.32,-19.568,5.284,-3.015,0.851,2.881
