-0.834,-9.824,-10.418,0.0,-0.238,0.302
-0.714,-9.83,-10.237,0.0,-0.23,0.0
-1.488,-10.027,-10.271,0.0,-0.288,-0.253
-1.637,-10.137,-10.241,0.0,-0.279,-0.222
-1.613,-10.253,-10.18,0.0,0.0,-0.118
-1.543,-10.146,-10.386,0.0,-0.117,0.0
-1.456,-10.086,-10.447,0.0,-0.248,0.0
-2.41,-10.572,-10.283,0.0,-0.516,-0.189
-7.715,-13.8,-8.031,-0.436,-0.548,0.441
-12.18,-19.499,-4.228,0.285,-0.523,3.13
-9.399,-20.041,-5.339,3.138,-1.571,4.357
-7.431,-20.041,-8.402,4.441,-1.437,4.357
-3.658,-20.041,-14.173,4.441,-1.744,4.357
-3.581,-12.462,-15.812,4.441,-0.308,4.357
1.212,-9.456,-19.427,4.441,-0.683,4.357
11.399,-7.089,-26.027,4.441,-0.791,4.357
18.859,-0.605,-28.909,-1.916,-1.563,0.436
-0.133,2.772,-22.437,-0.321,0.804,-2.262
1.394,2.472,-24.404,1.007,2.332,-0.119
4.319,1.209,-26.029,2.034,3.52,-0.397
7.091,-2.098,-23.347,1.365,2.135,-1.525
7.536,-8.416,-22.581,0.0,0.729,-4.373
5.722,-19.818,-18.582,-4.289,-2.119,-4.373
2.63,-20.041,-20.056,-4.289,-4.354,-4.373
10.195,-20.041,-5.887,-4.289,-4.354,-0.891
