-1.109,-10.063,-10.735,0.0,0.0,0.0
-1.141,-10.094,-10.29,0.0,-0.127,0.0
-1.104,-10.148,-10.369,0.0,0.0,0.0
-0.989,-10.231,-10.314,0.0,-0.115,0.0
-1.115,-10.301,-10.341,0.0,0.0,0.0
-1.221,-10.295,-10.513,0.0,0.0,0.0
-1.018,-10.107,-10.565,0.0,0.0,0.0
-1.486,-10.517,-10.654,0.0,0.12,0.0
-7.032,-15.431,-9.131,-1.017,0.0,0.0
-14.927,-20.041,-5.062,-0.231,-1.644,3.696
-10.74,-20.041,-7.304,4.207,-1.431,4.357
-5.881,-20.041,-13.736,4.441,-2.021,4.357
-2.689,-19.593,-16.115,4.441,-2.168,4.357
-0.465,-14.424,-15.812,4.441,-0.405,4.357
3.72,-10.481,-18.218,4.441,-0.334,4.357
18.859,-10.906,-28.183,2.608,-0.845,4.357
8.47,-2.614,-19.03,-0.902,-0.667,-4.373
3.513,-1.884,-25.693,2.784,0.179,0.514
3.915,-6.824,-28.206,1.107,2.076,-1.097
10.654,-9.508,-24.879,0.855,1.849,-1.912
8.734,-16.882,-25.452,-3.251,-1.563,-4.373
17.72,-20.041,-28.351,-4.289,-4.354,-4.373
1.014,-20.041,-7.72,-4.289,-4.354,-4.373
-4.596,-20.041,3.006,2.01,-1.997,2.508
11.488,-17.983,-11.57,3.274,1.688,1.406
