-1.219,-10.057,-10.12,-0.145,-0.131,-0.189
-1.449,-10.265,-10.053,-0.152,-0.155,-0.219
-1.631,-10.362,-9.861,0.0,-0.112,-0.125
-1.613,-10.319,-10.058,0.0,0.0,0.0
-1.475,-10.331,-10.054,0.0,0.0,0.0
-1.338,-10.159,-10.328,0.0,0.0,0.11
-1.096,-10.079,-10.397,0.0,0.0,0.0
-3.376,-11.154,-10.737,0.0,-0.217,-0.111
-8.977,-14.223,-9.056,-0.357,-1.17,0.9
-10.032,-19.24,-1.218,0.937,-0.844,2.827
-7.794,-20.041,-1.169,4.441,0.234,4.357
-7.813,-20.041,-5.342,4.441,0.17,4.357
-5.335,-20.041,-11.452,4.441,0.59,4.357
-0.154,-16.11,-15.205,4.441,0.616,4.357
3.757,-9.703,-18.552,4.441,-1.416,4.357
13.669,-8.832,-25.158,3.688,-0.382,4.357
18.126,-2.041,-23.818,-1.961,-1.959,-0.226
0.331,1.332,-21.212,0.979,0.159,-1.564
3.811,-1.189,-26.733,2.066,1.617,-0.839
5.421,-4.981,-27.055,1.943,2.076,-1.93
8.181,-8.421,-26.587,0.583,0.472,-2.825
7.379,-15.476,-24.483,-4.255,-1.94,-4.373
9.969,-20.041,-22.397,-4.289,-4.354,-4.373
6.662,-20.041,-6.231,-4.289,-4.354,-4.373
-5.037,-20.041,1.113,0.672,-2.135,2.885
