-1.083,-10.186,-10.122,0.11,0.0,0.0
-1.174,-10.183,-10.573,0.0,0.0,0.0
-1.032,-9.842,-10.696,0.0,0.112,0.169
-1.028,-10.059,-10.429,0.0,0.0,0.0
-1.217,-10.185,-10.259,0.0,0.0,-0.109
-1.347,-10.265,-10.037,0.0,0.0,0.0
-1.46,-10.232,-10.325,0.0,0.0,0.0
-1.379,-10.263,-10.379,0.0,0.0,0.0
-4.576,-12.356,-10.329,-0.243,-0.257,-0.164
-16.372,-16.482,-5.377,-0.335,-0.301,1.817
-15.935,-20.041,-4.68,2.149,-1.958,4.357
-11.594,-20.041,-7.271,3.826,-2.498,4.357
-6.787,-20.041,-11.0,4.441,-2.409,4.357
-4.534,-17.83,-10.37,4.441,-2.957,4.357
-1.335,-12.359,-11.498,4.441,-2.954,4.353
-0.977,-9.787,-18.95,4.441,-1.114,4.357
9.538,-11.998,-25.017,4.441,-0.125,4.357
15.444,-8.118,-27.72,0.199,-0.587,3.086
7.613,-4.804,-23.587,-0.326,-0.385,-1.601
3.665,-5.534,-23.544,1.31,0.631,-1.603
5.177,-8.777,-24.163,1.727,1.302,-2.188
7.313,-10.355,-23.359,0.681,0.392,-3.202
6.285,-14.541,-20.875,-1.462,-0.782,-4.373
5.298,-20.041,-16.65,-4.289,-4.244,-4.373
11.105,-20.041,-26.733,-4.289,-4.354,-4.373
