-1.19,-10.131,-10.586,0.0,0.0,0.0
-1.17,-10.183,-10.68,0.0,0.0,0.0
-1.095,-10.152,-10.612,0.0,0.0,0.0
-1.318,-10.259,-10.563,0.0,0.0,0.0
-1.026,-10.213,-10.938,0.0,0.0,0.104
-0.774,-10.067,-10.893,0.0,0.0,0.0
-1.171,-10.238,-11.002,0.0,0.0,-0.109
-2.056,-10.431,-10.721,0.0,-0.269,-0.103
-4.631,-12.054,-10.704,-0.249,-0.522,-0.154
-11.906,-15.822,-7.02,-0.524,-0.563,1.504
-11.76,-20.041,-4.399,1.817,-1.911,4.274
-8.533,-20.041,-4.844,4.441,-2.56,4.357
-7.971,-20.041,-10.258,4.441,-1.46,4.357
-5.805,-18.632,-11.39,4.441,-2.758,4.357
-4.645,-12.508,-14.566,4.441,-2.043,4.357
2.516,-9.584,-18.834,4.441,-0.77,4.357
6.619,-9.399,-21.88,4.441,-0.673,4.357
13.681,-7.846,-26.408,2.583,-0.404,3.612
8.977,-6.468,-23.524,0.241,-0.869,-0.84
6.562,-7.607,-24.253,1.937,0.567,-1.359
6.93,-11.823,-26.879,1.538,0.664,-2.56
8.213,-15.075,-26.077,0.315,-0.347,-3.93
8.411,-20.041,-20.791,-4.289,-3.5,-4.373
10.021,-20.041,-19.581,-4.289,-4.354,-4.373
18.859,-20.041,-16.213,-4.289,-4.354,-2.133
