-1.335,-10.11,-10.483,0.0,0.0,0.0
-1.183,-10.104,-10.642,0.0,0.0,0.0
-1.354,-10.195,-10.66,0.0,0.0,0.0
-1.119,-10.227,-10.631,0.0,0.0,0.0
-1.224,-10.247,-10.721,0.0,-0.104,0.0
-1.133,-10.155,-10.68,0.0,-0.196,0.0
-1.023,-10.156,-10.643,0.0,-0.268,0.0
-2.678,-10.976,-10.376,0.0,-0.463,-0.206
-6.264,-13.097,-9.269,-0.438,-0.25,0.703
-10.03,-16.578,-6.978,0.0,0.649,3.192
-12.768,-20.041,-5.705,2.339,-1.986,4.357
-11.149,-20.041,-7.381,4.441,-1.998,4.357
-8.064,-20.041,-12.409,4.441,-3.02,4.357
-4.978,-15.151,-14.0,4.441,-2.689,4.357
-2.696,-12.418,-16.697,4.441,-2.198,4.357
1.794,-15.901,-25.809,4.441,0.392,4.357
12.266,-8.196,-31.106,0.0,-0.458,4.357
17.633,-4.603,-20.252,-1.296,-0.828,0.539
4.059,-2.701,-26.057,1.742,0.931,-1.985
5.399,-5.204,-29.622,1.674,2.0,-2.015
5.583,-5.046,-26.12,1.342,1.731,-3.182
3.262,-9.11,-22.134,-0.31,0.633,-4.373
3.86,-20.041,-19.259,-4.289,-1.318,-4.373
-0.755,-20.041,-19.572,-4.289,-4.354,-4.373
10.893,-20.041,-6.171,-4.289,-3.441,-1.701
