-1.424,-10.326,-10.302,0.0,0.0,0.0
-1.378,-10.286,-10.173,0.0,0.0,0.0
-1.19,-10.203,-10.406,0.0,0.0,0.0
-1.055,-10.065,-10.495,0.0,0.0,0.0
-1.032,-10.091,-10.473,0.0,0.0,0.0
-1.189,-10.142,-10.436,0.0,0.0,0.0
-1.25,-10.121,-10.48,0.0,0.0,0.0
-2.103,-10.269,-10.786,0.0,-0.231,-0.114
-4.502,-11.647,-10.892,-0.247,-0.441,-0.184
-11.032,-14.887,-7.756,-0.385,-0.642,1.379
-13.827,-20.041,-5.309,1.456,-1.994,4.082
-9.056,-20.041,-6.201,3.762,-2.298,4.357
-6.613,-20.041,-9.577,4.441,-2.483,4.357
-4.129,-19.335,-11.784,4.441,-2.365,4.357
-2.629,-11.494,-13.601,4.441,-0.851,4.357
-0.607,-11.929,-17.768,4.441,-1.335,4.357
12.13,-10.635,-30.551,4.441,-0.55,4.357
18.728,-4.954,-31.106,-0.608,-1.486,0.0
3.238,-3.472,-25.679,1.121,0.822,-1.224
6.891,-6.413,-27.705,1.902,2.219,-1.666
9.194,-9.412,-25.111,1.977,1.318,-2.697
6.286,-17.314,-23.763,-1.514,-1.544,-4.373
6.235,-20.041,-17.792,-4.289,-4.354,-4.373
17.55,-20.041,-19.856,-4.289,-4.354,-4.373
1.716,-20.041,8.119,-4.289,-0.876,-0.99
