-1.233,-10.226,-10.38,0.0,0.0,0.0
-1.376,-10.238,-10.346,0.0,0.0,0.0
-1.211,-10.319,-10.261,0.0,0.0,0.0
-1.19,-10.237,-10.483,0.0,0.0,0.106
-0.962,-10.189,-10.483,0.0,0.0,0.0
-0.943,-10.08,-10.571,0.0,0.0,0.0
-0.958,-10.043,-10.859,0.0,0.0,0.0
-1.135,-9.872,-10.98,-0.111,-0.224,-0.226
-3.81,-11.539,-10.926,-0.237,-0.818,-0.808
-12.376,-15.294,-6.336,-0.214,-2.401,-0.299
-11.815,-20.041,-1.812,2.417,-1.46,3.593
-6.094,-20.041,-6.617,4.441,-1.898,4.357
-4.324,-20.041,-8.864,4.441,-1.461,4.357
-3.995,-20.041,-10.058,4.441,-2.341,4.357
-2.361,-11.824,-11.938,4.441,-1.325,4.136
0.743,-6.53,-15.183,4.441,-1.346,4.07
3.692,-7.434,-18.126,4.441,-0.215,3.722
4.253,-8.325,-23.579,3.956,0.77,3.527
9.182,-11.478,-21.352,2.199,1.12,3.828
18.859,-8.453,-25.474,1.088,-0.713,0.0
6.391,-10.943,-20.522,-0.38,-0.362,-4.215
6.626,-8.798,-23.402,0.573,-0.157,-3.053
7.537,-11.184,-23.514,-0.369,-0.127,-4.373
4.351,-16.44,-21.265,-3.82,-1.539,-4.373
10.564,-20.041,-19.809,-4.289,-4.354,-4.373
