-1.138,-10.221,-10.472,0.0,0.0,0.0
-1.293,-10.245,-10.312,0.0,0.0,0.0
-0.899,-10.225,-10.558,0.0,0.0,0.0
-0.994,-10.143,-10.539,0.0,0.0,0.0
-1.069,-10.215,-10.482,0.0,0.0,0.0
-1.104,-10.215,-10.562,0.0,0.0,0.0
-0.804,-9.933,-10.983,0.0,0.0,0.0
-1.81,-10.251,-11.048,-0.102,-0.122,-0.163
-4.8,-11.82,-9.42,-0.394,-0.472,0.209
-8.128,-13.684,-6.577,-0.221,-0.807,1.273
-10.802,-18.977,-3.622,1.52,-1.287,2.647
-9.99,-20.041,-4.909,4.126,-1.848,4.057
-6.334,-20.041,-7.415,4.441,-1.64,4.357
-6.918,-18.098,-9.096,4.441,-2.01,4.193
-3.342,-10.932,-10.371,4.441,-2.65,3.599
-0.471,-6.115,-12.428,4.441,-1.852,3.318
2.073,-6.745,-17.69,4.441,0.881,3.509
4.937,-5.275,-25.317,4.441,0.861,3.886
12.114,-7.139,-23.16,2.389,0.78,2.593
12.752,-6.727,-23.5,1.376,0.274,-0.319
9.117,-8.367,-21.412,1.335,0.216,-2.559
7.774,-10.516,-22.988,0.911,-0.527,-3.375
6.918,-14.105,-21.179,-1.812,-1.399,-4.373
6.648,-19.605,-18.447,-4.289,-3.037,-4.373
13.189,-20.041,-25.402,-4.289,-4.354,-4.373
