-0.848,-9.949,-10.371,0.0,-0.1,0.0
-1.089,-10.063,-10.264,0.0,-0.175,-0.113
-1.206,-10.174,-10.367,0.0,-0.11,-0.141
-1.421,-10.243,-10.341,0.0,0.0,-0.13
-1.484,-10.14,-10.51,0.0,0.0,0.0
-1.509,-10.148,-10.503,0.0,0.0,0.0
-1.408,-10.172,-10.47,0.0,0.0,0.0
-1.803,-10.494,-10.507,0.0,-0.187,0.0
-5.86,-13.092,-9.949,-0.385,-0.77,0.0
-12.635,-19.667,-3.279,0.0,-1.017,3.414
-12.004,-20.041,-1.777,3.979,-0.422,4.357
-10.904,-20.041,-7.348,4.441,0.125,4.357
-2.939,-20.041,-13.253,4.441,-2.134,4.357
-0.464,-15.153,-15.272,4.441,-0.609,4.357
4.273,-12.773,-20.892,4.441,1.113,4.357
18.859,-5.02,-27.606,-0.231,-0.163,4.357
12.618,0.412,-18.439,-0.473,0.166,-2.902
2.591,-0.209,-24.915,2.013,1.616,-0.651
6.623,-3.271,-29.1,2.128,2.95,-1.618
7.032,-5.754,-26.853,0.383,0.875,-3.157
5.541,-13.604,-21.235,-3.546,-1.236,-4.373
7.428,-20.041,-18.398,-4.289,-2.496,-4.373
3.886,-20.041,-5.377,-4.289,-4.354,-4.373
-3.541,-20.041,3.901,-1.984,-1.887,0.427
9.749,-20.041,-11.825,3.296,1.721,4.161
