-0.915,-10.033,-10.632,0.0,0.0,0.0
-1.136,-10.171,-10.461,0.0,0.0,-0.103
-1.503,-10.313,-10.326,0.0,0.0,-0.14
-1.589,-10.334,-10.29,0.0,0.0,0.0
-1.534,-10.229,-10.448,0.0,0.0,0.0
-1.484,-10.239,-10.48,0.0,-0.173,0.0
-1.275,-10.256,-10.526,0.0,-0.174,0.0
-1.365,-10.34,-10.375,0.0,-0.231,0.0
-4.849,-12.12,-10.013,-0.172,-0.443,0.365
-10.37,-16.523,-5.554,0.0,0.555,2.851
-11.781,-20.041,-2.587,2.283,-1.456,4.346
-10.813,-20.041,-5.785,4.441,-1.252,4.357
-7.583,-20.041,-12.011,4.441,-2.231,4.357
-3.78,-13.24,-13.709,4.441,-1.215,4.357
0.0,-5.695,-15.185,4.441,-0.937,4.357
3.687,-5.734,-18.716,4.441,-0.279,4.357
8.347,-3.625,-25.195,2.476,0.185,4.357
13.315,-4.995,-22.453,0.746,0.754,2.133
11.621,-3.165,-23.347,1.077,0.804,-0.779
8.931,-4.534,-23.799,2.13,1.266,-2.062
8.496,-8.052,-24.958,2.037,1.078,-3.724
7.479,-11.752,-23.994,-0.585,-0.671,-4.373
4.694,-20.041,-20.166,-4.289,-3.464,-4.373
2.886,-20.041,-16.849,-4.289,-4.354,-4.373
3.174,-20.041,-7.851,-4.289,-4.354,-1.132
