-1.787,-10.414,-9.973,-0.101,-0.155,-0.108
-1.551,-10.348,-10.049,0.0,0.0,0.0
-1.457,-10.167,-10.228,0.0,0.0,0.0
-1.389,-10.032,-10.335,0.108,0.0,0.0
-1.245,-10.038,-10.529,0.0,0.0,0.0
-1.183,-10.045,-10.698,0.0,0.1,0.0
-1.196,-10.025,-10.576,0.0,0.0,0.0
-1.619,-10.192,-10.256,0.0,0.0,0.0
-2.814,-10.923,-10.453,0.0,-0.133,-0.116
-9.606,-15.044,-6.949,0.743,-0.862,1.464
-10.385,-20.041,-0.384,2.424,0.176,3.898
-9.332,-20.041,2.438,4.441,0.563,4.357
-7.292,-20.041,-5.522,4.441,0.121,4.357
-4.73,-17.936,-12.141,4.441,0.535,4.357
-1.244,-17.025,-15.123,4.441,0.163,4.357
11.304,-10.358,-26.075,4.441,-0.189,4.357
18.859,-4.078,-28.511,2.53,0.125,4.357
1.538,-1.251,-22.042,-0.24,-0.229,-2.767
5.694,-2.216,-25.292,2.146,1.766,-0.138
6.235,-6.346,-30.194,1.939,1.582,-2.386
5.77,-12.558,-23.087,-0.926,-0.491,-4.373
6.039,-19.594,-18.868,-4.289,-3.34,-4.373
14.918,-20.041,-30.199,-4.289,-4.354,-4.373
9.326,-20.041,-2.819,-4.289,-2.277,0.0
1.036,-20.041,-5.352,1.083,-0.798,2.515
