-1.352,-10.378,-10.435,0.0,0.0,0.0
-1.022,-10.159,-10.576,0.0,0.0,0.111
-0.856,-10.04,-10.62,0.0,0.0,0.0
-0.966,-10.179,-10.695,0.0,0.0,0.0
-0.947,-10.1,-10.636,0.0,0.0,0.0
-1.032,-10.104,-10.652,0.0,0.0,0.0
-1.269,-10.208,-10.725,0.0,0.0,0.0
-1.43,-10.202,-10.983,0.0,-0.119,-0.126
-4.952,-12.915,-11.428,-0.43,-0.303,-0.676
-14.736,-17.219,-7.655,0.0,-1.7,2.152
-13.277,-20.041,-5.576,2.215,-2.386,4.357
-7.43,-20.041,-6.765,4.006,-2.951,4.357
-8.318,-20.041,-8.446,4.441,-3.107,4.357
-7.468,-16.711,-11.736,4.441,-2.22,4.357
-2.358,-10.416,-12.628,4.441,-0.715,4.357
2.001,-8.611,-15.378,4.441,-2.011,4.357
5.833,-8.795,-19.896,4.441,-0.874,4.357
7.349,-11.123,-19.019,3.387,0.232,3.414
18.859,-19.614,-20.151,4.441,0.596,4.357
16.985,-14.606,-26.527,-2.32,-1.854,-4.373
8.837,-13.585,-21.588,0.297,-1.367,-4.128
7.887,-14.579,-22.275,-2.484,-1.695,-4.373
11.093,-20.041,-20.401,-4.289,-2.639,-4.373
18.859,-20.041,-24.202,-4.289,-4.354,-4.373
5.939,-20.041,-0.347,-4.289,-1.885,-0.556
