-4.049,-12.01,-8.972,0.0,0.403,0.667
-6.581,-14.131,-6.413,0.95,0.671,2.197
-8.222,-14.345,-5.445,1.163,-0.135,2.332
-9.453,-16.466,-4.399,2.48,-0.635,2.779
-9.246,-18.94,-3.19,4.441,-0.808,3.979
-5.423,-18.269,-6.739,4.441,-1.581,4.357
-2.682,-13.019,-10.63,4.441,-0.605,4.357
-0.876,-11.616,-14.187,4.441,0.533,4.357
8.618,-9.557,-25.274,4.441,2.69,4.357
18.687,-1.679,-28.258,-1.059,-1.798,1.255
0.582,2.313,-21.51,-0.514,-0.975,-0.917
4.582,0.815,-26.177,0.823,0.634,0.324
4.897,-2.016,-24.671,1.105,1.738,-1.025
7.307,-4.537,-25.948,1.233,1.538,-2.328
4.384,-10.091,-25.03,-0.941,0.38,-4.373
6.358,-17.703,-20.404,-4.289,-2.165,-4.373
13.953,-20.041,-31.106,-4.289,-4.354,-4.373
5.873,-20.041,2.741,-4.289,-3.576,0.0
6.276,-20.041,-8.904,2.117,-0.528,4.357
1.581,-19.977,-11.081,-4.289,1.351,-0.148
-0.14,-20.041,-5.407,-3.648,0.0,-1.562
0.208,-17.69,-7.2,-1.017,1.655,-0.455
-1.187,-14.956,-11.631,0.475,1.535,-0.466
-1.836,-13.555,-7.768,-1.965,1.679,-1.026
-3.146,-11.787,-6.791,0.606,2.02,-0.459
