-1.283,-10.139,-10.192,0.0,0.0,0.0
-1.565,-10.127,-10.352,0.0,0.0,0.0
-2.02,-10.349,-10.213,0.0,-0.304,0.0
-4.253,-11.758,-9.938,-0.304,0.0,0.184
-8.62,-14.868,-8.254,-0.36,0.0,1.778
-12.544,-20.041,-6.226,0.49,-0.849,3.892
-11.532,-20.041,-5.482,2.783,-2.304,4.357
-9.033,-20.041,-8.715,4.441,-2.54,4.357
-5.792,-14.266,-13.471,4.441,-2.839,4.357
-3.735,-8.026,-12.711,4.441,-2.73,4.357
1.642,-5.931,-15.399,4.441,-1.175,4.357
5.205,-8.441,-18.788,4.441,0.601,4.357
9.325,-9.806,-22.752,3.957,0.771,3.993
18.859,-10.293,-25.372,2.044,-0.413,1.211
8.603,-9.338,-20.89,0.625,-0.156,-3.567
7.564,-9.368,-23.839,1.234,0.0,-3.191
7.054,-12.503,-23.689,-1.044,-0.764,-4.373
7.903,-19.677,-20.05,-4.289,-2.629,-4.373
8.302,-20.041,-21.306,-4.289,-4.354,-4.373
7.652,-20.041,-11.269,-4.289,-4.354,-4.373
0.488,-20.041,1.681,-4.289,-0.12,0.399
7.009,-20.041,-10.875,2.179,3.41,2.808
-2.482,-20.041,-12.926,-2.619,1.146,-2.663
-4.707,-20.041,-8.827,-2.056,1.699,0.735
-4.9,-14.922,-8.123,-0.995,3.681,-0.143
