-0.676,-10.183,-10.222,0.0,0.0,0.141
-0.867,-9.778,-10.352,0.0,0.0,0.0
-1.044,-9.964,-10.347,0.0,0.0,-0.249
-1.217,-10.201,-10.223,-0.125,0.0,-0.266
-1.439,-10.314,-10.334,0.0,0.0,-0.166
-1.486,-10.329,-10.338,0.0,0.0,0.0
-1.218,-10.271,-10.455,0.0,-0.107,0.0
-1.782,-10.546,-10.185,0.0,-0.191,0.0
-2.477,-11.011,-10.393,0.0,-0.46,0.124
-9.704,-14.32,-6.803,0.214,-0.911,0.959
-12.991,-19.157,-4.814,1.34,0.116,4.122
-12.696,-20.041,-3.456,3.039,-1.308,4.357
-9.66,-20.041,-6.409,4.441,-1.47,4.357
-4.663,-18.649,-11.314,4.441,-2.439,4.357
-2.834,-10.376,-12.757,4.441,-1.624,4.357
-1.259,-6.431,-14.898,4.131,-1.985,4.357
2.301,-11.011,-18.147,4.441,-2.303,4.357
13.007,-10.14,-31.087,4.441,-1.1,4.357
18.025,-5.855,-25.729,-0.815,-1.43,-1.368
-0.685,-3.545,-28.707,2.019,1.367,-2.542
6.797,-8.355,-30.837,2.119,2.34,-1.798
6.723,-11.26,-25.271,0.635,0.966,-3.775
4.794,-15.436,-20.93,-3.313,-2.072,-4.373
6.383,-20.041,-15.113,-4.289,-3.652,-4.373
8.618,-20.041,-12.743,-4.289,-4.354,-4.373
