-1.324,-10.322,-10.532,0.0,-0.226,0.0
-1.393,-10.094,-10.474,0.0,-0.286,0.0
-1.305,-10.413,-10.547,0.0,-0.14,0.0
-2.316,-10.526,-10.442,-0.105,0.413,0.375
-6.025,-12.585,-9.624,0.0,0.0,0.899
-15.126,-18.935,-6.02,0.0,0.798,3.673
-14.423,-20.041,-4.439,2.444,-0.807,4.357
-10.573,-20.041,-8.334,4.441,-2.474,4.357
-4.602,-20.041,-13.009,4.441,-1.732,4.357
-2.186,-13.993,-17.458,4.441,-0.699,4.357
3.061,-9.532,-22.157,4.441,-0.474,4.357
18.859,-7.842,-27.409,2.257,-0.204,4.357
10.197,-1.807,-21.114,0.34,-0.269,-3.683
0.104,0.0,-26.736,1.669,1.505,-0.379
5.822,-3.086,-24.313,2.324,3.056,0.219
7.879,-6.042,-26.654,2.742,2.179,-3.463
7.567,-11.749,-25.023,-0.351,-0.676,-4.373
3.804,-20.041,-19.814,-4.289,-3.953,-4.373
0.767,-20.041,-16.683,-4.289,-3.232,-4.373
4.674,-20.041,-1.524,-4.289,-4.354,-3.84
-0.91,-20.041,-2.581,1.567,-1.206,2.855
5.886,-16.656,-12.105,0.0,2.034,0.968
-3.698,-18.767,-5.383,-3.362,1.589,-0.454
-3.567,-17.54,-9.227,-1.207,2.336,-0.604
-3.419,-14.766,-8.846,0.262,3.642,-0.179
