-2.969,-9.122,-17.425,4.441,-1.674,4.357
7.978,-9.924,-21.679,4.441,-1.445,4.357
18.859,-0.544,-31.018,0.0,-2.286,2.914
0.688,0.245,-25.134,1.088,0.0,-3.784
3.608,-1.067,-24.315,2.316,2.456,0.532
6.221,-3.732,-25.875,2.868,3.341,-1.053
9.609,-8.484,-27.237,2.172,1.697,-4.022
6.537,-16.407,-23.732,-2.421,-1.544,-4.373
4.271,-20.041,-20.988,-4.289,-4.354,-4.373
-2.362,-20.041,-5.008,-4.289,-4.354,-3.98
-2.598,-20.041,-0.871,-3.562,-2.973,1.352
8.055,-20.041,-10.908,-1.085,3.543,3.086
-1.674,-20.041,-3.04,-3.685,0.448,-1.189
-2.814,-17.987,-10.14,0.784,2.925,-0.785
-5.131,-14.407,-10.776,-1.844,4.288,-1.122
-7.08,-12.448,-9.495,-0.66,3.654,-0.584
-4.934,-10.04,-9.19,0.304,3.082,0.361
-3.869,-9.38,-9.939,1.427,2.679,0.176
-2.974,-8.835,-10.425,0.777,2.576,0.0
-2.713,-9.134,-10.1,0.0,2.056,0.0
-2.361,-9.976,-8.958,-0.138,0.861,-0.249
-2.343,-10.754,-9.865,-0.115,0.912,-0.379
-2.166,-11.063,-10.432,-0.427,0.386,0.0
-1.761,-10.385,-10.434,-0.284,-0.168,0.246
-1.172,-10.267,-10.204,-0.146,-0.337,0.244
