-1.472,-10.298,-9.78,0.0,-0.119,0.0
-1.922,-10.698,-9.651,0.0,0.0,0.0
-1.971,-11.158,-9.571,0.0,-0.24,0.14
-2.139,-13.292,-8.324,-0.827,0.398,0.521
-1.684,-16.875,-7.529,0.498,3.011,3.321
1.932,-14.324,-9.619,1.159,4.377,4.393
-0.335,-11.379,-7.759,0.687,4.377,4.393
0.413,-12.872,-7.828,3.287,4.377,4.393
4.157,-15.752,-10.039,4.431,4.377,4.393
8.458,-20.199,-16.88,4.431,2.97,4.393
3.865,-15.529,-27.059,4.292,3.208,1.604
-2.634,-10.779,-22.87,0.0,2.303,0.59
-5.474,-10.68,-24.729,-1.354,1.951,1.402
-5.119,-14.353,-27.726,-3.15,1.641,1.895
-5.65,-14.707,-24.136,-4.3,2.006,2.051
-3.402,-11.682,-16.682,-4.3,2.78,2.415
0.665,-6.071,-15.597,-1.877,3.607,1.405
3.559,-4.122,-19.045,0.794,4.377,-0.957
1.866,-4.92,-16.667,1.104,2.374,-2.076
4.389,-13.018,-19.681,-0.231,-1.942,-4.337
-1.273,-20.199,-25.934,-4.3,-4.169,-4.337
11.051,-20.199,-19.497,-4.3,-4.354,-4.337
14.586,-20.199,3.992,-4.3,-4.354,-2.246
3.647,-20.199,-6.444,1.203,-3.635,3.67
7.405,-18.198,-9.936,-2.7,3.885,2.131
