-1.101,-10.275,-9.655,0.0,-0.707,0.0
-0.972,-10.7,-10.032,0.0,-0.844,0.0
-0.902,-10.425,-9.674,0.176,-0.987,0.0
-0.46,-10.817,-9.11,-0.176,-0.327,0.205
-0.482,-12.002,-8.913,-0.937,0.284,0.439
-1.969,-16.302,-8.182,-1.331,3.921,2.868
1.552,-17.041,-7.331,0.655,4.377,4.393
1.32,-15.932,-4.502,0.0,4.377,4.393
2.431,-20.199,-3.402,4.331,4.377,4.393
11.627,-20.199,-13.463,4.431,4.377,4.393
11.319,-17.903,-23.951,4.431,4.377,3.696
2.462,-9.995,-19.41,-0.295,1.99,1.281
-1.187,-9.17,-19.698,-0.406,0.905,1.167
-2.75,-8.395,-25.439,-0.81,2.398,1.354
0.512,-10.692,-27.253,-2.262,1.897,1.01
1.497,-12.709,-25.23,-2.83,1.866,0.313
-0.758,-11.586,-20.74,-2.535,2.553,-0.102
-0.926,-9.471,-19.922,-1.624,4.377,-1.552
0.95,-8.225,-21.128,0.549,3.412,-2.279
5.632,-12.855,-22.774,-0.694,0.877,-3.455
4.871,-20.199,-30.119,-4.3,-3.246,-4.337
13.625,-20.199,-26.686,-4.3,-4.354,-4.337
4.335,-20.199,-11.537,-4.3,-1.748,-2.097
7.777,-20.199,-10.249,-4.3,0.0,1.645
2.765,-20.199,-6.615,-2.39,0.0,-0.218
