-1.337,-10.486,-8.921,0.0,-0.251,0.0
-0.973,-10.409,-9.118,0.0,-0.323,0.0
-0.963,-10.916,-8.873,0.0,-0.109,0.0
-0.869,-11.739,-8.245,-0.433,0.468,0.454
-1.361,-14.466,-7.429,-0.542,2.998,1.942
-0.225,-15.643,-7.484,0.0,4.377,3.97
-0.359,-14.245,-7.599,0.434,4.377,4.393
0.949,-12.391,-7.137,1.736,4.377,4.393
4.349,-15.826,-8.376,4.431,4.377,4.393
8.955,-20.199,-12.47,4.431,4.027,4.393
6.001,-20.199,-27.458,4.431,3.354,2.751
-0.775,-10.6,-24.682,-0.65,1.952,1.206
-2.798,-12.021,-24.221,-1.673,1.472,1.145
-4.778,-14.03,-28.107,-2.674,1.429,1.365
-5.147,-14.494,-25.008,-4.3,1.856,1.061
-4.18,-11.383,-20.487,-3.67,2.568,1.439
0.155,-11.542,-19.288,-1.466,3.702,0.0
-1.62,-11.31,-19.779,-2.142,3.967,-3.102
-1.578,-14.815,-16.32,-2.895,2.582,-4.337
0.203,-20.199,-25.242,-3.998,-2.618,-4.337
7.801,-20.199,-20.15,-4.3,-4.354,-4.337
14.104,-20.199,-4.409,-4.3,-4.354,-3.036
-0.785,-20.199,-6.305,-2.632,-0.873,1.46
5.031,-20.199,-7.638,-2.882,1.61,1.351
0.744,-15.187,-4.929,-1.165,1.99,0.671
