-1.279,-10.229,-9.723,0.0,-0.161,0.0
-1.438,-10.28,-9.464,0.0,-0.118,0.0
-1.663,-10.524,-8.786,0.195,0.0,0.0
-1.083,-11.309,-8.726,0.0,0.333,0.179
-0.936,-12.465,-8.862,-0.347,1.433,0.769
-0.501,-14.899,-8.003,0.234,3.365,2.427
1.673,-12.469,-10.55,0.425,4.377,3.583
-1.916,-10.776,-8.066,0.0,4.377,4.305
-2.51,-13.998,-7.615,2.222,4.377,4.393
3.436,-19.841,-9.13,4.431,4.377,4.393
10.752,-20.199,-15.955,4.431,3.143,4.393
3.096,-11.079,-27.992,1.898,2.928,2.31
-1.3,-9.686,-17.818,-0.989,0.119,0.763
-3.181,-8.358,-22.575,-0.336,1.324,1.412
-2.292,-9.178,-26.854,-1.244,0.805,1.452
-3.187,-10.702,-27.608,-3.394,0.989,1.415
-5.851,-10.777,-21.863,-3.83,2.182,1.169
-4.021,-7.844,-18.993,-3.306,3.606,1.308
-0.105,-4.194,-18.201,-0.605,3.585,0.464
4.161,-5.887,-21.796,1.082,3.955,-1.447
2.378,-16.355,-25.452,0.98,1.012,-4.337
2.584,-20.199,-28.571,-4.3,-4.292,-4.337
6.149,-20.199,-17.049,-4.3,-4.354,-4.337
15.574,-20.199,0.527,-4.3,-1.339,-0.149
3.453,-20.199,-5.064,-1.451,-2.805,2.038
