-1.21,-10.281,-10.055,0.0,0.411,0.0
-1.964,-10.583,-10.174,0.0,0.122,0.0
-1.704,-11.329,-9.578,-0.171,0.136,0.261
-2.2,-12.597,-9.305,-0.737,1.513,1.232
-1.736,-14.232,-9.498,-0.522,3.449,3.165
-1.219,-12.834,-9.529,-0.771,4.377,4.276
-1.262,-10.655,-7.984,0.516,4.377,4.393
0.644,-10.85,-10.938,3.08,3.49,4.393
0.245,-15.224,-11.094,3.499,4.377,4.393
10.176,-20.199,-12.73,4.431,4.377,4.393
7.011,-10.864,-25.425,0.574,1.988,2.278
0.505,-9.834,-17.514,-1.163,0.922,1.125
-0.97,-6.87,-20.627,-0.862,1.524,1.049
2.443,-7.824,-22.89,-0.561,1.074,1.245
4.841,-6.953,-27.022,-1.324,0.903,0.268
4.338,-10.008,-29.662,-3.17,0.314,-0.369
0.0,-12.849,-27.457,-3.512,1.636,-0.438
-1.633,-12.218,-23.483,-2.511,2.007,-0.623
-2.975,-11.72,-21.01,-1.247,3.106,-1.625
-2.434,-13.511,-20.364,-2.204,1.06,-3.157
-0.797,-20.199,-19.779,-4.3,-1.261,-4.337
8.074,-20.199,-22.485,-4.3,-4.354,-4.337
9.769,-20.199,-8.984,-4.3,-4.354,-2.413
0.514,-20.199,-6.026,-4.3,1.389,1.14
4.856,-20.199,-3.727,-2.373,0.411,1.297
