-0.671,-12.75,-8.65,1.582,4.377,2.724
-1.408,-12.613,-11.103,3.189,4.377,3.618
-2.638,-12.672,-15.571,3.506,4.377,4.393
-0.122,-10.554,-18.171,2.908,4.369,4.393
-3.29,-8.166,-20.876,1.581,2.865,2.879
-5.206,-8.013,-22.078,-0.498,0.776,2.553
-8.805,-5.973,-22.265,-2.415,0.71,2.396
-7.499,-2.224,-24.122,-1.777,2.468,3.167
-4.407,-3.769,-20.54,-0.995,2.877,3.189
-0.221,-4.236,-17.623,-0.547,3.933,2.596
5.91,-5.133,-18.096,1.199,4.377,1.118
7.163,-8.372,-21.013,2.976,2.074,-1.753
4.194,-20.199,-30.119,-0.46,-1.388,-4.337
4.109,-20.199,-29.803,-4.3,-4.354,-4.337
10.538,-20.199,-22.107,-4.3,-4.354,-2.361
3.561,-20.199,-2.733,-4.3,-0.597,-0.723
7.304,-20.199,-6.645,-2.531,-0.471,2.772
4.46,-20.199,-5.198,-2.031,1.656,1.775
-0.379,-13.983,-5.622,-0.412,0.333,0.324
1.41,-11.553,-8.423,0.684,-0.586,-0.198
1.247,-11.347,-10.061,1.314,2.676,-0.293
0.348,-12.009,-12.041,2.214,4.18,-0.746
-0.833,-12.076,-14.054,2.494,4.377,-0.6
-2.172,-10.317,-13.782,0.609,4.224,0.0
-1.88,-10.257,-10.598,-0.457,1.733,0.215
