-1.449,-10.686,-9.85,0.236,-0.47,0.0
-0.835,-10.341,-9.743,0.0,-0.413,0.324
-1.106,-11.693,-8.075,-0.725,0.0,0.372
-2.968,-15.484,-5.234,0.0,1.728,1.696
-1.056,-17.065,-6.279,1.762,2.755,3.36
0.591,-13.211,-6.951,2.42,4.377,4.096
1.817,-11.165,-9.209,3.879,4.377,4.247
2.633,-10.767,-9.965,4.264,3.868,3.168
0.668,-11.869,-13.499,4.431,3.88,2.089
-3.084,-14.937,-19.754,4.431,3.946,2.373
-0.908,-12.49,-22.842,4.431,4.377,3.215
-2.294,-10.254,-21.683,2.119,3.893,2.593
-3.452,-9.035,-22.26,0.0,2.129,1.946
-3.204,-9.244,-24.371,-1.109,2.052,1.762
-0.889,-9.806,-25.77,-1.809,2.88,1.492
0.73,-11.048,-23.45,-2.336,2.882,0.385
-0.227,-8.595,-23.231,-3.203,2.406,-1.51
-0.523,-5.924,-16.846,-3.393,2.602,-1.143
1.383,-1.322,-18.604,-1.265,4.098,-0.768
7.969,-8.232,-24.173,2.711,1.052,-2.972
-1.192,-20.199,-30.119,-2.629,0.206,-4.337
1.625,-20.199,-26.86,-4.3,-4.354,-4.337
5.027,-20.199,-14.935,-4.3,-4.354,-2.907
5.296,-20.199,-7.64,-4.3,-1.677,-0.393
6.125,-20.199,-9.013,-4.3,-0.753,1.892
