-1.662,-10.193,-9.535,0.0,-0.222,0.0
-1.459,-10.475,-9.397,0.0,-0.292,0.0
-1.028,-10.808,-9.329,0.0,0.0,0.0
-0.714,-11.241,-9.224,0.0,0.663,0.403
-0.91,-13.075,-7.838,-0.211,2.419,1.361
0.469,-13.716,-8.399,0.529,3.541,2.641
0.994,-12.8,-8.677,-0.13,4.377,3.337
-1.692,-13.846,-6.948,1.056,4.377,4.393
-1.417,-19.038,-7.816,2.865,4.377,4.393
6.979,-20.199,-11.479,4.431,4.377,4.393
10.711,-17.985,-24.47,4.431,3.181,4.393
1.893,-11.31,-22.37,0.0,2.855,1.541
-0.991,-8.068,-20.095,-0.365,1.425,1.441
-0.349,-8.348,-24.994,-0.799,1.486,1.325
0.925,-7.443,-26.813,-2.094,1.293,1.162
2.42,-7.863,-24.505,-2.748,1.663,0.269
1.839,-7.777,-21.446,-2.549,2.442,-0.43
1.998,-8.044,-23.141,-1.923,3.411,-1.055
1.936,-8.136,-24.859,-0.921,3.009,-1.517
1.48,-15.721,-26.53,0.0,-0.507,-4.1
-3.495,-20.199,-21.534,-4.3,-2.21,-4.337
-1.76,-20.199,-15.017,-4.3,-4.354,-4.337
7.975,-20.199,-7.92,-4.3,-4.354,-1.211
5.296,-20.199,-0.764,-4.3,-0.971,0.621
6.95,-20.199,-3.348,-3.36,-0.587,1.581
