-1.902,-10.46,-9.669,0.0,-0.115,0.0
-1.877,-10.196,-9.785,0.0,-0.363,0.0
-1.923,-10.9,-9.482,-0.25,0.0,0.0
-1.464,-11.626,-9.006,-0.708,0.76,0.285
-2.27,-14.275,-7.816,0.0,2.556,1.759
0.675,-14.501,-9.509,1.348,4.377,3.803
1.265,-11.852,-10.154,0.859,4.377,4.206
-0.818,-10.457,-8.723,0.954,4.377,4.354
-2.363,-13.277,-9.005,2.481,4.377,4.393
4.034,-20.199,-9.469,4.431,4.377,4.393
8.71,-20.199,-23.055,4.431,1.976,4.393
1.715,-11.616,-24.285,-1.38,2.117,0.962
-5.287,-9.594,-19.408,-1.058,0.729,1.135
-5.826,-8.371,-22.8,-1.668,0.804,1.772
-3.301,-7.909,-25.284,-2.195,1.554,2.104
-3.695,-7.854,-25.252,-2.787,2.861,2.041
-1.802,-7.171,-21.559,-2.561,2.151,2.042
-0.38,-6.113,-19.391,-1.624,4.033,0.787
-0.142,-3.667,-20.079,0.0,4.377,-1.347
1.38,-5.055,-19.909,1.062,3.187,-2.461
4.577,-15.644,-29.326,1.0,-0.985,-4.337
5.457,-20.199,-26.049,-4.3,-4.354,-4.337
-3.196,-20.199,-10.945,-4.3,-4.354,-4.337
6.576,-20.199,0.709,-4.3,1.129,-1.368
2.937,-20.199,-2.672,-2.46,-1.373,1.097
