-1.657,-10.224,-10.469,0.0,0.369,0.0
-1.932,-9.982,-10.405,0.0,-0.209,0.0
-1.577,-11.136,-9.955,0.0,-0.15,0.16
-1.869,-12.279,-8.739,-0.558,1.193,0.666
-3.341,-14.933,-7.397,-0.513,2.563,2.336
-1.799,-15.504,-7.711,0.858,3.138,3.773
-1.502,-13.933,-9.382,1.266,4.377,4.393
-2.093,-15.549,-9.018,1.681,4.377,4.393
-3.738,-20.199,-8.909,2.521,3.84,4.393
11.352,-20.199,-4.877,4.431,4.377,4.393
13.751,-20.199,-25.644,4.431,-0.515,4.393
8.325,-14.551,-24.544,1.403,1.555,2.116
1.163,-10.952,-19.399,-0.125,0.928,0.621
1.831,-10.228,-24.9,0.0,1.23,0.401
0.452,-12.307,-28.665,-2.347,0.0,-0.104
-1.898,-14.633,-28.862,-4.3,1.637,-0.365
-2.433,-15.298,-24.586,-3.22,3.678,0.304
-4.497,-13.976,-21.848,-2.018,4.377,-1.201
-3.667,-11.574,-20.857,-1.179,2.959,-3.125
-0.836,-17.785,-16.153,-1.497,-1.068,-3.673
2.055,-20.199,-21.486,-4.3,-3.534,-4.337
6.908,-20.199,-18.453,-4.3,-4.354,-4.337
11.355,-20.199,-10.173,-4.3,-4.354,-1.687
2.735,-20.199,-0.847,-4.3,-2.515,-0.254
5.489,-20.199,-2.611,-1.921,-0.506,2.178
