-1.468,-10.155,-9.666,0.0,-0.367,0.0
-1.238,-10.624,-9.894,0.177,-0.311,-0.13
-1.965,-10.564,-9.432,0.27,-0.37,0.0
-1.0,-10.45,-9.449,-0.158,-0.678,0.202
0.592,-11.962,-9.189,-1.282,0.0,0.246
-0.779,-15.856,-7.198,-1.228,2.981,2.049
1.326,-16.484,-7.156,1.748,4.377,4.393
3.496,-12.876,-8.424,1.376,4.377,4.393
2.176,-14.646,-4.245,2.007,4.377,4.393
6.857,-20.199,-8.057,4.431,4.377,4.393
10.68,-20.199,-25.591,4.431,4.377,4.393
1.623,-10.737,-25.74,-0.89,3.134,1.09
-1.729,-9.533,-20.928,-0.872,1.2,1.46
-4.868,-9.117,-25.527,-1.277,1.453,1.65
-4.219,-10.348,-30.119,-3.124,0.953,2.187
-4.258,-12.933,-24.942,-4.3,2.702,2.096
0.869,-8.923,-19.61,-2.409,2.096,2.188
-1.837,-6.617,-15.327,-0.399,3.044,0.159
-0.108,-7.724,-19.256,1.718,4.377,-2.057
0.42,-20.199,-30.119,1.485,2.471,-4.337
-1.764,-20.199,-23.705,-4.3,-3.988,-4.337
10.212,-20.199,-17.103,-4.3,-4.354,-4.337
4.576,-20.199,5.911,-4.3,-4.001,-2.337
8.807,-20.199,-9.405,-0.954,-0.456,3.784
4.821,-20.199,-7.416,-4.289,1.415,0.741
