-1.113,-10.12,-9.834,0.0,-0.301,0.0
-0.828,-10.396,-9.363,0.144,-0.384,0.132
-1.074,-10.523,-9.43,0.277,-0.105,0.139
-1.089,-10.868,-9.528,0.15,0.0,0.306
-0.271,-11.633,-9.171,-0.59,0.22,0.581
-0.922,-15.67,-8.5,-1.675,2.985,1.722
0.884,-17.628,-5.028,-0.533,4.377,4.393
0.0,-19.59,-3.152,2.242,4.377,4.393
5.467,-20.199,-8.649,4.431,4.377,4.393
7.76,-20.199,-19.532,4.431,4.029,4.393
0.0,-11.683,-25.176,2.664,3.991,3.334
-1.495,-7.583,-18.813,-0.187,1.234,2.643
-1.383,-5.234,-18.905,0.0,1.059,1.881
-3.197,-5.09,-24.79,0.94,1.731,1.851
-0.423,-5.143,-28.847,-0.491,1.74,1.971
0.987,-6.476,-26.608,-1.843,2.346,1.073
2.366,-7.198,-20.162,-2.448,2.768,0.265
-1.198,-3.423,-19.967,0.0,4.377,-2.455
-0.951,-1.703,-21.717,1.928,3.531,-1.632
2.408,-12.464,-27.158,2.352,1.42,-3.951
6.657,-20.199,-29.431,-4.3,-3.765,-4.337
9.993,-20.199,-22.655,-4.3,-4.354,-4.337
5.197,-20.199,-14.734,-4.3,-4.354,-2.589
0.0,-20.199,-8.065,-4.3,-0.787,1.551
6.233,-20.199,-7.943,-3.935,-1.982,1.658
