-2.177,-10.012,-10.172,0.0,0.0,0.0
-2.177,-10.014,-10.232,0.0,0.0,0.0
-2.08,-10.044,-10.265,0.0,0.0,0.0
-2.124,-10.023,-10.186,0.0,0.0,0.0
-2.155,-10.038,-10.151,0.0,0.0,0.0
-2.293,-9.954,-10.456,0.0,0.0,0.0
-2.189,-10.216,-9.777,0.0,-0.186,0.0
-1.391,-10.163,-9.586,0.488,0.1,0.266
2.218,-10.624,-8.427,2.549,1.067,0.7
12.501,-11.839,-22.299,1.086,4.376,-0.61
0.245,-17.552,-10.691,-1.99,4.376,-3.174
-6.486,-19.795,-10.028,3.419,4.376,0.853
-12.319,-18.82,-17.32,4.44,4.376,4.357
-12.508,-19.929,-15.868,3.749,4.376,4.357
-20.771,-18.835,-16.924,-3.306,4.376,4.357
-9.018,-11.698,-5.327,-1.664,4.376,4.357
-0.547,-3.744,-9.355,2.01,4.376,2.47
-2.708,-3.5,-16.849,1.327,4.376,-2.423
-4.719,-19.836,-23.889,-2.814,2.2,-4.373
-4.494,-19.929,-31.012,-4.29,-4.01,0.426
16.365,-19.929,-0.909,-4.29,-4.354,4.029
7.391,-19.929,-2.817,-2.057,1.681,3.66
3.883,-19.929,-5.256,-1.992,4.376,1.493
-2.543,-14.991,-4.958,-1.393,4.376,0.193
-4.34,-12.128,-10.093,-0.248,4.376,-0.226
