-1.916,-10.035,-10.518,0.0,0.0,0.0
-1.973,-10.02,-10.382,0.0,0.123,0.0
-2.02,-9.998,-10.445,0.0,0.127,0.0
-2.179,-10.028,-10.344,0.0,0.0,0.0
-1.973,-9.985,-10.443,0.0,0.0,0.0
-1.856,-10.053,-10.589,0.0,0.0,0.0
-2.629,-10.301,-8.808,-0.225,-0.285,-0.131
-1.044,-10.745,-9.689,0.282,-0.705,0.0
5.615,-10.194,-9.173,1.345,2.416,1.021
6.617,-10.813,-17.162,0.381,4.376,0.997
-0.183,-15.01,-7.32,1.152,4.376,-0.446
-7.476,-18.257,-9.017,4.324,4.376,2.397
-14.079,-17.025,-15.067,4.44,4.376,4.357
-10.057,-16.822,-18.166,4.44,4.376,4.357
-12.277,-13.904,-21.869,-0.782,4.376,3.194
-10.675,-10.576,-12.895,-2.501,4.376,3.006
-5.714,-8.225,-13.318,-0.933,4.376,0.844
-7.262,-6.309,-15.041,-0.906,4.348,-1.478
-0.665,-16.391,-19.055,-4.29,1.243,-3.765
0.316,-19.929,-15.896,-4.29,-3.921,-4.186
17.857,-19.929,-3.615,-4.29,-4.354,4.357
8.419,-19.929,-2.048,-2.511,0.777,3.844
6.653,-19.929,-6.679,-2.037,1.15,1.356
2.942,-17.255,-1.708,-2.881,1.473,0.384
1.422,-11.655,-3.958,0.784,3.425,0.699
