-0.489,-10.127,-10.651,0.0,0.0,0.0
-0.676,-10.12,-10.575,0.0,0.0,0.0
-0.749,-10.017,-10.675,0.0,0.0,0.0
-0.444,-10.051,-10.577,0.0,-0.129,0.0
-0.479,-10.004,-10.664,0.0,0.0,0.0
-0.666,-10.114,-10.455,0.0,0.0,0.0
-0.571,-10.117,-10.563,0.0,-0.175,0.0
0.164,-11.086,-10.765,0.287,0.0,0.21
-0.79,-11.332,-6.634,1.147,0.799,1.716
15.876,-12.938,-9.421,3.872,4.376,0.999
-2.56,-15.019,-3.527,2.017,4.376,-2.308
-17.933,-19.929,2.516,4.44,4.376,4.245
-9.666,-14.898,-12.769,4.44,4.376,4.357
-15.516,-10.643,-12.718,2.075,4.376,2.439
-6.582,-10.873,-14.431,0.413,4.376,3.043
-4.175,-8.183,-15.26,0.475,4.376,-0.305
-0.498,-12.346,-19.929,1.086,4.376,-3.388
-8.035,-19.929,-25.427,-4.29,0.608,-4.373
3.701,-19.929,-16.479,-4.29,-4.354,-4.373
17.771,-19.929,-1.362,-4.29,-4.354,3.625
8.532,-19.929,-5.242,-2.333,1.103,3.483
3.638,-19.929,-5.668,-2.761,3.238,0.921
-2.969,-16.292,-3.171,-1.568,4.376,0.73
-2.827,-12.091,-5.33,-0.349,4.376,0.504
-4.79,-10.35,-8.856,0.854,4.376,0.574
