-1.871,-9.9,-10.218,0.0,0.186,0.0
-1.761,-10.141,-10.166,0.0,0.0,0.0
-1.462,-10.102,-10.469,0.0,-0.204,0.0
-1.399,-10.015,-9.921,0.0,-0.144,0.0
-1.492,-10.089,-10.295,0.0,-0.163,0.0
-1.516,-9.948,-10.254,0.0,0.0,0.0
-1.64,-10.05,-10.286,0.0,0.0,0.0
-1.419,-10.103,-10.04,0.119,0.259,0.154
-2.118,-10.023,-8.641,0.345,0.621,0.15
6.148,-9.88,-15.734,2.359,-0.45,0.501
6.189,-12.18,-11.3,-1.398,4.376,-2.139
0.358,-17.095,-4.825,1.014,4.376,-2.402
-9.681,-18.068,-7.381,3.259,4.376,2.368
-14.452,-18.409,-10.755,4.44,4.376,4.357
-10.69,-18.073,-14.095,3.901,4.376,4.357
-13.541,-12.726,-15.266,-1.226,4.376,2.776
-8.877,-9.398,-9.831,-1.062,4.376,1.721
-4.372,-12.787,-17.592,-0.411,4.376,-2.308
-3.952,-19.929,-24.728,-4.29,0.839,-4.373
3.534,-19.929,-0.553,-4.29,-4.354,-2.968
18.454,-19.929,4.599,-4.29,-1.554,4.357
7.63,-19.929,-9.071,-2.188,0.379,1.311
2.013,-19.929,-6.435,-4.29,1.512,0.874
3.56,-18.239,-2.545,-2.804,1.463,0.0
1.236,-11.855,-4.66,-0.122,4.212,0.292
