-1.144,-9.975,-11.495,0.0,0.0,0.0
-1.03,-10.024,-11.519,0.0,0.0,0.0
-1.145,-9.973,-11.49,0.0,0.0,0.0
-1.244,-10.053,-11.519,0.0,0.181,0.0
-1.193,-10.029,-11.405,0.0,0.196,0.0
-1.201,-9.943,-11.395,0.0,0.265,0.106
-0.741,-10.211,-11.531,0.104,0.629,0.203
0.229,-10.404,-10.527,0.147,1.697,0.548
2.605,-11.453,-9.561,0.14,2.283,1.002
3.612,-15.967,-6.543,-0.297,2.252,-1.655
-6.626,-19.929,-4.031,3.891,4.376,1.942
-10.295,-19.929,-6.343,4.44,4.376,4.357
-7.269,-19.929,-9.153,4.44,4.376,4.357
-6.288,-14.424,-11.54,2.753,4.376,4.357
-5.369,-9.003,-14.877,-0.597,4.376,3.705
-5.07,-3.552,-9.427,-0.307,4.376,1.807
-0.405,-2.0,-12.946,0.586,4.376,-0.353
-3.771,-2.92,-13.968,-1.564,4.376,-3.89
-3.259,-11.237,-12.49,-4.29,2.664,-4.373
-7.295,-19.929,-4.58,-4.29,-1.11,-4.373
4.07,-19.929,0.824,-4.29,-3.875,-1.554
1.943,-19.929,-1.948,-4.29,0.607,0.812
1.207,-19.929,-2.967,-2.693,3.535,-1.29
-2.575,-18.295,-11.177,-1.141,4.376,-2.113
-15.725,-13.479,-11.549,-3.941,4.376,-0.57
