-0.971,-10.072,-11.127,0.0,0.0,0.0
-1.098,-9.981,-11.054,0.0,0.1,0.0
-1.391,-10.012,-11.099,0.0,0.0,0.0
-1.059,-9.973,-11.413,0.0,0.132,0.0
-1.037,-10.147,-11.355,0.0,0.146,0.0
-1.351,-10.002,-11.148,0.0,0.116,0.0
-1.439,-10.01,-11.125,0.0,0.0,0.0
-1.081,-10.034,-11.206,0.0,0.247,0.0
0.527,-10.172,-3.309,0.987,0.527,1.28
12.551,-12.705,-13.193,4.06,4.376,0.402
-1.05,-18.033,0.324,3.583,4.376,-1.227
-15.526,-18.448,-2.997,4.44,4.376,1.205
-19.919,-19.071,-5.869,4.44,4.376,4.357
-17.629,-16.127,-11.917,1.281,4.376,4.357
-2.369,-17.649,-15.225,0.117,4.376,3.904
-6.255,-13.379,-20.226,-1.328,4.376,-1.32
-10.455,-19.929,-23.004,-4.29,2.104,-3.177
5.42,-19.929,-19.247,-4.29,-4.354,-0.235
18.454,-19.929,8.213,-4.29,-1.963,4.357
15.724,-12.009,0.567,-1.043,-0.209,1.328
6.488,-9.895,0.673,1.096,0.0,0.328
6.78,-6.628,-1.581,0.0,0.298,0.333
4.701,-4.808,-3.858,0.0,0.408,0.0
3.297,-5.833,-3.342,0.514,0.428,0.0
1.184,-7.404,-7.617,1.258,1.893,0.491
