-1.001,-10.129,-10.479,0.0,0.0,0.0
-1.124,-10.135,-10.465,0.0,0.0,0.0
-1.235,-10.124,-10.412,0.0,0.0,0.0
-1.053,-10.077,-10.514,0.0,0.0,0.0
-1.048,-10.054,-10.636,0.0,0.0,0.0
-1.089,-10.042,-10.535,0.0,0.0,0.0
-1.118,-10.076,-10.448,0.0,0.101,0.0
-1.913,-9.805,-9.532,0.0,0.272,0.173
-0.568,-10.992,-7.11,2.368,-0.254,0.636
7.475,-9.3,-15.421,1.55,4.376,-0.519
3.136,-12.183,-8.09,-1.304,4.376,-1.237
-1.798,-15.061,-4.745,1.48,4.376,-0.463
-8.03,-19.929,1.126,4.44,4.376,4.357
-12.578,-19.929,-14.999,4.44,4.376,4.357
-18.057,-15.675,-12.154,0.209,4.376,3.512
-7.312,-12.347,-11.641,-0.85,4.376,3.128
-7.906,-11.545,-13.983,0.0,4.376,-1.488
-7.781,-11.644,-15.971,-1.171,4.376,-3.963
-3.47,-19.929,-13.281,-4.29,1.363,-4.367
-3.581,-19.929,-24.538,-4.29,-2.478,-4.373
12.979,-19.929,3.658,-4.29,-4.354,0.176
8.274,-19.929,-7.14,-3.157,1.611,2.633
0.17,-19.929,-6.779,-2.15,2.461,0.227
-0.133,-16.005,-7.864,-1.194,4.376,0.496
-8.233,-10.871,-14.458,-0.503,4.376,-0.726
