-1.272,-9.997,-11.656,0.0,0.0,0.0
-1.195,-9.985,-11.678,0.0,0.0,0.0
-1.218,-9.944,-11.69,0.0,0.0,0.0
-1.209,-9.981,-11.674,0.0,0.0,0.0
-1.217,-9.954,-11.658,0.0,0.0,0.0
-1.249,-9.929,-11.669,0.0,0.0,0.0
-1.521,-10.078,-11.58,0.0,-0.129,0.0
0.0,-10.554,-12.034,0.157,0.29,0.387
2.508,-11.165,-6.54,1.72,3.103,1.916
15.051,-16.284,-12.473,4.44,4.376,0.825
-4.437,-18.735,0.353,4.095,4.376,-1.013
-12.372,-19.929,-4.88,4.44,4.376,2.164
-14.479,-19.929,-8.269,4.44,4.376,4.357
-10.401,-16.272,-13.899,2.377,4.376,4.357
-1.215,-14.909,-20.702,0.41,4.376,3.03
-9.529,-11.99,-14.1,-1.683,4.376,-0.496
-10.477,-9.307,-13.866,-2.123,4.376,-3.25
1.329,-19.929,-31.012,-4.29,-2.363,-3.017
18.454,-19.929,8.213,-4.29,-4.354,0.0
12.299,-7.953,-7.501,3.2,-1.765,1.539
4.594,-13.922,8.213,-0.711,-0.798,0.0
5.995,-7.326,-1.565,0.0,1.03,0.511
4.634,-4.482,-5.007,0.478,0.406,0.0
5.143,-4.46,-3.886,0.731,0.0,0.197
3.074,-5.423,-3.653,0.257,1.134,0.295
