-1.557,-10.059,-10.236,0.0,0.0,0.0
-1.558,-10.017,-10.263,0.0,0.0,0.0
-1.576,-10.072,-10.195,0.0,0.0,0.0
-1.588,-10.087,-10.2,0.0,0.0,0.0
-1.7,-10.13,-10.109,0.0,0.0,0.0
-1.695,-10.144,-10.168,0.0,0.0,0.0
-2.385,-10.351,-10.286,0.0,0.0,0.0
-1.621,-10.932,-8.847,0.481,-0.338,0.466
-0.109,-12.253,-7.858,1.783,0.529,1.633
11.522,-13.033,-14.234,4.44,4.376,1.317
2.384,-13.643,-5.876,1.463,3.048,-3.17
-8.121,-19.929,-4.552,4.44,4.376,-1.194
-13.249,-16.782,-12.109,4.44,4.376,2.465
-13.014,-13.648,-14.902,4.44,4.376,4.142
-15.221,-11.524,-14.89,0.395,4.376,3.361
-7.222,-10.424,-15.794,-0.695,4.376,2.21
-6.809,-6.934,-15.992,-0.8,4.376,0.0
-5.491,-5.985,-16.515,0.535,4.376,-2.016
-3.247,-14.585,-24.171,-4.29,1.053,-4.373
-5.008,-19.929,-7.253,-4.29,-3.041,-4.373
11.474,-19.929,-3.903,-4.29,-4.354,4.357
8.502,-19.929,-3.812,-3.855,1.151,3.462
6.395,-19.929,-4.399,-3.042,3.838,1.915
0.577,-16.349,-5.276,-1.566,4.259,0.294
-2.205,-12.792,-4.045,-0.469,4.376,-0.271
