-1.347,-10.003,-11.319,0.0,0.0,0.0
-1.418,-10.002,-11.49,0.0,0.0,0.0
-1.359,-9.944,-11.332,0.0,0.0,0.0
-1.37,-9.996,-11.362,0.0,0.0,0.0
-1.104,-10.066,-11.232,0.0,0.0,0.0
-0.866,-10.125,-11.536,0.0,0.0,0.0
-1.467,-9.875,-11.209,0.0,0.195,0.0
-2.899,-9.993,-9.748,-0.147,-0.336,0.0
-3.679,-11.263,-6.426,2.095,-1.576,0.601
7.17,-10.854,-12.449,3.299,3.009,1.425
6.124,-10.907,-10.947,1.75,4.376,0.397
5.799,-16.234,-5.573,2.465,4.376,-1.027
-0.938,-19.385,-6.994,4.44,4.376,-1.29
-8.938,-19.929,-12.379,4.44,4.376,1.225
-14.221,-18.182,-15.307,4.44,4.376,3.485
-15.122,-9.858,-21.14,1.789,4.376,1.756
-16.18,-10.749,-17.111,-2.081,4.376,1.473
-15.796,-10.251,-14.225,-1.174,4.376,0.516
-13.367,-8.448,-16.478,-0.666,4.376,-2.385
-13.054,-8.72,-16.649,-2.488,3.506,-3.423
-5.982,-19.929,-22.109,-4.29,-1.683,-4.373
18.454,-19.929,8.2,-4.29,-4.354,4.357
12.165,-11.995,2.428,0.527,0.362,1.086
5.738,-13.655,8.213,0.645,-0.422,-0.208
5.973,-6.181,-3.044,-0.879,-0.289,0.24
