-0.447,-9.999,-11.388,0.0,0.0,0.0
-0.427,-9.984,-11.601,0.0,0.0,0.0
-0.484,-9.981,-11.462,0.0,0.0,0.0
-0.462,-10.012,-11.452,0.0,0.0,0.0
-0.507,-10.023,-11.415,0.0,0.0,0.0
-0.495,-9.947,-11.56,0.0,0.0,0.0
-0.477,-9.956,-11.569,0.0,0.0,0.0
-1.326,-9.813,-11.531,0.299,-0.437,0.248
1.081,-11.048,-7.398,1.574,0.0,1.435
7.241,-12.505,-10.601,4.083,3.04,1.191
2.734,-14.862,-4.382,0.186,4.376,-0.89
-7.523,-17.15,-1.368,4.44,4.376,0.269
-20.771,-19.738,-7.936,4.44,4.376,4.227
-16.695,-19.929,-12.066,3.216,4.376,4.357
-9.005,-15.203,-7.839,2.192,4.376,4.357
3.431,-11.884,-15.118,3.881,4.376,4.357
4.29,-4.422,-16.95,3.737,4.376,0.752
6.303,-10.15,-26.117,4.409,3.631,-4.373
-6.596,-19.929,-26.185,-2.563,-0.596,-4.373
2.346,-19.929,-29.543,-4.29,-4.354,-4.373
18.454,-19.929,8.213,-4.29,-1.605,1.09
18.454,-15.577,-0.177,-4.29,-0.534,1.062
8.781,-12.184,0.833,1.738,0.483,1.117
5.783,-7.761,-2.467,0.509,0.427,0.363
3.487,-5.757,-3.462,0.312,1.031,0.406
