-1.239,-9.951,-11.682,0.0,0.0,0.0
-1.267,-9.96,-11.597,0.0,0.0,0.0
-1.418,-9.95,-11.529,0.0,0.0,0.0
-1.291,-9.995,-11.558,0.0,0.0,0.0
-1.102,-10.033,-11.498,0.0,0.0,0.0
-1.235,-9.96,-11.415,0.0,0.0,0.0
-1.393,-9.942,-11.398,0.0,-0.123,0.0
-0.108,-10.646,-11.331,0.147,0.557,0.602
4.52,-10.204,-9.481,1.051,3.862,1.364
9.483,-14.237,-9.402,2.955,4.376,1.982
-3.713,-17.868,-4.538,4.44,4.376,0.257
-14.723,-18.501,-11.829,4.44,4.376,2.268
-15.626,-17.573,-7.972,4.44,4.376,4.357
-19.117,-12.307,-15.765,1.455,4.376,3.774
-5.281,-13.928,-11.653,-0.872,4.376,4.357
-3.377,-5.83,-14.745,-0.546,4.376,0.851
-2.31,-4.878,-17.565,0.319,4.376,-2.257
-3.947,-13.152,-23.013,-2.62,0.919,-3.995
2.378,-19.929,-29.114,-4.29,-4.354,-2.283
18.454,-19.929,8.213,-4.29,-2.785,2.717
18.454,-9.899,-8.232,-4.29,-1.22,1.896
8.253,-8.757,-1.09,1.85,-0.156,0.938
6.124,-6.182,-1.966,0.22,-0.143,0.0
4.156,-4.651,-3.233,0.1,0.391,0.0
3.985,-5.624,-3.408,0.277,1.023,0.0
