-1.615,-10.04,-11.05,0.0,0.0,0.0
-1.415,-10.035,-11.087,0.0,0.0,0.0
-1.545,-10.024,-10.995,0.0,0.0,0.0
-1.533,-10.077,-11.06,0.0,0.0,0.0
-1.666,-10.032,-10.975,0.0,0.0,0.0
-1.633,-10.023,-10.985,0.0,0.0,0.0
-1.478,-10.081,-11.004,0.0,0.0,0.0
-1.711,-10.117,-10.953,0.0,-0.1,0.0
-5.083,-10.341,-9.775,0.0,-1.352,-0.539
-9.442,-12.985,-6.21,2.619,-4.186,0.747
7.601,-11.235,-12.589,2.37,4.376,2.993
6.591,-12.183,-10.712,2.501,4.376,2.926
1.27,-12.033,-4.584,2.111,3.244,-0.435
-2.399,-17.037,-8.002,4.313,4.376,-0.822
-7.352,-19.929,-11.654,4.44,4.376,0.639
-13.264,-18.511,-11.842,4.44,4.376,3.819
-12.419,-13.721,-13.621,4.37,4.376,4.357
-12.842,-11.207,-14.894,0.924,4.376,3.842
-8.105,-8.167,-13.541,-0.339,4.376,3.92
-3.771,-3.536,-16.518,0.871,4.376,2.095
-3.431,-2.417,-17.876,2.187,4.376,-0.706
-2.201,-6.458,-23.033,1.724,3.017,-3.758
0.34,-19.929,-28.737,-4.29,-1.275,-4.373
5.975,-19.929,7.192,-4.29,-4.354,-1.21
18.454,-19.929,8.213,-4.29,2.888,4.357
