-1.551,-9.916,-7.595,0.0,0.0,0.0
-1.342,-9.911,-7.49,0.0,0.0,0.173
-1.124,-9.866,-7.487,0.0,0.0,0.186
-0.966,-9.829,-7.566,0.0,0.0,0.134
-1.002,-9.808,-7.572,0.0,0.0,0.0
-1.212,-9.726,-7.671,0.0,0.0,0.0
-1.292,-9.65,-7.603,0.0,-0.152,0.0
-1.39,-10.247,-8.002,0.251,0.357,0.175
2.019,-11.511,-10.309,1.196,3.319,1.319
10.978,-12.421,-11.848,0.989,4.376,0.0
-7.942,-19.687,-1.078,3.488,4.376,-0.745
-14.82,-19.929,-12.831,4.44,4.376,4.357
-8.596,-19.929,-14.859,4.44,4.376,4.357
-12.265,-17.049,-18.547,-1.402,4.376,3.54
-4.688,-14.87,-13.674,-2.242,4.376,2.101
-5.975,-11.6,-15.58,-2.33,4.376,-1.067
-4.468,-13.278,-18.504,-4.29,1.442,-2.873
-3.052,-19.929,-12.209,-4.29,-2.608,-4.298
5.952,-19.929,-9.507,-4.29,-4.354,2.197
12.832,-19.929,-3.047,-4.29,-0.278,3.915
5.866,-19.929,-6.008,-2.027,1.568,2.212
4.936,-19.369,-5.651,-3.536,1.967,0.0
0.14,-14.963,-3.642,-2.386,4.155,-0.997
-1.081,-11.923,-5.341,0.234,4.376,0.569
-1.601,-11.049,-7.718,1.55,4.376,0.396
