-1.372,-9.984,-11.067,0.0,0.0,0.0
-1.191,-10.046,-11.362,0.0,-0.177,0.0
-1.038,-10.047,-11.225,0.0,-0.145,0.0
-1.235,-9.951,-11.088,0.0,0.0,0.0
0.164,-9.92,-11.951,0.248,0.458,0.39
-0.167,-10.108,-10.278,0.246,2.273,0.874
1.818,-10.782,-7.456,1.342,3.089,1.788
5.289,-11.405,-13.295,1.449,4.376,0.449
0.0,-14.479,-7.092,2.319,4.376,0.279
-9.681,-19.889,-6.46,4.44,4.376,3.593
-10.202,-14.909,-19.348,4.44,4.376,4.019
-12.477,-12.081,-18.684,1.007,4.376,4.357
-14.717,-11.714,-14.616,-1.507,4.376,3.355
-8.257,-7.415,-13.998,-1.457,4.376,2.732
-5.377,-3.416,-12.611,0.92,4.376,1.76
-1.692,-3.001,-20.13,2.055,4.376,-1.704
-3.045,-7.901,-23.873,-0.89,1.789,-4.373
-4.919,-19.929,-23.8,-4.29,-2.283,-4.373
10.588,-19.929,-2.354,-4.29,-4.354,0.0
9.137,-16.337,8.213,0.574,0.293,1.023
9.322,-14.615,8.213,0.331,-0.66,0.511
8.575,-7.303,-2.596,0.45,0.0,0.383
6.457,-4.555,-7.179,0.0,0.911,0.562
6.097,-4.628,-4.85,0.574,0.349,0.0
2.162,-6.052,-3.914,0.572,1.196,0.417
