-2.385,-9.941,-10.674,0.0,0.0,0.0
-2.377,-9.95,-10.684,0.0,0.0,0.0
-2.417,-9.942,-10.447,0.0,0.0,0.0
-2.472,-9.962,-10.466,0.0,0.0,0.0
-2.422,-9.901,-10.617,0.0,0.0,0.0
-2.529,-9.961,-10.535,0.0,0.0,0.0
-2.735,-9.896,-10.402,0.0,-0.201,0.0
-4.549,-10.621,-6.653,0.0,-2.153,0.0
0.992,-11.866,-12.211,3.638,-2.887,1.591
9.963,-11.939,-19.342,2.476,4.376,0.0
3.303,-15.475,-9.552,2.158,4.376,-0.966
-8.742,-19.929,-7.414,4.44,4.376,0.535
-12.51,-19.929,-12.091,4.44,4.376,4.357
-8.745,-15.593,-21.374,4.353,4.376,4.25
-10.226,-12.265,-13.511,-0.668,4.376,3.932
-2.233,-13.574,-18.405,-0.6,4.376,0.67
-9.315,-12.218,-22.658,-1.915,4.376,-4.101
-8.144,-18.264,-17.202,-2.144,1.973,-4.373
2.874,-19.929,-31.012,-4.29,-4.354,-2.97
12.268,-19.929,-0.846,-4.29,-4.354,2.64
16.221,-19.929,-6.065,-1.549,1.663,4.357
6.699,-19.929,-7.981,-1.385,0.661,2.052
3.588,-16.944,-5.389,-1.396,1.052,0.0
0.908,-11.686,-7.411,0.189,4.376,0.547
-0.976,-9.663,-9.917,0.32,4.376,-0.124
