-1.867,-10.057,-9.877,0.0,0.0,0.0
-2.149,-10.041,-10.081,0.0,0.0,0.0
-2.037,-10.008,-10.234,0.0,0.0,0.0
-2.238,-10.02,-10.128,0.0,0.0,0.0
-2.089,-9.926,-10.33,0.0,0.0,0.0
-2.083,-10.074,-10.146,0.0,0.0,0.0
0.161,-9.798,-10.302,0.0,0.917,0.594
4.508,-11.784,-7.019,2.828,3.021,1.234
3.685,-12.621,-13.691,-0.876,4.376,-1.543
-3.672,-17.039,-6.567,2.803,4.376,1.861
-9.665,-19.929,-7.459,4.44,4.376,4.357
-6.411,-19.361,-13.579,4.44,4.376,4.357
-9.419,-9.88,-21.297,2.936,4.376,2.056
-7.038,-12.358,-19.812,-0.6,4.376,1.908
-8.191,-10.926,-16.833,-2.198,4.376,-0.427
-6.102,-8.417,-16.083,-1.278,4.376,-1.645
-5.429,-4.966,-14.674,-2.031,2.848,-2.437
-7.176,-8.405,-12.1,-4.29,0.367,-3.51
-1.646,-19.929,-7.995,-4.29,-1.825,-3.318
1.77,-19.929,-3.383,-4.29,-2.68,-0.68
3.564,-19.929,-5.82,-4.29,-3.072,1.822
4.337,-19.929,2.961,-4.29,-0.213,1.524
3.631,-19.929,-3.629,-1.832,2.422,0.835
-3.643,-15.739,-5.123,-1.308,4.376,-0.708
-8.754,-11.244,-11.908,1.103,4.376,0.532
