-1.467,-9.803,-7.732,0.0,0.0,0.0
-1.5,-9.807,-7.763,0.0,0.0,0.0
-1.417,-9.752,-7.779,0.0,0.0,0.0
-1.361,-9.791,-7.653,0.0,0.0,0.0
-1.373,-9.778,-7.626,0.0,0.0,0.0
-1.406,-9.783,-7.588,0.0,0.0,0.0
-1.913,-9.7,-7.893,-0.134,0.339,0.0
-2.684,-9.967,-7.249,0.114,0.331,0.414
-1.531,-11.357,-8.422,0.508,0.922,0.954
8.274,-11.317,-11.798,0.875,4.376,1.866
5.286,-13.87,-9.473,0.0,4.376,-2.628
-8.03,-19.929,-9.314,0.525,4.376,-3.07
-9.326,-19.929,-10.341,4.011,4.376,4.357
-5.126,-19.929,-11.482,4.44,4.376,4.357
-8.132,-15.305,-16.59,0.94,4.376,4.357
-0.957,-13.197,-16.324,-0.5,4.376,4.357
-2.193,-7.955,-16.709,-0.818,4.376,-0.275
-4.925,-8.329,-18.625,-0.552,4.376,-3.169
-0.508,-17.194,-17.119,-4.29,-1.119,-3.484
0.554,-19.929,-4.778,-4.29,-3.229,-4.218
8.135,-19.929,0.849,-4.29,-4.354,0.849
9.179,-19.929,-1.768,-4.29,-0.329,3.707
5.911,-19.929,-4.831,-3.197,2.246,0.835
1.664,-19.066,-4.2,-3.467,1.393,-0.907
-1.658,-13.397,-5.097,-0.963,4.154,-0.111
