-7.908,-2.431,-11.476,2.069,0.312,2.521
-9.349,-0.726,-13.029,2.589,0.43,1.951
-13.375,0.117,-13.833,3.887,-0.673,3.395
-6.838,3.828,-17.845,3.425,2.848,4.393
-1.754,4.171,-18.701,2.177,4.228,3.712
5.013,3.817,-16.796,2.445,4.337,2.073
7.68,2.355,-20.827,3.233,3.332,-0.839
7.386,-3.603,-24.946,1.611,1.34,-3.969
0.0,-9.258,-22.045,-4.009,-0.569,-4.337
-2.595,-18.181,-12.385,-4.299,-1.161,-4.337
-2.894,-19.435,-4.857,-4.299,1.363,-4.337
-10.46,-17.142,-8.444,-4.171,1.139,-4.337
-7.37,-16.601,-9.363,-4.299,0.499,-2.927
-11.171,-19.435,-5.156,-4.299,-1.573,-4.184
-5.894,-19.435,-2.575,-4.299,-3.465,-1.237
-5.223,-18.01,4.706,0.0,0.0,0.15
-2.274,-13.252,-4.312,3.439,0.966,0.0
0.195,-11.608,-11.53,3.715,2.888,0.449
0.0,-9.829,-12.172,2.236,4.064,0.0
-0.292,-9.624,-11.967,2.208,3.637,-0.515
0.0,-10.407,-13.228,2.541,3.051,-1.302
-0.733,-11.375,-14.458,2.053,3.277,-2.303
-3.187,-11.527,-14.251,1.135,2.352,-2.348
-3.463,-10.507,-13.696,0.138,0.0,-1.591
-2.795,-10.189,-12.619,-0.781,0.322,-1.331
