-8.703,-3.431,-12.202,3.176,0.0,3.039
-7.246,-1.047,-12.555,3.601,-0.792,3.02
-5.301,2.929,-17.536,4.431,-2.134,2.794
-4.082,7.462,-17.404,2.433,2.163,3.52
1.849,6.93,-16.505,2.438,2.506,3.348
6.885,4.948,-18.398,3.634,4.196,1.131
5.867,4.57,-23.555,2.889,3.398,-2.101
3.495,-0.392,-24.168,1.406,2.428,-3.821
3.535,-7.332,-23.677,-1.857,0.773,-4.337
-1.187,-17.064,-15.457,-4.299,-1.352,-4.337
1.737,-19.435,-11.424,-4.299,-1.575,-4.337
-6.833,-19.435,-7.25,-4.299,1.31,-4.337
-7.493,-19.435,-8.203,-4.299,-1.771,-3.862
-8.958,-19.435,-5.639,-4.299,-4.242,-1.979
1.63,-19.435,1.056,-3.888,-3.484,-0.129
-0.67,-14.695,-0.171,2.252,1.902,1.675
2.219,-10.091,-8.072,2.215,0.498,0.246
0.148,-11.185,-11.438,4.299,1.633,-0.993
0.478,-10.898,-14.469,3.243,4.377,-1.342
-2.972,-9.982,-13.995,1.356,4.377,-1.085
-2.665,-9.634,-11.583,0.756,2.272,-0.644
-1.015,-9.379,-12.113,0.695,0.0,-1.029
-1.489,-9.897,-12.048,0.14,1.056,-1.631
-2.977,-10.355,-11.772,-0.292,1.224,-1.792
-5.309,-10.049,-11.112,-0.727,1.569,-1.348
