-7.921,-1.206,-13.918,3.847,2.749,2.586
-6.839,-0.68,-15.908,4.276,-0.138,3.433
-3.572,3.792,-19.648,3.787,1.385,2.998
-2.266,7.197,-22.259,1.289,1.936,2.837
1.416,6.447,-18.822,0.0,2.434,2.553
4.395,6.444,-19.681,0.365,3.725,1.474
6.404,6.06,-18.613,-0.616,2.455,-0.794
0.976,6.322,-15.566,-0.241,2.307,-2.111
3.419,3.01,-17.355,0.672,1.143,-1.831
2.551,-2.341,-19.964,-1.554,2.114,-4.337
-1.632,-7.043,-13.787,-4.299,-0.544,-4.337
0.556,-16.606,-10.738,-4.299,-1.634,-4.337
-6.975,-19.435,-8.473,-4.299,0.255,-4.337
-10.29,-19.435,-7.72,-4.269,0.0,-3.19
-7.575,-19.435,-7.213,-4.162,-0.104,-0.92
-5.581,-18.692,-4.646,-2.382,-0.45,-0.924
-3.002,-14.336,-1.927,-0.642,1.583,0.656
-1.951,-12.253,-4.987,2.404,3.138,0.554
-0.214,-12.351,-11.295,4.431,3.71,-0.151
-0.467,-12.152,-14.531,3.997,4.377,-1.237
-1.707,-11.008,-15.381,2.603,4.377,-0.76
-2.657,-9.323,-13.8,0.966,2.93,-0.239
-1.547,-8.698,-12.928,0.176,-0.805,-0.401
-1.644,-8.581,-12.293,-0.657,-1.23,-0.878
-1.95,-9.675,-10.724,-1.523,-1.186,-1.112
