-1.644,-9.325,-10.683,0.0,0.0,0.0
-1.82,-9.377,-10.684,0.0,0.104,0.0
-2.016,-9.481,-10.371,0.0,0.117,0.0
-2.134,-9.772,-10.295,0.0,0.213,0.0
-1.797,-9.706,-9.982,0.0,0.349,0.113
-1.319,-9.742,-9.778,0.321,0.691,0.265
-1.298,-10.428,-9.195,0.254,0.956,0.437
-1.198,-11.197,-7.569,0.0,1.776,1.07
-3.44,-13.37,-5.888,0.801,2.505,1.377
-7.266,-15.557,-6.896,2.711,2.192,2.24
-5.954,-13.993,-10.177,3.512,1.074,2.532
-6.153,-10.696,-11.749,3.245,1.86,2.818
-10.393,-10.892,-14.845,3.696,3.186,3.725
-9.054,-6.147,-16.39,0.982,1.338,4.393
-2.544,-0.966,-13.365,1.219,1.993,4.393
5.359,2.432,-14.389,2.887,2.134,4.393
9.947,2.833,-16.277,4.431,3.565,3.359
11.038,0.933,-24.657,4.431,3.588,-1.156
5.663,-2.429,-22.555,0.732,1.494,-4.337
2.386,-4.647,-18.032,-3.798,-0.981,-4.337
0.898,-13.477,-11.95,-4.299,-1.135,-4.337
-6.549,-15.454,-5.99,-4.299,-0.322,-4.337
-2.806,-16.101,-7.823,-4.299,-0.2,-1.761
-4.016,-19.435,-7.908,-4.299,1.515,-3.316
-3.003,-19.435,-5.129,-4.299,-0.445,-3.108
