-2.176,-9.511,-10.013,0.16,0.17,0.0
-2.612,-10.102,-9.582,0.251,0.479,0.247
-1.736,-10.722,-8.317,0.525,1.784,1.376
-2.563,-11.877,-6.49,1.469,3.919,1.9
-3.161,-10.759,-7.629,2.288,2.623,1.697
-5.389,-10.625,-7.025,2.219,0.688,0.552
-7.054,-13.114,-8.706,3.314,1.714,1.592
-9.313,-11.808,-9.179,2.996,2.643,2.732
-10.023,-9.915,-12.515,3.518,2.724,4.206
-6.335,-4.108,-14.446,2.143,3.57,4.393
-4.027,-1.277,-16.05,2.133,0.39,4.393
-1.493,2.765,-18.783,1.899,2.32,4.393
2.468,4.322,-20.241,1.322,2.579,4.083
7.262,4.099,-18.813,1.288,2.601,2.563
8.283,3.354,-18.188,1.369,2.53,-0.558
5.816,-3.789,-21.674,4.194,2.996,-3.498
4.043,-5.242,-27.514,0.979,0.736,-4.337
2.581,-8.905,-20.464,-4.299,-1.293,-4.337
2.652,-19.435,-14.203,-4.299,-1.513,-4.337
-7.664,-19.435,-7.29,-4.299,3.712,-4.337
-16.132,-14.477,-10.949,-2.705,-0.826,-3.992
-7.526,-17.685,-5.445,-4.205,0.508,-3.122
-7.83,-18.183,-6.403,-1.612,-0.897,-3.41
-4.714,-17.026,-5.752,-1.881,0.864,-2.497
-4.951,-14.256,-8.111,0.85,2.072,-1.601
