-2.004,-9.244,-11.032,0.0,0.209,0.198
-1.878,-9.431,-10.55,-0.143,0.152,0.21
-2.444,-10.053,-9.433,-0.115,0.308,0.667
-2.63,-11.759,-8.44,0.0,0.636,1.03
-2.138,-12.951,-7.373,0.59,0.654,1.72
-2.874,-12.863,-5.372,1.918,1.09,1.644
-4.761,-12.859,-7.14,4.177,1.596,1.31
-8.017,-11.539,-8.482,4.343,0.957,1.231
-10.631,-9.648,-8.547,3.971,0.193,1.748
-9.076,-5.178,-10.671,3.48,1.575,2.708
-9.647,-0.805,-11.58,3.021,0.518,3.196
-8.031,1.791,-13.223,2.899,0.0,4.318
-3.262,1.629,-11.906,4.431,1.09,4.393
3.672,4.491,-18.911,4.431,2.785,4.056
10.945,4.763,-21.063,3.483,2.748,1.707
8.897,1.809,-22.412,2.317,2.637,-2.431
1.773,-0.726,-22.9,1.914,1.275,-3.616
2.076,-1.586,-21.983,-0.261,-0.841,-2.839
-2.535,-6.466,-15.925,-4.299,-1.185,-4.337
1.093,-19.435,-16.204,-4.299,-1.83,-4.337
-12.378,-19.435,-2.844,-4.299,3.119,-2.609
-5.769,-11.62,-7.055,-0.462,0.272,-2.17
-6.391,-15.305,-8.094,-3.633,1.916,-3.041
-8.832,-17.881,-5.621,-1.963,-0.49,-3.332
-6.119,-16.728,-9.09,-0.521,2.163,-2.11
