-2.013,-9.377,-10.413,0.0,0.0,0.0
-1.888,-9.326,-10.478,0.0,0.0,0.0
-1.981,-9.496,-10.147,0.0,0.0,0.0
-2.551,-10.079,-9.756,0.116,0.308,0.111
-2.077,-10.267,-9.331,0.286,0.995,0.785
-1.282,-10.805,-8.025,0.158,2.607,1.681
-0.873,-11.565,-7.142,1.286,4.099,2.138
-1.254,-13.394,-7.307,2.897,4.056,2.09
-6.608,-13.119,-9.618,3.154,2.19,1.311
-12.067,-13.709,-10.528,2.34,0.658,2.31
-13.907,-14.164,-16.151,4.396,1.139,4.21
-11.777,-9.457,-17.03,2.735,0.964,4.393
-6.198,-5.442,-13.905,1.85,1.657,4.393
2.812,-3.106,-10.946,2.8,3.18,4.393
13.718,-5.068,-16.229,4.431,4.292,4.393
16.444,-1.941,-27.481,4.431,3.695,-0.479
12.335,-7.963,-21.638,1.574,1.382,-4.337
0.935,-13.213,-22.59,-1.782,-1.37,-4.337
-8.455,-19.435,-14.9,-4.299,-0.428,-4.337
-12.637,-17.755,-7.352,-4.299,-1.634,-4.054
-4.198,-19.435,-8.056,-4.299,1.256,-4.337
-4.955,-19.435,-4.88,-4.299,0.505,-3.663
-6.31,-19.435,-3.81,-4.299,0.248,-3.529
-2.732,-18.47,-5.337,-1.245,1.531,-0.608
-2.908,-13.472,-7.345,-0.134,0.814,-0.88
