-2.516,-13.216,-6.258,1.813,2.577,2.621
-4.597,-13.374,-7.833,2.984,2.136,2.089
-5.582,-11.582,-9.303,3.588,1.174,1.955
-6.882,-8.53,-10.645,3.276,2.43,2.004
-10.577,-6.439,-14.78,3.163,4.377,2.284
-10.728,-3.142,-15.209,1.137,0.37,4.393
-5.396,-0.149,-15.463,1.593,-0.43,4.393
-1.24,1.421,-17.068,2.356,0.733,4.393
2.435,2.512,-17.368,3.176,2.448,4.393
7.052,5.683,-22.509,2.43,3.484,2.553
7.469,4.165,-20.419,1.327,3.482,-0.181
8.999,2.472,-22.837,1.177,3.023,-2.491
3.316,-0.131,-19.104,0.631,2.036,-4.337
2.058,-3.063,-22.701,0.68,-0.417,-3.51
-1.128,-7.254,-21.512,-4.299,-1.192,-4.337
2.506,-19.435,-11.583,-4.299,-2.14,-4.337
-5.061,-19.435,-6.393,-4.299,-3.743,-4.337
-3.2,-16.564,-9.377,-2.482,0.296,0.245
1.005,-19.435,-6.796,-4.299,1.136,-2.058
-1.36,-19.435,-2.247,-3.669,1.655,-1.451
-2.616,-19.216,-8.135,-1.095,2.206,-1.726
-12.524,-12.924,-11.768,0.658,4.377,1.928
-7.056,-9.168,-13.291,1.866,2.852,0.407
-0.84,-9.408,-13.819,1.934,2.631,0.521
-2.428,-9.389,-13.942,1.511,4.377,0.885
