-2.46,-9.648,-9.983,-0.189,-0.182,0.12
-3.267,-9.879,-9.205,-0.326,-0.148,0.421
-5.114,-12.536,-7.265,-0.632,0.0,1.365
-5.975,-13.869,-6.304,1.089,1.366,2.375
-7.022,-13.65,-7.26,2.604,1.076,3.049
-7.106,-11.505,-8.369,2.825,1.472,3.681
-8.467,-8.559,-10.303,3.076,0.587,4.03
-7.894,-4.678,-11.577,3.61,-0.694,3.813
-6.317,-2.192,-13.76,4.423,0.649,3.691
-3.916,-0.334,-17.895,4.431,-0.819,3.315
-0.638,1.889,-22.06,4.25,2.323,3.565
4.07,6.465,-25.014,1.016,2.041,3.486
2.805,8.081,-18.002,-1.606,1.61,0.821
3.138,9.612,-18.211,0.359,2.375,1.139
4.433,4.09,-18.127,1.458,2.201,0.334
5.199,-0.584,-19.306,1.15,1.568,-1.66
5.199,-3.203,-19.384,0.0,1.344,-3.358
3.1,-5.699,-18.54,-2.759,0.0,-4.337
-2.474,-14.953,-14.177,-4.299,-0.338,-4.337
-4.572,-19.435,-12.199,-4.299,-1.361,-4.337
-5.938,-19.435,-8.179,-4.299,-3.863,-4.337
-3.511,-19.435,-8.16,-4.299,-4.289,-2.018
-1.837,-19.435,-4.027,-3.82,0.459,-0.458
-1.925,-18.977,-2.807,-2.28,-0.843,-1.075
-2.691,-15.199,-1.555,1.881,0.972,0.183
