-1.322,-12.849,-7.625,0.0,-1.035,0.373
-0.525,-13.187,-7.96,1.031,-0.644,0.0
-2.792,-13.93,-7.012,2.719,1.365,0.743
-7.291,-17.025,-5.76,4.431,-0.382,0.674
-5.865,-11.403,-7.016,4.431,-0.76,-0.194
-6.585,-5.62,-5.615,3.313,2.089,0.4
-6.671,-2.195,-4.89,3.219,0.435,1.111
-2.126,-2.85,-5.385,4.431,0.481,1.555
-1.421,-1.949,-14.329,4.431,3.791,2.459
6.935,-1.64,-24.367,4.431,4.377,4.393
10.783,1.479,-26.175,1.765,2.237,-1.123
6.558,-1.6,-24.95,3.564,2.595,-3.02
7.208,-6.21,-27.462,0.244,0.775,-4.337
2.97,-10.829,-20.589,-4.299,-1.297,-4.337
-0.147,-19.435,-15.369,-4.299,-1.672,-4.337
-2.996,-19.435,-12.386,-4.299,3.067,-4.337
-8.984,-19.435,-6.721,-4.299,-1.389,-4.337
-4.822,-19.435,-6.92,-4.299,-1.615,-3.493
-4.847,-19.435,-2.947,-3.413,-1.531,-3.144
1.579,-19.435,-4.66,-2.787,1.087,-0.923
-6.269,-15.991,-4.43,0.192,2.28,-1.367
-1.137,-12.308,-10.621,2.772,3.981,-0.101
-1.228,-12.019,-12.973,2.819,4.377,0.0
-2.003,-10.084,-14.471,2.615,4.377,0.0
-2.185,-8.127,-14.489,1.373,4.377,0.539
