-5.806,-12.375,-8.43,2.103,1.655,1.639
-6.128,-10.68,-7.656,1.77,-0.595,1.367
-8.9,-10.921,-8.081,2.599,0.304,1.307
-11.103,-9.632,-11.123,4.431,-1.582,1.116
-9.719,-3.013,-10.434,2.765,1.793,2.614
-8.503,0.962,-10.665,2.872,2.532,4.393
-8.018,2.751,-13.457,3.949,0.47,4.393
-2.173,3.397,-12.094,3.006,3.755,4.393
8.43,1.249,-13.241,4.431,2.622,4.393
10.518,-0.662,-23.781,4.431,1.972,0.0
6.613,-3.237,-25.626,2.277,1.415,-4.215
3.322,-3.854,-23.142,-1.974,-0.118,-4.337
2.469,-8.618,-18.366,-4.299,-1.482,-4.337
1.226,-19.435,-14.57,-4.299,-0.974,-4.337
-4.66,-19.435,-3.458,-4.299,-0.988,-4.337
-6.762,-14.808,-8.422,-0.985,0.0,-1.505
-0.367,-18.32,-10.034,-3.864,1.8,-1.586
-4.719,-19.435,-4.854,-4.299,-0.87,-3.703
-3.142,-18.692,-8.248,-0.752,1.26,-1.355
-2.977,-15.07,-8.706,-0.839,3.64,-0.782
-3.383,-12.7,-6.769,1.464,4.377,1.623
-2.987,-9.636,-11.862,1.665,3.091,-0.398
-3.149,-9.341,-12.92,1.509,2.802,-0.142
-2.648,-9.338,-13.569,0.789,3.211,0.722
-2.417,-8.737,-12.898,-0.401,2.213,0.516
