-12.765,-16.908,-13.795,4.41,-0.929,-1.898
-12.403,-12.362,-12.637,3.246,2.438,2.544
-9.274,-10.403,-9.414,2.524,1.016,4.393
-2.879,-9.093,-11.627,4.431,-2.033,3.164
4.924,-5.104,-22.713,4.431,4.377,3.325
7.438,1.202,-25.563,4.431,4.377,1.396
7.775,-4.348,-21.532,3.41,2.698,-3.271
5.615,-10.544,-30.049,2.369,1.714,-4.337
0.824,-13.502,-21.425,-4.299,-2.134,-4.337
2.872,-19.435,-13.173,-4.299,-3.593,-4.337
0.622,-19.435,-13.608,-4.299,4.377,-4.337
-16.897,-19.435,-8.845,-3.501,-4.354,-4.337
3.624,-19.435,-8.926,-4.299,-0.155,0.404
-4.597,-19.435,-3.102,-2.676,1.778,-2.769
-2.367,-17.574,-9.306,1.201,-0.109,-2.13
-4.627,-15.446,-10.086,-0.399,4.015,-2.049
-9.822,-9.98,-11.724,0.899,3.873,-0.347
-5.308,-9.172,-11.367,-0.573,3.612,1.288
-2.424,-10.71,-10.019,-0.143,1.018,1.385
-1.314,-9.317,-11.398,0.362,0.334,0.566
-1.536,-8.784,-10.607,-0.428,0.171,0.211
-1.711,-8.979,-9.967,-0.394,-0.679,-0.252
-1.924,-9.612,-10.163,-0.109,-0.724,-0.43
-2.424,-9.729,-10.528,0.0,-0.387,-0.236
-1.914,-9.589,-10.514,0.0,-0.233,0.0
