-2.461,-9.283,-10.566,0.0,0.0,0.0
-3.541,-9.541,-10.116,0.0,-0.276,0.177
-5.972,-11.015,-9.09,-0.212,0.0,1.108
-9.795,-12.944,-8.583,0.169,0.424,1.725
-8.773,-14.609,-9.538,0.371,-1.228,3.223
-2.592,-15.132,-8.54,0.463,-1.132,3.377
-4.669,-14.045,-6.496,1.38,-0.851,3.265
-5.113,-10.887,-5.795,3.868,-0.875,1.935
-7.033,-8.091,-9.871,4.431,-1.47,0.569
-13.68,-7.02,-15.378,4.431,-1.35,-0.175
-13.427,-3.273,-23.866,4.431,1.312,3.41
2.069,-3.214,-20.969,4.431,2.98,4.393
8.156,1.419,-23.617,3.974,4.363,3.763
11.676,-1.266,-21.743,2.702,2.549,1.091
11.745,-4.181,-24.101,2.667,2.158,-4.186
0.176,-9.804,-25.019,1.524,0.794,-4.337
-0.888,-9.744,-24.101,-4.299,-2.537,-4.337
4.175,-19.435,-13.307,-4.299,-4.187,-4.337
2.746,-19.435,-1.893,-4.299,-0.757,-4.337
-11.587,-17.269,-3.007,-3.297,-1.231,-2.886
4.006,-17.949,-6.13,-3.133,1.759,-0.678
-2.826,-19.435,-4.432,-3.241,0.155,-3.205
-2.871,-17.809,-7.047,-1.34,0.173,-1.804
-2.564,-14.749,-8.956,-1.206,2.754,-1.055
-6.655,-11.677,-10.836,-0.123,3.039,-0.209
