-5.746,-12.067,-5.318,1.016,1.255,2.431
-7.282,-11.217,-5.585,2.349,1.011,2.422
-8.08,-8.937,-7.641,3.012,1.539,2.49
-9.485,-6.925,-9.22,3.168,1.174,2.643
-9.03,-3.866,-12.175,3.03,2.353,3.053
-10.982,-2.293,-14.084,3.289,-1.161,3.594
-7.167,1.662,-14.098,1.579,0.935,3.847
-4.038,4.17,-13.053,2.199,0.592,4.274
0.702,5.195,-14.924,2.332,1.802,4.028
4.815,5.436,-18.203,1.998,2.409,2.624
6.663,4.456,-19.148,2.032,2.358,0.579
5.06,4.851,-22.503,2.065,2.767,-1.52
3.548,3.512,-22.701,1.104,2.596,-2.977
3.548,1.453,-19.781,0.0,1.222,-2.188
5.108,-3.303,-19.044,-2.679,-0.12,-4.337
-1.316,-12.172,-14.726,-4.299,-1.689,-4.337
-1.646,-19.435,-5.789,-4.299,-4.354,-4.181
-2.736,-19.435,-2.302,-4.299,0.0,-3.096
-6.246,-18.076,-5.082,-2.706,-0.202,1.294
-1.586,-17.948,-5.651,-3.677,1.021,0.207
0.109,-17.488,-4.93,-2.489,-0.57,-0.871
2.339,-14.932,-4.262,-0.825,4.071,0.23
-0.411,-14.662,-8.944,2.588,4.377,-0.779
-2.047,-13.454,-13.479,3.628,4.377,-1.282
-2.103,-11.25,-14.616,2.008,4.377,-0.645
