-0.937,-9.018,-10.298,-0.543,-1.006,-0.126
-1.908,-9.267,-9.499,-0.35,-0.898,-0.286
-1.991,-10.069,-9.217,0.0,-0.172,0.0
-3.164,-10.576,-8.389,0.178,1.182,0.37
-2.543,-10.959,-7.894,0.711,1.895,1.063
-2.373,-11.146,-7.344,1.152,2.072,1.197
-4.019,-11.7,-6.989,1.73,1.318,1.17
-6.637,-13.563,-6.205,1.383,-0.236,0.571
-7.569,-14.269,-7.977,3.85,0.172,0.863
-7.834,-10.223,-12.669,4.215,2.586,2.076
-11.224,-4.804,-12.955,1.761,1.091,2.867
-11.523,-0.91,-12.531,1.981,-1.169,3.603
-9.86,2.33,-11.532,2.543,-0.196,4.393
-4.06,4.14,-6.972,2.326,-0.24,4.393
4.081,4.226,-13.222,4.431,0.631,4.393
5.896,3.794,-19.196,4.431,3.427,1.027
3.131,0.874,-26.448,0.584,3.726,-4.337
-3.325,-6.432,-18.94,-3.562,2.228,-4.337
-3.545,-16.577,-18.837,-4.299,2.963,-4.337
-5.387,-19.435,-17.276,-4.299,1.55,-4.337
-8.544,-19.435,-8.487,-4.299,-2.94,-4.337
-5.687,-19.435,-0.455,-4.299,-4.354,-2.573
-3.275,-19.435,-1.697,-3.58,-3.467,0.455
-1.926,-15.265,-6.987,0.0,-3.974,0.315
3.097,-10.095,-8.482,-1.204,-1.186,1.728
