-1.681,-9.529,-10.072,-0.169,-0.22,0.0
-1.519,-9.463,-9.971,0.0,-0.172,0.0
-1.708,-9.877,-9.81,0.0,0.0,0.0
-2.35,-9.963,-8.328,-0.187,0.464,0.443
-1.427,-11.302,-8.264,1.757,3.229,2.006
-1.282,-11.749,-8.44,2.041,3.554,2.073
-2.398,-12.011,-7.157,2.058,3.606,1.704
-4.481,-11.977,-7.729,2.181,2.001,1.352
-7.034,-11.858,-13.223,2.732,3.353,1.372
-11.344,-9.257,-19.108,1.336,4.377,4.026
-4.208,-6.726,-24.059,0.497,-1.622,4.393
-8.171,-5.435,-19.968,-1.29,0.617,4.393
1.77,-6.336,-17.804,-0.462,2.121,4.393
4.33,0.0,-14.939,-0.465,3.503,4.393
10.194,-0.458,-12.645,3.638,2.471,4.068
14.471,-3.754,-27.095,4.431,2.329,-2.711
4.321,-8.104,-25.112,0.779,1.842,-4.337
1.718,-8.025,-15.288,-4.299,-1.406,-4.337
1.801,-13.43,-13.261,-4.299,-2.443,-4.337
1.005,-19.435,-10.24,-4.299,-0.491,-4.337
-12.517,-19.435,-2.444,-4.299,-4.354,-4.337
2.622,-18.058,-7.086,-2.243,0.561,3.257
0.0,-19.435,-8.364,-1.755,3.029,-1.348
-3.328,-19.435,-8.03,-1.894,-0.329,-2.999
-2.648,-16.503,-4.898,0.529,4.377,1.214
