-1.92,-10.094,-10.401,-0.143,-0.314,0.261
-1.715,-10.243,-9.479,-0.102,0.323,0.632
-1.031,-10.595,-8.971,0.349,0.885,1.068
0.0,-10.723,-8.722,0.496,2.023,1.406
-2.143,-11.644,-7.205,1.018,2.838,1.339
-4.113,-13.259,-7.63,2.261,2.877,1.846
-3.038,-13.622,-9.432,3.759,3.461,2.341
-4.386,-12.441,-13.311,4.431,2.865,1.844
-7.678,-9.577,-14.398,3.75,3.469,2.232
-7.499,-4.725,-16.177,2.185,0.313,2.609
-11.821,-2.198,-15.178,1.71,0.68,2.722
-14.783,-0.39,-22.711,1.591,2.257,4.186
-6.295,0.314,-15.384,-0.324,2.55,4.393
1.312,2.707,-14.833,2.413,4.377,4.393
5.2,-0.695,-25.761,4.119,4.377,0.374
0.479,-3.457,-24.552,-0.29,3.635,-4.337
-3.377,-7.371,-19.821,-2.421,1.886,-4.337
-7.394,-8.833,-15.67,-4.299,-0.606,-4.337
-4.521,-19.435,-4.288,-4.299,-1.23,-3.721
-5.929,-19.435,-2.882,-4.299,0.863,-2.553
-5.938,-19.435,0.642,-4.299,0.278,-2.666
-4.427,-19.435,-3.128,-4.187,1.018,-2.02
-0.445,-19.435,-5.292,-3.52,1.229,-1.987
-1.885,-17.968,-6.806,-1.475,3.503,-1.738
-4.566,-13.58,-10.315,1.015,4.377,-1.032
