-1.31,-9.186,-9.338,0.0,0.221,0.404
-0.958,-9.634,-9.117,0.192,0.727,0.153
-1.078,-10.35,-9.241,0.692,1.391,0.167
-0.498,-10.871,-8.882,0.907,1.844,0.326
0.118,-10.928,-8.772,1.412,2.621,0.289
0.0,-12.736,-8.596,2.029,2.959,0.174
-2.989,-13.583,-10.399,3.463,3.972,-0.106
-6.072,-12.26,-12.613,4.014,4.377,0.742
-6.953,-10.486,-13.115,3.677,4.377,1.756
-10.546,-7.433,-15.282,2.936,2.663,2.242
-14.09,-8.794,-18.254,1.152,4.377,4.393
-11.794,-4.02,-21.309,-2.399,2.541,4.393
-7.533,-1.819,-14.656,-3.972,2.031,4.393
-2.479,1.98,-11.871,-1.761,2.625,4.04
-0.767,3.975,-12.716,-0.654,3.832,2.039
-2.203,5.081,-12.494,-1.892,3.523,0.764
1.207,5.972,-10.151,-0.704,2.921,0.197
0.731,4.342,-11.346,1.83,2.672,-1.209
-0.6,3.846,-11.316,0.661,0.587,-1.947
-0.5,-1.283,-14.759,-1.168,0.359,-4.337
-6.85,-13.153,-10.612,-4.299,-1.228,-4.337
-2.887,-19.435,-6.988,-4.299,-2.302,-3.827
-7.349,-19.435,-2.838,-4.299,1.414,-4.148
-3.574,-19.435,-7.071,-2.297,1.101,-1.366
-2.074,-19.217,-7.14,-0.35,4.377,-1.229
