-2.818,-11.43,-9.015,-0.481,-0.25,1.687
0.16,-13.193,-6.175,-0.709,1.659,3.398
-2.092,-15.136,-0.172,2.153,3.854,2.608
-3.138,-17.349,-9.171,4.431,2.196,1.165
-7.112,-15.683,-15.513,4.431,4.377,1.438
-12.188,-9.896,-16.324,3.318,1.612,3.006
-9.262,-9.567,-17.452,2.328,0.814,3.721
-9.666,-6.735,-17.298,0.757,2.536,4.393
-8.113,-4.418,-12.417,1.576,2.825,4.393
7.717,-1.451,-14.647,4.068,3.605,4.393
7.834,-0.124,-21.095,4.431,4.377,-0.982
6.293,-4.117,-23.243,3.491,3.178,-4.337
1.862,-9.508,-26.244,-1.098,0.17,-4.337
-0.947,-17.433,-17.482,-4.299,-2.65,-4.337
5.854,-19.435,-9.863,-4.299,-3.723,-4.337
-0.682,-19.435,-3.854,-4.299,-4.286,-4.133
2.621,-19.435,-5.716,-3.982,0.818,1.441
1.364,-19.435,-2.728,-2.901,1.957,-1.38
-1.751,-17.042,-8.234,-0.233,0.893,-1.364
-2.736,-14.346,-8.685,-0.217,4.377,-0.909
-4.554,-11.95,-11.452,1.914,4.377,-0.922
-3.115,-10.489,-13.271,2.183,3.499,-0.454
-3.224,-9.276,-14.413,0.927,4.377,0.477
-2.419,-9.075,-13.168,-0.595,4.019,1.069
-1.926,-8.833,-11.092,-1.426,0.338,0.377
