-9.392,-11.602,-9.8,2.904,2.593,4.393
-6.876,-9.187,-10.996,3.112,1.479,4.393
-3.554,-6.477,-13.919,4.164,1.461,4.393
-2.926,-2.302,-18.407,3.38,1.01,4.163
-1.237,1.207,-20.684,2.373,0.182,2.579
-2.551,2.557,-22.961,1.048,-0.318,1.969
-2.24,2.925,-23.861,-0.75,0.922,2.181
-1.216,4.341,-20.559,-1.491,1.077,2.443
0.0,7.005,-18.245,-1.881,1.078,2.222
3.191,7.382,-13.128,-0.269,2.652,2.11
7.704,4.482,-16.351,1.886,2.767,0.377
5.617,-0.633,-19.316,1.576,2.185,-3.191
2.719,-3.517,-19.772,-0.647,0.52,-4.337
1.601,-9.942,-16.915,-3.887,0.244,-4.337
-4.375,-19.435,-13.082,-4.299,0.0,-4.337
-5.648,-19.435,-10.641,-4.299,-2.018,-4.337
-7.35,-19.435,-9.003,-4.299,-2.994,-4.337
-14.82,-19.435,-5.798,-2.45,-2.459,-3.774
-3.268,-18.834,-5.94,-3.437,-2.315,0.882
1.309,-15.044,5.214,0.787,-0.727,0.156
1.255,-9.318,-9.198,2.122,0.624,0.687
0.93,-10.107,-10.527,3.028,3.045,-0.376
0.557,-11.595,-12.739,3.401,4.377,-0.796
-0.918,-11.221,-14.123,2.956,4.377,-1.144
-2.242,-10.175,-13.101,1.601,3.78,-0.918
