-9.28,-7.788,-19.378,2.935,2.689,3.61
-9.098,-4.198,-21.689,-1.011,2.952,4.072
-5.836,-1.51,-17.815,-2.259,2.52,3.587
-1.994,0.962,-17.755,-1.597,2.842,2.51
1.416,1.699,-16.821,-1.065,3.501,1.421
1.378,3.883,-15.932,-0.407,3.738,0.105
1.638,2.18,-18.805,0.61,4.377,-2.327
2.398,0.848,-19.934,-0.113,1.683,-2.687
0.0,-2.574,-14.125,-2.625,-0.289,-4.337
-3.079,-7.367,-12.531,-4.299,-1.333,-4.337
-7.645,-15.238,-9.393,-4.299,-1.814,-4.337
-7.313,-17.844,-7.284,-4.299,-1.603,-3.333
-6.013,-19.435,-7.221,-4.299,0.177,-2.155
-5.168,-19.435,-4.222,-3.505,-0.505,-1.732
0.0,-16.343,-4.205,-1.464,1.459,-0.751
-3.252,-14.164,-7.629,0.47,-0.39,-1.74
-2.871,-12.482,-9.715,0.325,2.97,-1.591
-3.414,-12.417,-9.277,1.606,3.897,-0.92
-4.056,-10.124,-12.635,1.351,3.216,-0.545
-3.322,-9.907,-12.902,0.821,4.129,0.256
-2.711,-8.998,-12.823,0.483,3.326,0.897
-1.863,-8.825,-12.214,-0.322,1.419,0.513
-1.743,-8.929,-10.879,-1.156,-0.266,0.0
-1.842,-9.27,-10.095,-1.082,-0.856,-0.358
-5.932,-10.502,-7.373,-0.621,-1.352,-0.256
