-2.313,-10.125,-9.343,0.0,0.644,0.378
-2.15,-10.88,-8.152,0.333,1.806,1.136
-1.237,-12.019,-7.144,0.923,2.588,1.372
-5.1,-13.361,-6.77,2.316,2.679,1.61
-6.863,-13.386,-8.452,3.344,1.885,2.261
-9.224,-10.58,-9.543,2.839,1.748,2.861
-12.755,-10.585,-8.85,2.86,0.845,3.506
-9.179,-9.799,-13.298,4.012,0.889,4.393
-5.258,-5.911,-13.861,3.466,1.596,4.393
1.268,0.224,-14.899,3.48,2.352,4.393
5.66,0.767,-16.826,3.754,3.681,4.393
10.868,2.097,-26.1,2.807,3.218,0.384
7.803,1.891,-23.934,1.456,3.14,-2.194
6.584,-3.613,-25.697,1.3,1.52,-4.337
2.556,-9.627,-21.521,-4.254,-1.643,-4.337
1.039,-19.435,-11.67,-4.299,-3.229,-4.337
-1.095,-19.435,-7.612,-4.299,-3.057,-4.337
-5.121,-18.362,-5.479,-4.299,-0.675,-2.597
-3.522,-19.435,-6.332,-4.299,1.118,-0.901
-3.947,-19.435,-3.328,-3.889,0.455,-1.697
-4.701,-18.962,-6.785,-1.778,0.999,-1.506
-5.314,-14.525,-7.48,-0.267,1.56,-1.15
-3.205,-11.794,-9.421,1.016,2.53,-0.487
-2.933,-11.607,-9.277,2.592,4.377,0.317
-3.446,-9.1,-13.208,2.636,2.102,-0.946
