-1.962,-9.407,-10.443,0.0,0.0,0.0
-1.939,-9.399,-10.519,0.0,0.0,0.0
-1.902,-9.701,-9.789,0.0,0.23,0.137
-1.888,-10.462,-9.506,0.259,0.937,0.507
-1.235,-10.905,-9.008,0.329,1.921,1.224
0.0,-11.207,-8.19,0.709,2.553,1.672
1.239,-11.59,-7.976,1.599,3.132,1.295
-1.016,-13.042,-9.116,3.452,4.226,1.066
-4.732,-14.175,-12.549,4.431,4.119,1.044
-9.305,-14.031,-14.218,3.956,2.244,1.554
-6.408,-8.616,-12.398,1.75,1.717,3.121
-10.868,-6.02,-14.89,2.939,2.221,3.569
-15.471,-6.644,-19.265,3.256,0.507,4.393
-6.996,0.0,-13.814,-1.212,3.414,4.393
2.62,1.37,-7.851,2.361,3.24,4.393
7.869,0.786,-15.381,4.431,4.377,2.146
8.487,-2.321,-26.014,4.431,3.021,-3.616
0.16,-6.179,-24.23,-0.555,1.215,-4.337
-1.349,-6.933,-18.045,-4.299,-0.861,-4.337
-0.716,-14.651,-11.926,-4.299,-2.454,-4.337
-0.73,-19.435,-9.12,-4.299,-1.358,-4.337
-4.398,-19.435,-5.419,-4.299,-1.057,-3.503
-3.798,-17.635,-5.66,-2.707,0.418,-0.393
-1.158,-16.746,-7.958,-1.871,0.491,-0.56
-1.235,-16.49,-7.262,-3.166,0.423,-1.48
