-2.578,-9.617,-10.83,0.227,0.121,0.0
-3.225,-9.367,-10.369,0.217,0.647,0.679
-2.564,-10.379,-9.64,0.271,1.044,1.314
-2.884,-10.907,-8.826,0.778,2.232,1.577
-3.354,-11.221,-7.827,0.998,1.92,1.817
-3.879,-11.183,-7.703,1.769,1.973,1.857
-4.075,-11.207,-7.568,2.786,2.944,2.026
-6.158,-9.907,-8.754,3.684,1.97,1.799
-7.884,-9.611,-11.567,4.4,1.418,1.632
-10.635,-11.06,-14.362,4.431,1.557,1.654
-9.534,-1.938,-22.91,2.879,1.969,2.588
-10.442,-0.848,-14.84,1.268,1.261,4.393
-6.561,3.239,-16.265,1.063,2.216,4.393
-2.501,4.542,-19.172,1.041,4.377,3.93
2.117,4.612,-16.407,1.685,4.377,3.006
8.447,1.579,-18.788,4.431,2.961,-0.657
2.652,-4.599,-26.369,1.741,2.384,-4.337
1.172,-7.032,-20.693,-4.299,-1.562,-4.337
4.699,-19.435,-17.884,-4.299,-3.542,-4.337
-2.753,-19.435,3.154,-4.299,-4.354,-4.337
-4.646,-13.576,-6.64,-0.472,0.399,0.645
-3.061,-17.255,-10.712,-4.216,4.377,-2.011
-4.989,-19.435,-1.872,-4.299,-1.807,-4.016
-3.171,-19.435,-7.039,-1.49,2.301,-1.134
-3.345,-16.186,-8.606,-0.704,3.273,-1.007
