-1.922,-10.481,-8.059,0.218,0.0,0.0,1.169,-0.257,0.698,0.308,0.286,-0.221
-4.429,-10.891,-7.486,0.255,-0.237,0.471,1.779,-1.211,1.039,0.112,0.557,0.0
-3.538,-11.535,-7.212,0.394,0.358,1.643,-1.567,-1.726,5.201,0.15,0.9,0.173
-4.249,-9.899,-7.455,0.709,-0.143,1.618,18.907,-4.651,8.19,1.305,0.355,-1.206
-5.743,-8.803,-7.184,0.833,0.779,1.13,11.864,-5.703,8.214,3.566,0.55,-4.003
-8.775,-6.229,-7.841,0.917,1.271,1.988,3.561,-0.137,1.46,3.58,1.136,-4.352
-7.461,-2.887,-6.887,0.645,0.0,2.808,4.119,4.371,2.685,2.387,1.27,-2.985
-5.903,-1.684,-6.964,0.289,0.0,2.406,7.721,2.318,3.985,0.753,0.705,-2.164
-9.089,-2.11,-5.734,0.224,-0.315,2.131,6.304,4.122,5.934,0.318,1.627,-2.136
-13.605,1.942,-7.009,0.721,0.929,2.1,3.187,9.421,8.392,0.325,0.999,-2.078
-16.854,9.696,-5.373,0.0,-0.541,4.332,0.443,11.721,7.459,0.293,0.137,-1.264
-4.313,14.13,-9.851,0.0,-0.833,2.89,0.0,11.812,7.256,0.0,-0.111,0.0
-0.122,2.681,-4.774,0.168,-0.97,-0.795,4.248,12.477,9.799,-0.332,-0.416,0.657
-2.342,-15.372,-3.209,-0.757,-1.889,-2.069,5.838,12.458,13.994,-0.271,0.145,0.348
-11.914,-6.557,-3.336,1.764,-1.413,-4.373,4.206,12.199,12.307,0.0,-0.15,-0.104
-6.36,1.691,-6.508,-0.779,-1.557,3.225,2.227,11.129,9.371,0.106,-0.209,0.23
-0.774,2.622,-4.278,-0.116,-0.846,0.225,4.244,9.577,7.432,-0.161,-0.994,0.922
-4.362,-2.119,-6.541,-1.325,0.497,0.841,2.277,8.458,4.747,-0.607,-1.198,2.116
-2.461,-6.081,-5.916,-2.348,0.0,1.647,1.433,7.497,2.708,-1.663,-2.629,3.305
-0.179,-2.986,-6.504,-3.734,0.0,0.516,5.099,3.291,0.0,-2.315,-1.145,4.378
-0.95,-3.849,-5.211,-3.384,2.595,-2.359,7.328,-2.882,4.202,-3.099,-3.209,4.378
-8.495,-9.728,-2.087,-2.871,3.693,-4.373,17.094,-9.465,1.571,-1.919,-0.67,3.713
-13.059,-15.348,-2.478,-0.485,2.314,-4.373,11.553,-6.283,6.964,-0.725,0.551,0.45
-7.268,-14.439,-3.462,-0.562,0.439,-2.707,1.406,-1.685,1.679,-0.175,-0.494,0.137
-4.19,-14.714,-6.295,-0.858,1.801,-2.652,1.262,0.399,-0.62,-0.187,0.0,0.228
