-2.556,-9.159,-8.879,0.0,0.0,0.0,0.0,0.178,-0.359,0.0,0.0,0.0
-2.766,-9.22,-8.944,0.0,0.0,0.0,0.119,0.159,-0.341,0.0,0.0,0.0
-2.515,-9.115,-8.987,0.0,0.0,0.0,0.145,0.148,-0.278,0.0,0.0,0.0
-2.494,-9.175,-8.931,0.0,0.0,0.0,0.157,0.151,-0.201,0.0,0.0,0.0
-2.555,-9.143,-8.909,0.0,0.0,0.0,0.307,0.167,-0.182,0.0,0.0,0.0
-2.44,-9.232,-8.846,0.0,0.0,0.0,0.167,0.113,-0.121,0.0,0.0,0.0
-2.672,-9.099,-8.833,0.0,0.103,-0.139,0.0,0.0,-0.145,0.0,0.0,0.0
-2.807,-9.112,-9.012,0.0,0.0,-0.118,0.206,0.0,0.0,0.114,0.0,0.0
-3.437,-9.304,-8.558,0.0,-0.384,-0.121,0.193,0.0,0.0,0.168,0.0,0.0
-6.959,-10.746,-6.11,-1.263,-1.07,-0.14,0.531,0.0,0.175,0.252,0.0,-0.139
-12.059,-17.541,1.846,-1.065,0.148,0.18,0.0,-0.148,0.237,0.34,0.154,-0.249
-7.385,-19.298,-3.027,4.436,-1.025,1.894,0.961,-0.146,0.605,0.254,0.378,0.0
-4.342,-15.726,-9.2,4.436,-0.925,2.147,0.761,-0.249,0.862,0.0,0.508,0.174
-1.489,-10.47,-8.435,4.306,-1.485,2.33,0.692,-0.499,4.843,-0.84,1.461,1.417
-0.759,-5.27,-8.739,3.45,-2.052,0.877,-1.773,-2.754,7.304,-0.197,-0.277,2.073
-0.477,-1.512,-7.907,2.265,-1.308,0.141,5.59,-5.981,7.363,2.109,0.805,-1.25
-1.041,2.072,-6.054,1.403,0.153,0.252,0.121,-4.795,0.314,2.247,0.193,-1.958
0.648,3.486,-5.271,0.666,-0.335,0.211,0.361,-3.199,-0.13,2.113,0.548,-1.915
-0.514,3.096,-3.341,0.0,0.0,-0.327,-0.268,-1.745,0.492,1.957,0.76,-2.052
-1.764,3.219,-1.393,-0.506,0.139,-0.205,2.537,-1.555,2.75,1.847,-2.041,-2.855
-0.741,2.924,-0.186,-0.398,0.346,0.1,5.566,-0.64,0.574,1.483,0.438,-3.103
-1.082,2.175,0.0,-0.435,0.457,0.101,-0.978,3.909,3.657,0.886,1.828,-2.062
-1.402,1.477,-0.911,-0.401,0.179,0.357,-1.999,8.583,4.096,-0.308,-0.276,-0.365
-2.766,-0.499,-2.793,-0.992,-0.318,1.279,-1.045,7.813,3.962,-1.898,-1.518,1.791
-1.6,-3.57,-6.198,-2.268,0.79,1.59,-1.514,1.789,3.235,-2.976,-1.197,3.976
