-2.015,-9.34,-8.637,0.0,0.0,0.0,1.105,0.162,0.108,0.0,0.0,0.0
-2.028,-9.295,-9.019,0.0,0.0,0.0,1.062,0.221,0.174,0.0,0.0,0.0
-1.799,-9.288,-9.112,0.0,0.0,0.0,1.085,0.166,0.199,0.0,0.0,0.0
-1.874,-9.164,-8.904,0.0,0.0,-0.107,1.14,0.16,0.191,0.0,0.0,0.0
-2.138,-9.363,-8.69,0.0,0.0,-0.148,1.028,0.141,0.268,0.0,0.0,0.0
-2.509,-9.389,-8.902,0.0,-0.367,-0.245,0.963,0.0,0.438,0.0,0.114,0.0
-6.609,-11.107,-7.698,-1.859,-1.421,-0.539,0.946,0.0,0.495,0.0,0.0,0.0
-10.768,-19.298,-1.523,-2.078,-2.145,-1.455,1.287,0.0,0.0,0.103,0.205,0.0
-9.998,-19.298,-4.484,3.309,-1.768,2.163,0.384,0.0,0.885,0.0,0.459,-0.106
-3.736,-18.068,-10.269,4.436,-2.282,2.115,1.772,-0.201,3.849,-0.3,-0.203,0.506
-0.757,-13.159,-11.029,4.436,-1.359,2.451,3.837,0.126,5.693,-0.255,0.355,2.199
1.131,-9.534,-12.57,4.436,0.0,1.63,18.907,-6.874,8.902,1.239,1.336,-0.966
1.794,-1.684,-12.211,3.006,-0.822,0.763,4.18,-9.793,2.22,2.425,1.39,-2.825
-0.359,1.802,-7.93,0.785,-0.267,0.0,1.368,-7.335,0.0,2.577,1.851,-2.543
-1.451,2.39,-4.438,-0.277,-0.611,0.222,0.333,-2.804,-0.955,2.592,1.893,-2.279
0.625,2.46,-2.32,-0.795,-0.608,0.0,-3.535,3.22,-0.875,1.666,0.463,-1.576
-1.755,1.591,-0.741,-0.702,-0.455,0.0,-4.502,5.455,-1.134,0.567,-1.094,-0.397
-5.727,-1.634,-2.445,-1.038,-3.161,0.818,-2.899,5.049,-2.395,-0.597,-1.208,0.916
1.943,-8.137,-4.479,-0.314,-2.427,3.657,-0.616,0.858,-2.083,-1.475,-0.151,2.133
3.038,-5.97,-6.289,-0.66,1.387,2.212,0.0,-5.436,-2.478,-2.792,0.191,2.873
1.346,-3.486,-7.206,-3.758,3.582,0.928,2.183,-9.846,2.553,-3.513,0.788,3.134
-1.564,-7.356,-3.556,-3.949,4.375,-1.176,10.042,-9.034,17.231,-1.615,-3.068,0.534
-9.931,-9.303,-1.014,-2.185,4.375,-2.08,8.131,-1.909,2.848,0.578,-3.508,-1.461
-11.958,-12.45,-2.683,-1.161,2.855,-2.417,-1.334,5.003,-2.651,-0.363,-0.28,0.128
-6.879,-13.287,-2.02,0.0,1.317,-1.288,0.579,1.38,7.862,0.163,1.344,-0.495
