-0.104,-5.203,-4.624,-3.83,0.199,1.849,0.175,0.0,0.528,0.0,0.0,0.0
-0.477,-5.963,-3.237,-3.479,0.552,1.753,0.232,0.0,0.567,0.0,0.0,0.0
-1.947,-9.594,-8.937,0.0,0.645,0.0,0.233,0.0,0.595,0.0,0.0,0.0
-2.427,-9.207,-9.303,0.14,0.399,0.0,0.109,0.0,0.605,0.0,0.0,0.0
-2.247,-9.425,-9.317,0.0,-0.525,0.0,0.106,0.0,0.677,0.118,0.0,0.0
-1.59,-9.341,-9.752,0.0,-0.673,0.0,0.0,0.0,0.715,0.172,0.0,0.0
-1.455,-9.334,-9.693,0.0,-0.235,0.0,0.0,-0.147,0.887,0.262,0.0,0.0
-1.987,-9.348,-9.487,0.0,-0.294,0.0,0.291,-0.217,1.264,0.329,0.0,-0.183
-2.355,-9.451,-8.857,0.0,-0.537,0.0,0.472,-0.235,0.71,0.389,0.25,-0.274
-3.158,-9.718,-8.217,-1.018,-1.755,-0.562,0.8,-0.663,2.841,0.0,0.477,0.0
-7.27,-15.942,-1.096,-1.306,-1.278,-0.865,2.814,0.418,1.426,-0.611,0.525,0.824
-5.884,-18.766,-4.9,2.607,0.327,2.277,-0.834,-2.078,7.084,-0.799,1.491,2.021
-5.356,-16.843,-7.311,2.843,0.193,2.395,11.476,-5.111,9.54,0.781,-0.568,-0.589
-4.576,-14.443,-6.329,4.36,-1.488,2.271,1.769,-5.559,2.271,2.031,0.56,-2.154
-2.712,-12.008,-8.732,4.436,-0.767,2.28,0.0,-4.455,0.133,2.252,0.937,-2.134
-1.361,-4.834,-8.262,2.662,-0.588,2.272,-0.623,-2.075,-0.284,2.02,0.693,-2.149
1.305,-1.799,-6.836,2.107,0.262,1.359,-0.848,1.824,-0.258,1.287,0.249,-1.714
-1.175,2.397,-7.335,1.284,0.313,0.893,-0.256,4.856,2.714,0.24,1.325,-0.5
-0.928,3.298,-4.279,0.0,-0.259,0.158,0.597,3.757,7.883,-0.488,0.126,0.152
-2.636,4.262,-3.63,0.0,-0.199,0.0,3.618,1.833,8.74,-0.352,-0.623,0.355
-2.822,4.171,-2.18,0.0,-0.32,0.114,4.277,1.568,7.585,0.11,-0.305,0.0
-3.017,3.912,-1.545,-0.298,0.0,0.0,1.605,2.614,5.324,0.216,-0.438,0.0
-3.533,3.285,-1.378,-0.175,0.116,0.0,1.186,2.913,2.932,-0.274,-0.646,0.529
-2.768,2.92,-2.998,-0.613,0.0,0.0,0.965,1.095,1.179,-0.935,-0.517,1.086
-2.256,1.106,-4.762,-0.955,-0.126,0.194,2.562,-0.452,2.004,-1.51,-1.181,1.278
