-1.655,-9.293,-9.073,0.0,-0.448,0.12,0.865,0.175,-0.154,0.0,0.0,0.0
-1.543,-9.278,-9.143,0.0,-0.181,0.0,0.783,0.192,-0.127,0.0,0.0,0.0
-1.517,-9.294,-9.054,0.0,0.0,0.0,0.771,0.165,-0.108,0.0,0.0,0.0
-1.726,-9.366,-8.949,0.0,0.13,0.0,0.806,0.191,0.0,0.0,0.0,0.0
-2.092,-9.294,-8.799,0.0,0.0,0.0,0.763,0.123,0.0,0.0,0.0,0.0
-1.877,-9.432,-8.975,0.0,-0.112,0.0,0.757,0.0,0.0,0.0,0.115,0.0
-2.107,-9.443,-8.839,0.0,-0.304,-0.146,0.639,0.148,0.104,0.0,0.0,0.0
-2.12,-9.621,-8.023,0.0,-1.023,0.0,0.859,0.122,0.0,0.0,0.107,0.0
-1.787,-9.747,-9.305,0.0,-0.652,-0.109,0.851,0.125,0.224,0.0,0.123,0.0
-8.594,-11.486,-4.126,-0.644,-1.893,0.206,0.97,0.0,0.0,0.0,0.28,0.0
-12.757,-17.566,0.576,-1.039,0.0,0.948,1.206,-0.802,1.967,0.0,0.473,0.0
-13.24,-19.298,-1.831,2.964,-1.016,2.651,2.243,-0.559,3.69,-0.554,0.267,1.717
-5.713,-18.267,-10.309,4.436,-2.456,2.891,18.907,-6.336,8.388,0.0,-0.559,0.481
1.387,-14.083,-11.165,4.436,-0.799,3.361,6.339,-7.341,4.321,2.043,0.35,-2.727
3.455,-7.596,-11.743,4.169,-1.622,1.404,3.962,-9.846,1.047,2.328,1.442,-2.559
-0.337,0.844,-10.844,1.723,-0.244,0.0,2.599,-7.965,0.0,2.835,2.664,-2.477
1.232,3.108,-7.491,0.0,0.128,0.692,-0.53,-2.855,-0.924,2.938,1.757,-2.502
0.837,2.988,-1.773,-0.326,0.0,-0.277,-2.766,3.713,-1.834,1.987,-0.332,-1.945
-3.375,3.975,-1.68,0.0,-0.204,-0.417,-1.349,7.042,-2.162,0.618,-0.775,-0.679
-3.398,3.377,0.389,-0.482,-0.282,0.146,0.393,5.054,-0.689,-0.305,0.319,0.277
-4.248,2.849,-0.568,0.0,0.0,-0.1,-0.976,3.546,1.22,-1.92,-0.477,1.594
-3.594,0.704,-2.237,-0.391,-0.296,0.56,-1.167,-3.041,0.162,-3.47,-0.956,3.613
-2.223,-2.234,-3.581,-0.949,0.471,1.191,2.785,-9.846,-1.447,-4.309,-2.949,4.378
-2.54,-1.812,-4.901,-1.503,0.447,1.125,15.243,-9.846,6.039,-2.924,-1.887,2.915
-1.979,-1.358,-6.498,-1.992,3.168,0.177,9.425,-0.63,9.507,-0.27,-1.191,-0.651
