-7.463,-8.742,-3.661,-1.581,3.616,-0.357,-4.575,-2.383,3.318,0.343,1.06,-0.487
-4.922,-9.789,-6.526,0.195,3.182,-0.436,0.458,0.0,0.286,0.0,0.0,0.0
-3.299,-9.311,-9.6,0.0,-1.133,0.106,0.387,0.0,0.298,0.0,0.0,0.0
-1.853,-9.401,-9.499,0.0,-1.843,0.118,0.369,0.0,0.368,0.0,0.0,0.0
-1.601,-9.428,-9.096,0.0,-0.775,0.0,0.518,0.0,0.253,0.0,0.0,0.0
-1.685,-9.47,-9.455,0.0,-0.178,0.0,0.259,0.0,0.383,0.0,0.0,0.0
-1.626,-9.531,-8.971,0.0,-0.928,-0.215,0.319,0.0,0.512,0.0,0.0,0.0
-4.014,-10.305,-5.727,-1.406,-2.625,-1.046,0.369,0.0,0.622,0.0,0.129,0.0
-7.337,-14.569,-3.307,-0.506,-2.96,-0.944,0.308,0.0,0.715,0.0,0.216,0.1
-1.707,-16.265,-4.05,2.34,-0.277,1.712,0.449,-0.381,0.962,-0.136,0.443,0.319
-3.186,-16.834,-4.121,3.536,-1.372,1.377,-0.639,-2.051,4.783,-0.44,0.376,1.041
-0.63,-14.084,-6.219,4.436,-0.999,0.974,3.659,-2.821,6.789,0.0,-1.241,1.436
-2.023,-10.738,-5.649,4.152,-0.724,0.35,7.108,-5.489,5.539,2.257,2.029,-1.629
-1.612,-5.812,-8.523,3.903,1.416,0.857,1.514,-9.019,2.441,2.93,0.0,-3.084
0.111,-0.235,-6.25,0.767,0.25,1.516,2.054,-7.131,1.201,3.155,0.296,-3.455
2.385,-0.2,-4.1,1.292,0.0,-0.262,0.369,-2.215,0.504,2.912,0.754,-3.192
-2.762,1.675,-5.541,0.845,0.648,-0.272,-1.476,4.899,1.109,1.698,1.055,-1.691
-1.878,1.59,-2.882,-0.137,0.0,0.402,-1.765,6.586,0.768,0.195,-0.119,-0.529
-1.025,2.332,-2.589,-0.347,0.0,-0.191,-1.609,5.977,1.852,-0.942,0.0,0.719
-1.257,1.286,-2.438,-0.689,-0.441,-0.301,-1.186,3.254,-0.488,-2.379,-2.578,2.143
-2.755,-0.211,-6.232,-1.82,-1.471,-0.107,-1.015,-7.012,-2.425,-3.333,-1.045,4.378
-1.814,-5.239,-6.422,-3.042,-2.034,0.923,4.036,-9.846,3.122,-3.818,0.242,4.378
0.606,-8.157,-6.598,-3.057,-0.911,1.725,9.058,-5.662,11.173,-1.357,-1.083,0.46
-1.242,-10.174,-6.794,-3.949,1.935,1.066,18.595,-4.634,8.813,0.0,-1.782,-1.361
-4.647,-10.913,-4.778,-4.294,2.509,0.389,0.604,0.417,4.03,0.22,-0.407,-0.626
