-1.199,-4.956,-3.643,-3.638,3.436,-4.209,0.397,0.181,-0.117,0.0,0.0,0.0
-0.789,-9.093,-7.264,0.0,0.0,0.0,0.284,0.108,-0.126,0.0,0.0,0.0
-0.722,-9.098,-7.209,0.0,0.0,0.0,0.329,0.137,0.0,0.0,0.0,0.0
-0.982,-8.947,-7.273,0.0,-0.111,0.0,0.47,0.0,0.0,0.0,0.0,0.0
-0.94,-9.045,-7.161,0.0,-0.152,0.0,0.38,0.0,0.143,0.0,0.154,0.0
-1.756,-9.45,-6.65,0.0,-0.228,0.0,0.0,0.0,0.0,0.193,0.16,0.0
-6.799,-11.285,-4.505,0.617,-0.961,0.655,0.0,-0.299,-0.117,0.372,0.182,-0.363
-8.949,-16.442,-2.429,0.829,-0.296,3.486,1.229,-1.464,0.699,0.298,0.726,-0.268
-11.209,-19.298,-0.254,1.798,0.417,4.357,-2.472,-4.815,4.693,0.232,1.093,-0.121
-2.591,-11.852,-6.557,2.159,-2.372,4.357,18.581,-4.483,6.578,1.1,0.57,-1.464
-0.626,1.419,-8.549,2.3,-1.565,2.599,8.474,-1.294,7.64,2.668,1.741,-3.092
-1.811,4.257,-7.124,2.386,-2.386,2.155,8.409,1.952,4.142,2.821,1.06,-3.479
-0.79,7.598,-10.547,2.337,-1.371,1.727,5.049,4.177,5.025,2.562,1.761,-3.058
-0.152,11.869,-10.0,1.151,0.148,0.843,6.659,6.409,6.304,2.048,1.679,-2.227
-2.357,15.935,-7.068,-0.524,-1.079,0.352,5.568,5.494,6.548,1.406,0.393,-1.632
1.945,2.596,-2.089,0.217,-2.134,-0.562,4.767,4.935,5.637,0.576,0.0,-1.305
3.946,-19.298,8.33,-3.138,-1.496,-4.031,3.361,3.931,5.979,0.102,0.566,-0.748
-7.684,-1.664,1.387,1.764,2.242,4.357,2.911,4.589,6.872,-0.447,-0.413,-0.854
14.953,2.805,-8.691,-2.316,0.0,-0.542,1.295,8.627,6.234,-1.165,-1.237,0.384
-2.551,-1.274,-2.69,-1.101,1.489,-0.533,-2.253,8.058,4.027,-2.039,-2.117,3.115
0.139,-6.001,-4.962,-1.62,-0.185,1.783,2.089,2.676,-1.076,-2.964,-3.068,4.378
1.943,-3.16,-7.392,-1.43,1.737,0.559,7.86,-6.135,1.239,-3.776,-3.952,4.378
1.854,-2.458,-5.767,-2.42,2.766,-2.024,18.907,-9.846,2.588,-2.208,-1.779,4.378
-9.569,-6.217,-3.412,-2.462,4.375,-4.373,-12.07,-5.371,2.051,0.265,3.113,-0.183
-13.04,-10.952,-0.939,-1.683,2.304,-4.365,5.354,2.369,-3.543,-0.177,0.0,0.113
