-8.556,-0.734,-7.527,-3.269,3.187,-2.419,0.528,0.162,-0.164,0.0,0.0,0.0
-2.223,-9.131,-10.583,0.0,-1.273,-0.128,0.411,0.124,-0.121,0.0,0.0,0.0
-2.542,-9.206,-10.157,-0.2,-0.346,-0.196,0.531,0.141,-0.115,0.0,0.0,0.0
-2.59,-9.449,-8.904,0.0,-0.44,0.0,0.517,0.123,-0.144,0.0,0.0,0.0
-2.038,-9.3,-9.2,0.0,-0.418,0.0,0.634,0.118,0.0,0.102,0.0,0.0
-2.168,-9.262,-9.502,0.0,-0.325,0.0,0.716,0.149,0.251,0.104,0.0,0.0
-2.104,-9.543,-9.522,0.0,-0.105,0.0,0.715,0.0,0.1,0.119,0.149,0.0
-2.092,-9.212,-9.402,0.0,0.0,-0.148,0.422,-0.122,0.359,0.203,0.233,-0.115
-9.168,-12.19,-8.019,-1.926,2.577,-1.457,0.609,-0.178,0.313,0.241,0.23,-0.242
-20.381,-19.298,-8.676,-1.414,-0.16,2.724,1.714,-0.326,3.545,0.0,0.529,0.0
-10.022,-19.298,-14.324,1.368,-1.862,4.357,1.775,-0.764,2.781,-0.545,0.0,1.257
-5.922,-14.163,-11.569,2.173,-4.043,3.557,13.282,-5.91,6.376,-0.488,-0.735,1.525
-0.313,-13.074,-12.888,4.436,-4.355,3.773,8.867,-8.705,6.435,2.207,0.527,-2.997
2.855,-7.293,-11.418,4.133,-1.842,1.51,2.64,-9.469,0.781,2.404,1.179,-3.07
-0.832,1.596,-10.066,1.765,-0.488,0.124,2.674,-6.714,0.0,2.609,2.431,-2.604
-0.951,2.906,-6.125,0.877,0.15,0.728,-2.096,-3.232,-1.063,2.993,0.987,-2.822
-0.115,2.641,-5.28,0.514,0.61,-0.666,-2.427,2.511,-1.751,1.981,-0.214,-2.396
-3.89,3.881,-3.86,-0.639,0.121,-0.317,-1.318,6.539,-0.879,0.697,-0.237,-1.037
-3.993,3.274,1.274,-0.699,-0.539,-0.284,-2.423,7.06,-0.22,-0.694,0.258,0.669
-4.963,2.253,-1.637,-0.357,0.0,-0.48,-2.032,3.015,0.0,-2.434,-1.447,2.698
-6.292,-0.346,-5.542,-1.257,0.144,0.522,-1.737,-7.742,-2.736,-3.88,-1.671,4.378
-2.064,-4.022,-6.719,-2.546,-0.496,1.849,10.087,-9.846,-1.228,-4.005,-2.46,4.378
-1.011,-3.583,-6.35,-3.416,0.967,0.449,13.116,-7.487,7.415,-1.367,-0.547,1.074
-3.411,-4.264,-4.851,-3.299,3.258,-0.631,6.082,-1.954,7.359,0.0,-0.977,-0.717
-7.537,-4.829,-5.42,-1.156,3.432,-1.824,4.612,1.598,4.153,0.248,-0.889,-0.649
