-1.803,-9.25,-8.809,0.0,0.0,0.0,0.251,0.0,0.286,0.0,0.0,0.0
-1.856,-9.275,-8.695,0.0,0.0,0.0,0.293,0.0,0.308,0.0,0.0,0.0
-1.874,-9.282,-8.789,0.0,0.0,0.0,0.282,0.0,0.309,0.0,0.0,0.0
-1.87,-9.292,-8.786,0.0,0.0,0.0,0.264,0.0,0.3,0.0,0.0,0.0
-1.835,-9.281,-8.737,0.0,0.0,0.0,0.297,0.0,0.349,0.0,0.0,0.0
-1.88,-9.315,-8.828,0.0,0.0,0.0,0.257,0.0,0.351,0.0,0.0,0.0
-1.912,-9.337,-8.791,0.0,-0.14,0.0,0.324,0.0,0.359,0.0,0.0,0.0
-1.681,-9.249,-8.748,0.0,-0.195,0.0,0.409,0.0,0.395,0.0,0.0,0.0
-1.37,-9.704,-8.714,0.0,0.0,0.0,0.461,0.0,0.361,0.0,0.165,0.0
-6.364,-9.515,-7.281,-0.267,-1.542,-0.591,0.348,-0.105,0.623,0.129,0.292,0.0
-12.466,-12.562,-8.048,-2.09,-2.282,1.395,0.318,-0.156,0.699,0.156,0.35,0.0
-12.555,-18.244,-3.383,-0.485,-2.299,1.273,0.127,-0.374,0.789,0.172,0.254,-0.133
-7.796,-18.788,-8.284,3.558,-3.302,2.195,1.982,-0.709,2.588,-0.26,0.891,0.587
-5.216,-13.994,-8.026,4.436,-2.478,2.147,-2.733,-1.071,7.188,-0.556,0.0,2.195
-2.372,-12.791,-10.252,4.436,-2.347,1.129,16.251,-6.779,8.932,1.767,0.217,-1.459
-0.892,-3.215,-11.856,3.408,-0.191,0.577,-0.201,-8.124,1.672,2.414,0.451,-2.341
1.239,-1.317,-7.159,1.172,-1.051,0.726,-1.2,-3.932,-0.729,2.349,0.452,-2.412
-0.647,1.61,-5.699,0.461,-0.66,0.0,-1.858,-1.456,-0.373,2.098,0.0,-2.368
1.202,2.177,-3.968,-0.2,-1.191,0.236,-4.307,2.908,-0.853,1.247,0.0,-1.784
-0.553,1.577,-4.096,-0.809,-0.109,0.111,-2.561,5.482,-0.25,-0.29,-0.108,0.475
-2.242,-1.966,-3.382,-1.581,-0.835,1.251,-2.798,1.647,-0.529,-1.513,0.26,1.998
-0.571,-6.006,-6.808,-2.964,1.739,1.674,-0.178,-2.59,-0.813,-2.204,0.421,2.465
-4.766,-7.4,-4.418,-4.294,2.389,1.504,-0.911,-5.596,1.64,-2.678,-0.112,2.31
-2.254,-6.948,-3.465,-4.026,0.758,0.601,2.494,-6.234,3.503,-2.331,-1.632,1.739
-3.37,-6.747,-2.457,-2.671,2.242,-0.156,4.664,-2.909,5.622,-1.036,-1.837,0.121
