-6.893,-5.505,-8.828,-4.294,1.805,-0.59,18.303,-7.444,21.045,-0.859,-1.585,0.405
-6.564,-7.259,-7.006,-4.294,0.0,-0.412,0.834,0.246,-0.39,0.0,0.0,0.0
-1.501,-9.47,-10.908,0.0,0.0,0.0,0.688,0.213,-0.333,0.0,0.0,0.0
-1.665,-9.384,-10.698,0.0,0.176,0.0,0.686,0.24,-0.327,0.0,0.0,0.0
-1.935,-9.251,-10.892,0.0,0.175,0.0,0.695,0.184,-0.371,0.0,0.0,0.0
-2.253,-9.299,-11.112,0.0,0.0,0.0,0.731,0.184,-0.276,0.14,0.0,0.0
-2.483,-9.185,-10.787,0.0,-0.204,0.0,0.704,0.142,-0.136,0.214,0.0,0.0
-2.378,-9.309,-10.791,0.0,-0.213,0.0,0.624,0.0,0.0,0.312,0.0,0.0
-3.852,-9.47,-10.014,-0.19,-0.797,-0.273,0.602,0.0,0.479,0.414,0.161,0.0
-5.305,-11.833,-6.101,-1.548,-4.355,-0.735,0.769,-0.214,0.661,0.558,0.228,-0.229
-3.202,-15.634,-2.828,0.475,-2.714,-0.185,1.521,-0.165,1.215,0.633,0.333,-0.255
-3.126,-17.238,-5.997,4.1,0.136,0.837,1.457,-0.308,2.501,0.375,0.513,0.0
-2.659,-15.128,-7.643,4.066,-0.369,0.561,2.373,0.0,3.468,-0.17,0.789,0.632
-2.412,-12.062,-5.687,3.892,-0.68,0.274,0.123,-0.784,6.501,-0.111,0.0,1.484
-2.953,-8.539,-5.009,3.608,-0.759,-0.171,16.499,-5.049,5.661,0.236,-0.152,0.438
-1.542,-6.869,-3.32,3.336,-0.763,-0.141,3.312,-5.792,6.841,1.999,1.27,-1.953
-2.754,-3.136,-4.993,3.083,0.571,0.268,0.836,-4.923,2.829,2.349,0.977,-2.426
-1.932,0.815,-7.56,2.172,1.57,0.538,0.217,-1.589,1.654,2.099,0.697,-2.121
-0.319,2.393,-5.998,0.738,0.723,0.958,-0.487,2.437,0.93,1.422,0.866,-1.564
1.131,3.084,-3.687,0.355,-0.116,0.721,0.126,4.006,1.699,0.55,1.423,-0.782
0.569,4.082,-2.196,-0.151,0.21,0.0,-0.835,4.857,4.254,-0.2,0.84,-0.162
-1.476,3.866,-1.01,-0.211,-0.165,0.0,-0.548,4.27,5.543,-0.89,-0.263,0.547
-0.521,3.921,-0.439,-0.591,-0.573,0.103,-0.274,1.912,5.174,-1.355,-1.302,1.103
-2.099,3.286,-1.158,-0.196,-0.326,0.131,-0.274,-0.647,2.703,-1.573,-2.163,1.453
-3.244,0.384,-4.724,-0.935,-1.174,0.873,0.586,-2.624,0.705,-1.971,-0.488,2.103
