-5.799,-11.141,-6.584,-1.426,0.689,-2.399,0.296,-9.201,-12.313,0.0,0.0,0.0
-2.555,-10.565,-8.812,0.0,-0.243,0.181,0.188,-9.24,-12.307,0.0,0.0,0.0
-3.938,-11.161,-8.422,0.284,-0.527,0.526,0.0,-9.242,-12.396,0.0,0.103,0.0
-2.712,-10.129,-8.729,0.271,0.0,1.007,0.0,-9.277,-12.207,0.0,0.107,0.0
-4.339,-9.83,-7.907,0.269,-0.267,0.776,0.141,-9.273,-12.309,0.0,0.18,0.0
-6.471,-10.137,-6.993,0.221,0.0,0.853,0.151,-9.222,-12.217,0.125,0.213,0.0
-11.101,-10.15,-4.92,0.483,-0.141,1.536,0.122,-9.412,-12.14,0.185,0.189,0.197
-12.211,-11.298,-4.234,1.463,-0.807,2.464,1.012,-9.601,-11.837,0.307,0.587,0.393
-11.291,-9.787,-5.351,2.002,-0.985,3.115,3.016,-10.681,-10.765,0.44,0.777,0.431
-8.49,-5.817,-7.561,1.512,-1.725,3.141,9.054,-11.62,-8.652,0.463,1.249,-1.326
-6.454,-3.126,-5.601,0.844,-1.538,2.166,5.3,-11.779,-9.977,0.716,0.974,-1.819
-3.424,-0.843,-4.057,0.969,-1.933,1.164,2.745,-12.468,-10.595,1.137,2.537,-1.277
-2.532,-0.682,-4.156,0.594,-0.981,0.342,0.664,-11.059,-10.187,1.554,2.856,-0.954
-0.746,-2.36,-4.033,0.0,-1.007,-0.321,-0.935,-9.17,-10.852,1.327,1.026,-1.009
-3.229,-3.536,-1.279,-0.152,-0.62,-0.75,-1.669,-7.02,-11.119,0.565,-0.568,-1.095
-2.495,-1.639,-3.502,0.18,0.0,0.35,-0.791,-6.271,-11.452,0.0,-0.63,-0.513
-2.336,-3.889,-2.802,-0.406,-0.41,0.638,-0.283,-6.818,-10.754,-0.675,-0.73,0.0
-0.597,-5.277,-2.851,-1.355,0.445,0.608,0.673,-8.245,-10.401,-0.9,-2.388,0.61
-1.46,-4.231,-3.316,-1.278,1.027,-0.317,2.607,-10.312,-10.925,-0.781,-2.741,1.306
-3.094,-4.502,-3.563,-1.894,1.518,-1.573,4.63,-11.223,-11.178,-0.516,-2.231,1.744
-4.591,-6.642,-3.263,-2.31,0.971,-2.701,6.594,-11.324,-10.062,-0.164,-1.637,2.002
-6.376,-9.381,-4.184,-1.848,2.146,-3.723,6.61,-10.919,-11.311,0.0,-1.256,1.718
-6.703,-12.345,-3.042,-0.785,0.675,-3.75,6.399,-11.641,-12.851,-0.15,-0.646,0.61
-6.067,-13.028,-6.563,-1.485,2.092,-2.974,0.0,-9.681,-11.605,-0.143,-0.124,-0.311
-5.28,-12.892,-7.904,-1.638,2.053,-1.776,0.265,-9.195,-11.59,0.0,0.208,0.181
