-7.649,-10.533,-4.572,-0.748,0.573,-3.515,0.54,-10.103,-11.948,0.0,0.0,0.0
-1.856,-10.432,-10.11,0.0,0.0,0.0,-0.431,-9.322,-11.83,0.0,0.0,0.0
-2.508,-10.731,-10.272,0.118,-0.152,0.144,-0.268,-9.33,-11.896,0.0,0.0,0.0
-3.321,-11.073,-10.404,0.276,-0.58,0.595,-0.243,-9.349,-11.825,0.0,0.0,0.0
-5.08,-11.536,-9.65,0.203,-0.825,0.836,-0.328,-9.358,-11.739,0.0,0.0,0.0
-8.52,-12.52,-9.245,0.392,-0.902,1.777,-0.147,-9.382,-11.694,0.0,0.219,0.0
-11.991,-12.121,-8.338,0.821,-1.288,3.089,0.166,-9.419,-11.872,0.0,0.315,0.0
-11.592,-10.77,-7.72,1.101,-1.79,4.18,0.0,-9.685,-11.837,0.12,0.269,0.0
-9.4,-7.905,-7.503,1.214,-2.213,4.357,0.655,-9.801,-11.378,0.127,0.56,0.219
-8.596,-4.107,-7.507,1.263,-1.97,3.828,7.999,-11.675,-10.315,0.192,0.55,-0.13
-5.021,-0.592,-5.343,0.847,-1.88,2.845,8.009,-11.837,-6.436,0.782,0.949,-1.298
-3.064,1.672,-4.253,0.855,-1.65,1.713,5.543,-13.428,-8.699,1.296,2.077,-1.632
-1.542,3.228,-2.911,0.154,-2.127,0.45,2.947,-12.826,-9.107,1.823,2.659,-1.288
0.246,2.303,-4.407,-0.408,-1.166,-1.241,0.309,-10.561,-10.284,1.965,1.403,-1.085
1.282,-3.776,-4.793,-1.582,0.694,-1.975,-1.871,-7.448,-11.5,1.346,0.0,-1.028
-7.559,-7.805,0.407,-1.188,-0.342,-1.873,-1.898,-5.942,-12.399,0.453,-0.856,-0.665
-4.464,-6.045,-1.028,-0.226,0.291,1.655,-1.455,-5.724,-12.271,-0.467,-1.309,-0.208
0.546,-3.962,-2.523,-0.102,0.0,1.619,-0.942,-6.94,-11.802,-1.029,-1.681,0.73
-1.569,-2.055,-1.361,-0.501,0.695,0.342,1.198,-9.843,-11.738,-1.356,-1.858,1.651
-2.305,-0.766,-3.656,-0.316,1.752,-0.817,3.506,-12.866,-10.642,-1.297,-1.473,2.505
-4.28,-0.469,-5.44,-0.723,1.567,-2.086,5.307,-14.706,-8.209,-1.071,-0.876,2.888
-6.094,-3.732,-5.795,-1.587,1.889,-3.053,9.014,-13.378,-7.317,-0.527,-1.886,1.461
-8.311,-7.483,-4.465,-1.032,1.86,-3.304,7.329,-11.276,-9.102,-0.257,1.281,-0.58
-9.872,-12.83,-3.916,-1.653,0.312,-4.255,0.51,-9.665,-11.736,0.0,-0.167,0.0
-5.761,-11.935,-9.742,-1.492,2.519,-3.634,-0.478,-9.318,-11.337,0.0,0.0,0.0
