-4.521,-3.64,-4.272,-1.845,2.056,-2.376,-0.362,-9.26,-12.116,0.0,0.0,0.0
-1.533,-10.278,-10.384,0.0,0.125,0.242,-0.337,-9.279,-12.089,0.0,0.0,0.0
-1.089,-10.083,-10.266,0.0,0.123,0.182,-0.442,-9.297,-11.974,0.0,0.0,0.0
-1.328,-10.23,-10.303,0.0,0.0,0.0,-0.388,-9.257,-11.845,0.0,0.0,0.0
-3.055,-11.071,-10.296,0.129,-0.378,0.0,-0.548,-9.315,-12.292,0.0,0.0,0.0
-5.493,-12.161,-10.057,0.474,-1.112,0.703,-0.479,-9.318,-12.145,0.114,0.131,0.0
-6.668,-12.38,-9.299,0.861,-1.178,1.896,-0.376,-9.388,-11.981,0.147,0.127,0.0
-6.393,-10.618,-8.22,0.938,-0.937,2.488,-0.505,-9.415,-11.797,0.166,0.0,0.0
-5.77,-8.759,-8.118,1.073,-1.392,2.316,-0.325,-9.495,-11.523,0.144,0.0,-0.194
-7.554,-7.694,-7.089,0.754,-1.284,1.754,0.0,-10.34,-11.568,0.0,0.517,0.0
-11.71,-6.016,-5.543,0.247,-0.566,2.084,3.667,-11.782,-11.422,0.0,0.704,-0.447
-12.222,-3.927,-3.784,0.638,-1.591,2.869,9.634,-10.918,-9.436,0.0,0.493,-2.2
-10.43,-2.123,-3.791,0.712,-1.632,3.275,8.192,-7.713,-8.119,0.368,1.049,-2.58
-8.621,-0.738,-2.699,1.059,-1.621,2.784,6.318,-8.197,-10.536,0.675,1.518,-1.473
-4.396,1.732,-4.043,1.116,-1.607,1.828,5.109,-11.741,-11.567,0.909,2.424,-0.298
-0.167,0.853,-4.836,-0.131,-2.249,-0.115,2.156,-10.986,-11.248,1.209,2.024,-0.514
0.276,-2.325,-5.267,-0.419,-1.122,-0.908,-0.559,-8.407,-10.932,0.794,0.132,-1.326
-2.768,-6.437,-2.077,-1.016,-0.38,-1.454,-1.968,-6.437,-11.409,0.0,-1.734,-1.578
-3.345,-4.372,-2.259,0.162,0.644,0.735,-1.662,-5.425,-11.732,-0.333,-0.891,0.0
-1.961,-4.465,-2.971,-0.52,0.221,1.393,0.0,-7.226,-10.795,-0.534,-0.373,1.684
-0.899,-3.129,-2.903,-1.044,1.096,0.767,4.179,-10.911,-10.648,-0.71,-1.96,2.701
-0.466,-1.696,-3.163,-1.188,1.246,-0.669,7.529,-12.836,-11.371,-0.467,-2.221,2.896
-3.339,-2.111,-5.256,-0.896,2.835,-2.385,6.807,-13.474,-10.875,-0.328,-1.791,2.35
-7.723,-7.242,-5.212,-1.178,2.179,-3.746,5.364,-11.509,-10.326,-0.168,-1.114,1.448
-10.096,-9.667,-4.48,-1.321,1.358,-3.658,14.584,-11.591,-13.173,0.0,0.457,0.0
