-1.008,-10.18,-10.639,0.0,0.143,0.323,-0.663,-9.2,-12.371,0.0,0.0,0.0
-0.994,-9.896,-10.521,0.0,0.0,0.0,-0.481,-9.239,-12.301,0.0,0.0,0.0
-1.172,-9.999,-10.509,0.0,0.0,-0.158,-0.431,-9.23,-12.334,0.0,0.0,0.0
-1.506,-10.162,-10.621,0.0,0.0,-0.26,-0.489,-9.283,-12.201,0.0,0.0,0.0
-1.645,-10.274,-10.528,0.0,0.0,-0.275,-0.539,-9.316,-12.096,0.0,0.0,0.0
-2.14,-10.638,-10.517,0.0,0.0,-0.176,-0.545,-9.246,-12.212,0.0,0.0,0.0
-3.136,-10.948,-10.579,0.0,-0.352,0.203,-0.599,-9.263,-12.156,0.0,0.118,0.0
-5.04,-11.82,-10.282,0.326,-0.614,0.925,-0.425,-9.235,-12.224,0.0,0.182,0.0
-6.865,-11.993,-9.796,0.36,-0.576,1.72,-0.489,-9.289,-12.244,0.0,0.2,0.0
-10.542,-13.828,-8.616,0.696,-1.404,2.345,-0.23,-9.337,-12.144,0.122,0.236,0.0
-10.676,-14.298,-8.432,1.454,-1.929,3.517,-0.881,-9.634,-11.772,0.122,0.246,-0.248
-9.023,-9.959,-7.324,1.543,-1.429,4.073,0.0,-12.007,-10.576,0.0,0.908,-0.758
-6.059,-4.137,-7.811,1.965,-1.905,4.143,1.33,-12.079,-11.231,-0.193,0.211,-0.798
-6.114,0.0,-6.376,1.308,-1.65,3.027,11.272,-12.294,-14.23,-0.728,1.597,-1.573
-5.702,2.681,-4.417,0.65,-1.102,1.965,11.059,-8.448,-10.196,-0.622,2.512,-3.1
-4.97,4.009,-4.659,0.418,-0.992,1.087,6.189,-1.916,-8.387,-0.428,2.508,-3.433
-1.315,3.751,-3.998,0.708,-1.734,0.0,2.32,-0.405,-6.937,0.298,3.087,-1.462
-0.678,2.699,-3.057,0.0,-1.157,-0.58,3.062,-4.601,-8.429,1.07,1.594,1.35
1.268,-5.439,-6.121,-1.556,-1.411,-2.65,4.773,-13.896,-9.862,1.705,-0.37,2.854
-7.341,-4.967,1.024,-0.99,0.383,0.224,5.133,-11.764,-13.577,1.132,-1.293,0.869
-3.239,-5.256,-0.435,-0.242,0.303,1.686,1.669,-8.499,-11.623,-0.372,-1.154,-1.615
-0.391,-3.124,-1.343,0.252,0.0,1.302,0.0,-6.411,-11.908,-0.778,-0.538,-0.729
-1.937,-0.74,-1.451,-0.141,0.416,0.274,1.111,-6.489,-9.632,-0.603,-1.074,1.149
-2.255,0.749,-3.742,-0.36,0.671,-0.86,4.958,-9.55,-9.838,-0.316,-2.879,2.817
-4.564,0.844,-4.876,-0.823,1.154,-1.839,6.087,-12.606,-11.41,0.0,-2.65,3.107
