-0.901,-10.059,-9.389,0.0,0.0,0.0,-0.635,-9.258,-12.006,0.0,0.0,0.0
-1.362,-10.377,-9.437,0.0,0.0,0.0,-0.643,-9.307,-12.009,0.0,0.0,0.0
-2.513,-10.8,-9.301,0.0,0.0,0.182,-0.519,-9.271,-11.997,0.0,0.0,0.0
-2.557,-10.703,-9.221,0.13,0.0,0.509,-0.466,-9.332,-11.999,0.0,0.0,0.0
-3.149,-10.799,-8.593,0.199,-0.328,0.504,-0.468,-9.326,-12.066,0.0,0.177,0.0
-7.163,-12.017,-7.915,0.7,-0.411,1.053,-0.521,-9.3,-12.068,0.0,0.274,0.0
-11.828,-13.573,-6.644,1.266,-0.238,2.411,-0.352,-9.308,-12.059,0.112,0.235,0.0
-11.733,-12.302,-6.33,1.45,-0.969,3.858,-0.51,-9.347,-12.01,0.171,0.179,0.0
-10.564,-9.54,-6.637,1.413,-1.142,4.357,0.208,-9.746,-11.913,0.194,0.174,0.131
-6.95,-3.864,-6.584,1.046,-1.479,4.357,2.181,-10.725,-10.467,0.269,0.489,0.273
-4.542,1.418,-6.393,0.513,-1.752,3.04,8.76,-11.168,-10.269,0.299,0.199,-0.453
-3.806,2.027,-4.582,0.711,-1.584,1.58,7.519,-11.28,-8.741,0.431,0.567,-1.704
-3.948,1.379,-2.355,0.124,-1.794,0.4,4.822,-13.434,-9.825,0.702,1.294,-1.831
-0.557,1.193,-4.016,-0.296,-1.219,-0.632,2.798,-12.849,-9.92,1.129,2.541,-1.696
-0.471,-2.668,-3.474,-0.881,-0.458,-1.246,-0.309,-11.246,-9.777,1.517,1.84,-1.746
-3.381,-5.707,-0.292,-0.728,-0.612,-1.86,-1.815,-8.263,-11.308,1.095,-0.24,-1.585
-3.747,-3.001,-1.031,-0.138,-0.21,0.203,-2.111,-6.146,-12.228,0.439,-1.401,-0.991
-2.937,-4.764,-1.79,-0.161,0.325,1.425,-1.835,-6.005,-12.437,-0.331,-1.265,-0.125
-1.43,-3.331,-1.822,-0.836,0.931,1.257,-0.396,-7.59,-11.433,-0.695,0.0,1.437
-1.986,-1.283,-3.646,-1.228,0.889,0.118,5.145,-10.123,-10.066,-1.072,-0.2,2.205
-2.717,-0.345,-3.992,-1.54,1.406,-0.821,6.343,-11.332,-8.717,-0.988,-1.293,1.647
-4.172,-2.153,-4.033,-1.564,1.407,-2.399,6.421,-11.022,-9.391,-0.541,-1.855,1.616
-7.018,-8.945,-3.533,-1.649,2.099,-4.089,6.205,-10.771,-10.533,-0.175,-2.432,1.506
-9.199,-10.658,-5.376,-0.835,1.674,-3.833,5.205,-10.211,-10.985,0.0,-0.827,1.133
-8.61,-11.603,-3.553,-0.829,-0.411,-2.779,2.611,-9.829,-11.055,0.0,0.432,0.456
