-1.152,-10.2,-8.756,0.0,0.0,0.0,-0.106,-9.772,-11.375,0.0,0.0,0.0
-1.294,-10.167,-8.659,0.0,0.0,0.0,0.235,-9.748,-11.24,0.0,0.0,0.0
-1.181,-10.234,-8.791,0.0,0.0,0.0,0.0,-9.856,-11.396,0.0,0.0,0.0
-1.312,-10.179,-8.441,0.0,-0.162,0.0,-0.189,-9.801,-11.393,0.0,0.0,0.0
-1.012,-10.186,-8.554,0.0,0.0,0.0,-0.438,-9.635,-11.374,0.0,-0.183,0.0
-1.339,-10.312,-8.793,0.0,0.0,0.0,-0.118,-9.936,-11.335,0.0,0.0,0.0
-4.696,-11.837,-7.93,0.554,0.0,0.889,-0.384,-9.774,-11.343,0.0,0.0,0.0
-12.549,-15.676,-5.856,1.64,1.075,3.54,-0.588,-9.729,-11.614,0.0,0.0,0.0
-16.894,-12.055,-6.746,1.392,0.947,4.303,-0.373,-10.185,-11.59,0.13,-0.176,0.0
-15.834,-6.573,-6.774,0.537,-0.245,4.394,2.302,-10.698,-10.124,0.0,0.0,0.767
-9.25,-5.412,-8.534,0.989,-1.733,4.394,11.385,-13.514,-4.397,0.426,-1.48,-0.443
-4.85,-0.694,-10.294,0.341,-1.167,4.394,8.305,-17.763,-4.609,1.472,1.784,-2.857
-0.116,5.19,-9.696,0.209,-0.742,2.376,4.571,-19.243,-8.564,2.175,0.338,-4.123
2.814,4.454,-7.362,-1.108,-2.606,-0.778,0.563,-14.206,-12.786,1.753,0.0,-4.077
6.627,-11.758,-5.601,-2.412,-1.178,-3.379,-3.276,-8.135,-14.297,1.228,0.711,-2.793
-10.593,-12.7,4.106,0.0,-0.679,-2.82,-3.402,-5.602,-14.054,0.241,0.474,-1.259
-3.243,-6.79,1.678,-0.301,0.545,2.461,-1.517,-4.15,-12.905,-0.685,0.0,0.135
1.956,-6.711,-3.725,-0.742,1.25,2.694,0.219,-5.267,-10.81,-1.349,0.0,1.965
0.0,-0.594,-3.645,-2.333,0.0,1.309,3.308,-9.058,-9.561,-1.875,-0.557,3.972
-0.455,-0.688,-3.269,-2.062,2.06,-1.692,6.576,-17.734,-9.884,-2.198,-1.315,4.378
-7.052,-6.185,-3.973,-1.674,2.667,-3.603,8.926,-18.495,-7.021,-1.76,-1.932,3.534
-9.493,-10.556,-4.775,-1.637,2.484,-4.035,9.511,-10.639,-8.592,-1.095,-1.386,-0.467
-8.738,-9.614,-7.087,-0.599,0.131,-3.134,-2.903,-10.211,-11.745,-0.405,-1.524,-1.078
-10.088,-12.328,-7.376,-0.221,2.285,-2.882,-1.047,-10.15,-9.68,-0.22,0.244,-0.215
-8.087,-10.871,-8.666,-0.264,0.22,-1.311,1.372,-9.544,-11.855,-0.101,0.0,0.0
