-0.693,-10.081,-9.094,0.0,-0.173,0.0,0.383,-9.604,-11.811,0.0,0.0,0.0
-0.844,-10.173,-9.033,0.0,-0.218,-0.14,0.274,-9.692,-11.874,0.0,0.0,0.0
-1.202,-10.437,-8.808,0.0,-0.217,-0.105,0.0,-9.79,-11.937,0.0,0.0,0.0
-1.075,-10.333,-8.844,0.0,-0.15,0.0,0.103,-9.673,-11.942,0.0,0.0,0.0
-0.911,-10.215,-8.972,0.0,0.0,0.0,0.303,-9.603,-11.891,0.0,0.0,0.0
-0.61,-10.186,-9.269,0.0,0.15,0.0,0.282,-9.813,-11.797,0.0,0.0,0.0
-1.664,-10.513,-8.961,0.0,0.0,0.0,-0.179,-9.772,-11.587,0.0,0.304,0.0
-10.572,-14.879,-8.628,1.377,-0.597,2.05,-0.377,-9.834,-11.368,0.121,0.155,0.0
-20.301,-15.844,-8.827,1.308,0.274,4.394,-0.11,-10.066,-11.228,0.16,0.0,-0.284
-18.398,-13.953,-8.094,-0.13,0.264,4.394,1.208,-10.427,-10.898,0.134,-0.615,-0.218
-4.784,-10.496,-7.123,0.678,-2.058,4.394,5.855,-12.743,-4.235,0.714,-2.381,-0.267
-0.904,0.0,-10.147,-0.304,-1.474,3.5,15.303,-15.33,-10.967,0.646,0.64,-3.19
-0.301,1.238,-9.926,-0.36,-1.609,1.034,1.456,-15.583,-8.322,1.346,0.688,-4.352
-1.531,-2.504,-5.42,-1.089,-1.126,-0.243,3.096,-10.36,-11.799,1.232,0.0,-3.87
1.597,-3.671,-2.55,-0.841,-1.715,-1.429,2.274,-6.81,-12.676,0.595,0.0,-3.082
-1.246,-5.408,-0.503,-0.425,-1.558,-2.363,1.261,-3.96,-10.918,0.366,0.805,-1.466
-8.569,-2.751,0.662,-0.536,0.124,-0.966,1.711,-1.889,-9.98,0.226,-0.156,0.153
-4.71,-4.682,-1.064,-0.104,0.854,1.155,4.948,-2.419,-10.737,-0.293,-0.782,1.62
-2.22,-6.106,-4.011,-0.621,1.356,1.624,4.844,-4.327,-11.293,-0.752,0.17,3.268
1.125,-1.125,-4.831,-1.001,0.521,0.855,5.934,-9.222,-9.471,-1.244,0.724,4.378
0.717,-3.008,-4.536,-2.396,1.937,-1.928,6.653,-15.913,-9.057,-1.38,-0.786,4.378
-5.29,-8.591,-6.537,-2.203,1.715,-4.139,7.05,-14.904,-8.545,-0.821,-0.219,2.47
-6.18,-15.229,-5.784,-1.285,1.185,-4.336,-6.286,-10.439,-5.62,-0.164,3.338,0.439
-5.878,-18.003,-5.475,-1.389,1.13,-4.336,2.374,-9.122,-13.053,-0.118,0.0,-0.202
-2.885,-17.874,-10.322,-0.785,3.003,-4.336,0.735,-10.193,-9.212,-0.173,0.191,0.0
