-5.012,-14.451,-8.419,-0.357,0.295,-1.878,0.0,-9.742,-11.498,0.0,0.0,0.0
-3.143,-11.844,-10.04,-1.234,3.802,0.257,0.0,-9.77,-11.54,0.0,0.0,0.0
-0.234,-10.144,-8.906,0.0,0.0,-0.142,0.0,-9.783,-11.597,0.0,0.0,0.0
-0.584,-10.379,-8.774,0.0,0.0,-0.163,0.0,-9.734,-11.62,0.0,0.0,0.0
-1.206,-10.4,-8.985,0.108,0.0,-0.21,-0.358,-9.948,-11.811,0.0,0.253,0.0
-3.357,-10.951,-8.913,0.126,-0.561,0.0,0.0,-9.987,-11.536,0.173,0.128,-0.212
-13.903,-16.406,-8.043,1.093,-0.557,2.534,0.464,-10.074,-10.791,0.164,0.0,-0.248
-20.301,-17.141,-9.902,1.421,0.869,4.394,2.612,-10.078,-9.803,0.118,-0.594,0.484
-11.82,-10.419,-8.768,-0.305,-1.239,4.394,10.596,-12.11,-8.247,0.432,-1.566,-0.375
-3.945,-5.596,-9.886,0.497,-2.145,4.394,6.724,-15.212,-5.871,0.965,1.153,-2.783
-5.678,-2.206,-7.226,0.0,-1.642,3.491,3.671,-13.98,-8.857,1.344,0.179,-3.139
-3.273,0.398,-7.414,-0.487,-1.991,1.63,3.764,-11.744,-10.873,1.114,-0.202,-3.105
0.0,-1.187,-6.125,-0.656,-2.199,-0.231,1.718,-8.839,-12.439,0.65,0.189,-2.589
-2.727,-5.839,-1.468,-1.776,0.548,-1.184,-0.124,-6.826,-12.626,0.32,0.318,-1.839
-4.056,-5.87,-2.51,0.36,-0.713,-2.28,0.0,-5.177,-12.333,-0.104,0.243,-0.958
-4.611,-2.794,0.0,0.0,-1.176,0.0,2.307,-4.001,-10.356,-0.555,0.346,0.439
-2.933,-4.235,-0.321,-0.318,1.01,0.836,4.679,-5.209,-9.397,-0.969,-0.264,1.885
-1.701,-7.663,-1.678,0.423,0.735,1.949,6.553,-7.705,-8.596,-1.01,-0.56,2.944
0.0,-2.139,-7.286,-0.707,0.671,0.628,6.254,-10.009,-8.685,-0.99,-0.872,3.628
2.436,-2.402,-8.136,-1.883,0.476,-1.775,5.897,-14.904,-9.299,-1.054,-1.261,3.558
-0.733,-8.381,-8.846,-3.854,0.925,-4.336,9.631,-13.017,-10.816,-1.116,-0.218,1.956
-8.363,-17.667,-5.242,-2.547,1.918,-4.336,-2.856,-11.067,-12.392,-0.358,-1.493,-0.74
-8.943,-20.155,-6.581,-1.861,2.6,-4.336,-0.178,-9.461,-9.755,-0.132,1.22,0.131
-5.89,-17.252,-7.959,-0.627,4.147,-2.704,1.351,-9.572,-12.129,-0.129,-0.25,0.263
-5.562,-12.422,-9.376,-0.722,2.707,-1.39,0.494,-9.844,-11.413,0.0,-0.112,0.41
