-2.242,-9.887,-8.311,0.0,0.0,0.0,0.0,-9.705,-11.894,0.0,0.0,0.0
-2.149,-9.79,-8.162,0.0,0.0,0.0,0.119,-9.658,-11.905,0.0,0.0,0.0
-2.236,-10.066,-8.281,0.0,0.0,0.0,0.0,-9.688,-11.869,0.0,0.0,0.0
-2.314,-10.044,-8.365,0.0,0.0,0.0,0.0,-9.686,-11.89,0.0,0.0,0.0
-2.125,-9.824,-8.244,0.0,-0.116,0.0,0.0,-9.686,-11.899,0.0,0.0,0.0
-2.269,-9.942,-8.262,0.0,0.0,0.0,0.0,-9.676,-11.876,0.0,0.0,0.0
-2.271,-9.955,-8.206,0.0,0.0,0.0,0.0,-9.696,-11.872,0.0,0.0,0.0
-2.527,-9.984,-8.075,0.0,0.0,0.0,0.0,-9.723,-11.949,0.0,0.0,0.0
-2.606,-9.988,-8.168,0.0,0.0,0.102,0.179,-9.65,-11.967,0.0,0.0,0.0
-5.245,-11.103,-7.793,0.249,0.0,0.496,0.0,-9.625,-11.835,0.151,0.352,0.103
-11.211,-12.103,-7.82,0.718,0.0,1.787,-0.193,-9.613,-11.468,0.0,0.0,0.0
-17.906,-11.097,-8.061,0.893,-0.947,3.726,-0.197,-9.972,-11.969,0.0,0.0,0.0
-17.297,-8.042,-7.011,0.64,-0.483,4.394,-0.559,-9.999,-11.744,0.0,-0.279,-0.121
-11.279,-6.303,-6.992,0.597,-1.8,4.394,0.735,-10.297,-11.256,0.0,-0.537,0.0
-5.027,-1.596,-7.837,0.737,-1.469,4.079,4.729,-12.634,-5.468,0.45,-1.634,0.107
-2.054,-0.859,-7.172,0.432,-2.661,2.177,13.71,-14.132,-7.283,0.774,0.412,-2.185
3.501,-4.655,-8.848,-0.514,-0.953,-0.476,2.736,-15.219,-7.365,1.353,-0.489,-3.178
-2.554,-6.011,-1.471,-1.239,-0.526,-1.669,2.254,-13.197,-11.25,1.301,-0.373,-3.328
-4.54,-1.502,-3.549,-0.588,-0.835,-0.724,0.787,-10.173,-14.103,0.766,0.0,-3.4
0.188,0.304,0.736,-0.554,-2.026,0.357,-0.128,-5.813,-13.807,0.217,0.503,-1.984
-1.084,-0.366,3.191,-0.145,-0.503,-0.229,0.54,-4.569,-11.837,0.0,0.294,-0.835
-1.971,-0.523,0.441,0.176,0.226,-0.17,2.102,-3.612,-11.225,-0.415,-0.359,0.763
-1.938,-1.191,0.745,-0.221,0.166,0.0,3.149,-5.776,-10.771,-0.813,-0.678,2.556
-1.53,-1.798,-1.077,-0.128,0.921,0.242,1.965,-9.19,-10.406,-1.048,-0.66,4.378
-2.469,-3.422,-3.019,-0.245,0.97,0.611,6.99,-19.215,-11.141,-1.137,-0.464,4.378
