-0.662,-10.239,-8.973,0.0,0.0,0.0,0.0,-9.786,-11.375,0.0,0.0,0.0
-0.543,-10.374,-8.884,0.0,0.0,0.0,0.0,-9.857,-11.438,0.0,0.0,0.0
-0.424,-10.34,-8.841,0.0,0.0,0.0,0.0,-9.771,-11.316,0.0,0.0,0.0
-0.349,-10.245,-8.887,0.0,0.0,0.0,0.0,-9.832,-11.303,0.0,0.0,0.0
-0.505,-10.265,-8.727,0.0,0.0,0.0,0.245,-9.501,-11.533,0.0,0.484,0.0
-7.38,-13.049,-8.622,0.726,-0.161,1.356,0.0,-9.911,-11.173,0.0,0.185,-0.202
-18.305,-17.142,-10.328,1.575,0.69,4.394,0.231,-10.035,-11.354,0.124,0.0,-0.241
-18.103,-13.907,-9.777,-0.316,-0.485,4.394,1.225,-10.054,-10.424,0.171,-0.589,-0.11
-9.749,-10.606,-7.934,0.157,-2.504,4.394,3.823,-10.476,-7.591,0.339,-1.298,0.681
-4.037,-4.299,-9.546,0.982,-1.914,4.394,18.937,-13.718,-8.996,0.394,-0.767,-1.589
-4.099,0.616,-9.4,0.157,-1.277,2.57,5.434,-16.649,-6.029,1.118,0.682,-3.473
-1.731,3.009,-8.951,-1.016,-0.788,0.724,3.758,-14.103,-11.195,1.152,0.0,-3.588
1.033,0.435,-4.365,-0.516,-1.075,-0.807,1.516,-11.12,-13.06,0.632,0.0,-3.33
1.893,-9.892,-1.815,-1.123,-0.791,-2.393,-1.199,-7.375,-13.381,0.126,1.511,-2.027
-9.182,-5.714,-2.553,-0.18,0.204,-1.584,-2.775,-6.112,-11.018,-0.131,0.962,-0.873
-3.03,-4.546,-1.981,-0.315,-0.579,1.597,-0.57,-4.657,-10.654,-0.428,-0.188,0.309
2.294,-5.044,-3.737,-1.071,0.436,1.554,3.001,-5.598,-10.331,-0.829,-0.636,1.927
-0.856,-5.183,-2.65,-2.359,1.387,0.0,4.128,-9.137,-9.808,-1.066,-1.24,3.323
-3.565,-6.643,-4.412,-2.071,0.895,-1.78,4.137,-13.139,-10.149,-1.047,-1.134,4.266
-3.366,-9.092,-6.707,-2.255,1.143,-2.67,5.454,-15.393,-8.793,-1.034,0.0,3.674
-4.602,-13.53,-7.462,-1.404,2.014,-4.336,17.099,-12.576,-6.843,-1.268,-0.969,0.665
-3.947,-19.983,-8.273,-2.129,2.436,-4.336,-2.746,-11.48,-11.055,-0.263,-2.061,-1.185
-4.645,-20.155,-13.491,0.811,4.378,-4.336,-0.95,-10.58,-7.74,0.0,0.657,-0.162
-7.96,-14.863,-10.617,-0.184,0.0,-2.774,1.693,-9.135,-11.952,0.0,0.111,0.198
-3.621,-12.579,-10.369,-0.732,1.267,-0.487,1.086,-9.58,-11.595,0.0,-0.166,0.352
