-1.12,-10.17,-8.291,0.0,-0.267,-0.251,0.138,-9.755,-11.66,0.0,0.0,0.109
-1.051,-10.332,-8.574,0.0,0.0,-0.141,0.255,-9.69,-11.706,0.0,0.0,0.0
-0.989,-10.273,-8.818,0.0,0.0,0.0,0.434,-9.755,-11.647,0.0,0.0,0.0
-0.619,-10.214,-9.077,0.0,0.112,0.102,0.419,-9.696,-11.626,0.0,0.0,0.0
-0.633,-10.03,-8.997,0.0,-0.143,0.0,0.349,-9.748,-11.645,0.0,0.0,0.0
-0.783,-10.209,-8.69,0.0,-0.166,0.0,0.215,-9.658,-11.496,0.0,0.0,0.0
-0.847,-10.237,-8.584,0.0,-0.113,0.0,0.526,-9.682,-11.431,0.0,0.0,0.0
-0.683,-10.212,-8.692,0.0,-0.192,0.0,0.0,-9.898,-11.912,0.0,-0.15,0.0
-6.448,-11.948,-8.097,0.707,0.0,1.555,0.0,-9.859,-11.87,0.0,0.0,0.0
-9.741,-14.269,-8.377,1.053,2.494,4.154,-0.41,-9.866,-11.893,0.206,-0.152,0.0
-15.267,-11.18,-9.722,1.205,0.0,4.394,0.191,-10.03,-10.946,0.201,-0.194,0.0
-14.504,-5.625,-9.737,0.78,-0.259,3.998,2.909,-10.78,-9.262,0.235,0.386,0.656
-11.462,-5.035,-8.174,-0.177,-1.323,4.394,17.835,-13.413,-6.529,0.399,-1.269,-1.284
-7.097,-2.584,-9.711,-1.064,-1.235,4.391,7.148,-17.645,-6.505,1.3,1.923,-3.322
-0.677,3.395,-7.844,0.143,-1.139,3.332,3.575,-15.955,-9.603,1.625,0.281,-3.833
2.801,5.452,-7.403,-1.407,-2.349,0.112,1.501,-11.734,-12.269,1.187,0.0,-3.381
4.454,-4.566,-3.155,-2.174,-1.654,-2.411,-1.485,-7.281,-13.221,0.764,0.759,-2.188
-0.377,-20.155,5.139,-2.028,-3.24,-4.244,-1.621,-6.074,-13.574,0.0,0.83,-0.68
-9.476,-3.323,-1.876,-0.385,2.726,0.545,-1.514,-5.711,-11.669,-0.661,0.106,0.0
-1.305,-8.4,-3.812,-0.166,2.253,2.396,0.0,-6.149,-10.455,-1.072,-0.782,1.177
-1.389,-2.945,-5.512,-0.767,1.169,1.138,1.67,-8.301,-9.609,-1.207,-1.392,3.292
1.063,-2.531,-2.621,-1.559,1.226,-1.216,4.378,-15.889,-9.427,-1.678,-0.963,4.378
-5.145,-4.148,-6.18,-0.792,1.455,-3.238,8.368,-18.976,-8.23,-1.182,-1.401,3.995
-7.79,-11.104,-5.757,-1.622,1.662,-4.336,10.081,-10.788,-10.746,-0.765,-0.355,0.228
-10.621,-13.872,-6.673,-0.788,1.334,-4.297,-2.432,-10.648,-13.096,-0.459,-0.669,-0.914
