-0.201,-9.971,-8.404,0.0,-0.285,0.371,0.0,-9.762,-11.6,0.0,0.0,0.155
-0.261,-10.114,-8.713,0.0,-0.21,0.172,-0.118,-9.798,-11.698,0.0,0.0,0.0
-0.191,-10.259,-8.9,0.0,-0.176,0.0,0.0,-9.699,-11.639,0.0,0.0,0.0
-0.292,-9.947,-8.637,0.0,-0.254,-0.159,0.0,-9.775,-11.685,0.0,0.0,0.0
-0.394,-10.281,-8.816,0.0,0.0,-0.291,0.0,-9.737,-11.656,0.0,0.0,0.0
-0.918,-10.263,-8.969,0.0,0.0,-0.226,0.249,-9.589,-11.605,0.0,0.0,0.0
-0.78,-10.243,-9.077,0.0,0.0,-0.111,0.711,-9.389,-11.462,0.0,0.114,0.0
-0.845,-10.41,-8.926,0.0,-0.162,0.0,-0.256,-9.911,-11.806,0.0,0.244,0.137
-5.952,-12.198,-9.501,0.59,-0.892,1.031,-0.255,-9.828,-11.648,0.0,0.0,0.124
-12.135,-13.922,-8.425,0.934,0.175,3.174,-0.311,-9.84,-11.676,0.188,0.0,0.0
-15.224,-11.679,-9.078,0.391,-0.18,4.138,-0.317,-10.465,-11.669,0.219,-0.292,0.0
-15.123,-10.15,-8.628,0.289,-0.259,4.394,2.669,-11.214,-9.141,0.196,-0.557,0.232
-9.223,-8.761,-9.218,0.272,-1.469,4.394,15.187,-13.271,-7.348,0.402,0.0,-1.608
-6.854,-5.125,-6.894,0.127,-1.347,4.394,6.996,-15.836,-7.701,1.05,0.868,-3.22
-3.584,0.984,-7.079,-0.591,-1.235,2.277,3.708,-13.661,-9.469,1.324,-0.153,-3.844
0.0,3.234,-6.188,0.138,-2.186,0.501,2.983,-10.792,-12.599,0.749,-0.45,-3.578
-0.533,-1.815,-2.207,-0.638,-1.667,-1.426,0.594,-7.769,-13.005,0.32,0.551,-2.712
0.522,-11.364,0.0,-1.985,-1.758,-2.831,1.293,-5.527,-11.389,0.0,0.701,-1.656
-9.33,-3.51,-3.094,0.0,0.179,-0.528,2.231,-3.077,-9.88,0.0,0.0,-0.272
-3.032,-5.714,-3.922,0.0,0.656,1.777,2.554,-2.959,-9.062,-0.344,-0.625,1.334
1.516,-5.619,-5.844,-0.276,1.164,2.022,2.936,-4.743,-10.25,-0.41,-0.713,3.354
0.933,-1.946,-6.731,-1.619,1.121,-0.197,2.918,-9.357,-10.727,-0.597,-1.127,4.378
-0.612,-5.722,-7.295,-2.756,1.98,-2.793,7.906,-19.507,-14.432,-0.602,-1.523,4.378
-4.398,-14.057,-6.677,-3.23,1.769,-4.336,-1.317,-15.475,3.845,0.239,4.385,0.841
0.812,-20.155,-5.55,-2.129,1.583,-4.336,5.098,-6.227,-20.351,-0.18,0.634,0.155
