-6.18,-13.895,-6.867,-1.439,1.257,-3.878,0.108,-9.789,-11.52,0.0,0.0,0.0
-1.881,-18.187,-9.354,0.0,4.378,-3.947,0.158,-9.808,-11.479,0.0,0.0,0.0
-0.68,-10.155,-8.737,0.0,-0.186,-0.147,0.149,-9.726,-11.377,0.0,0.0,0.0
-0.562,-10.373,-8.874,0.0,0.0,0.0,0.189,-9.802,-11.514,0.0,0.0,0.0
-0.649,-10.461,-9.125,0.0,0.103,0.0,0.18,-9.772,-11.422,0.0,0.0,0.0
-0.474,-10.322,-9.277,0.0,0.0,0.0,0.334,-9.688,-11.392,0.0,0.0,0.0
-0.558,-10.163,-9.12,0.0,0.0,0.0,0.188,-9.603,-11.392,0.0,0.474,0.0
-0.521,-9.981,-9.206,0.0,0.0,0.0,0.115,-10.129,-11.588,0.0,0.305,-0.126
-4.431,-12.214,-7.208,1.497,0.594,2.568,0.581,-9.737,-11.214,0.0,-0.102,-0.354
-15.67,-13.759,-8.233,1.589,1.556,2.94,1.843,-10.461,-11.265,0.196,-0.491,-0.199
-20.301,-13.128,-8.654,-0.119,-0.15,4.394,3.053,-10.319,-8.88,0.205,-0.826,0.673
-15.294,-9.16,-8.142,0.346,-1.299,4.394,10.75,-12.732,-8.519,0.61,-2.49,-0.481
-5.629,-8.244,-9.173,0.976,-2.395,4.394,7.491,-15.489,-6.964,1.194,1.891,-2.798
-2.463,-0.828,-10.007,0.444,-1.382,4.394,4.402,-15.874,-7.617,1.711,1.375,-3.215
3.426,6.818,-13.731,-0.404,-1.155,1.66,2.295,-12.852,-9.226,1.788,0.488,-3.215
3.529,2.353,-8.465,-2.32,-0.937,-1.271,0.992,-8.446,-12.294,1.327,0.323,-2.335
5.608,-10.178,-5.123,-2.363,-0.882,-2.214,-2.906,-5.52,-13.041,0.864,0.554,-1.441
-8.859,-14.895,5.354,-0.456,-0.955,-3.208,-1.787,-4.04,-12.985,0.0,0.201,-0.166
-5.023,-5.829,1.125,-0.499,0.0,1.601,1.122,-4.35,-11.973,-0.928,-0.348,1.33
0.491,-7.853,-4.344,-0.691,1.015,2.309,3.406,-7.396,-10.657,-1.538,-0.509,3.082
1.324,-4.655,-3.551,-2.358,0.59,1.017,5.154,-13.95,-9.184,-2.151,-1.027,4.21
-1.206,-3.955,-3.716,-3.1,1.537,-1.314,6.533,-17.439,-6.562,-1.623,0.399,3.804
-4.535,-8.03,-4.099,-2.167,2.475,-3.178,7.677,-13.782,-3.7,-0.989,0.0,1.3
-7.741,-13.219,-4.51,-1.057,1.637,-3.763,11.865,-13.03,-4.434,-0.424,1.02,-0.628
-8.415,-14.542,-8.5,-1.591,3.045,-3.683,0.333,-10.683,-9.762,-0.206,-1.209,-0.674
