-4.293,-13.158,-7.666,-0.997,1.556,-2.056,0.324,-9.683,-11.715,0.0,0.0,0.0
-0.532,-10.175,-9.757,0.0,0.0,-0.126,0.177,-9.683,-11.692,0.0,0.0,0.0
-0.496,-10.583,-9.294,-0.122,0.0,-0.21,0.234,-9.756,-11.62,0.0,0.0,0.0
-0.636,-10.543,-9.312,0.0,0.0,-0.101,0.273,-9.74,-11.952,0.0,0.0,0.0
-1.477,-10.656,-9.619,0.0,-0.161,0.0,-0.13,-9.639,-11.621,0.0,0.151,0.0
-14.452,-16.721,-7.096,1.515,0.0,2.533,0.256,-9.93,-11.559,0.125,0.0,-0.174
-20.301,-17.428,-11.136,1.203,0.564,4.394,1.359,-10.15,-10.649,0.14,-0.247,0.127
-14.653,-17.296,-6.154,0.279,-0.67,4.394,5.778,-12.145,-7.394,0.211,-1.028,1.223
0.247,-7.916,-11.091,0.868,-1.934,4.394,18.913,-16.123,-6.752,0.727,1.1,-2.434
-0.432,2.685,-10.699,0.199,-1.571,3.01,4.942,-19.279,-5.543,1.604,0.828,-3.929
-1.136,2.939,-7.913,-1.166,-2.185,0.144,1.58,-15.666,-10.761,1.682,0.189,-4.073
5.381,-7.186,-4.128,-1.63,-1.257,-1.84,0.0,-10.715,-13.774,1.037,0.0,-3.378
-4.127,-14.294,1.122,-0.437,-0.226,-3.248,-4.185,-7.282,-14.192,0.451,0.955,-1.838
-6.091,-3.365,-5.042,-0.179,1.399,1.177,-2.556,-5.379,-12.477,-0.209,0.306,-0.529
0.548,-7.736,-3.864,0.117,0.851,2.757,1.103,-5.386,-11.102,-0.752,-0.615,0.923
0.643,-2.237,-4.213,-1.312,1.388,0.897,2.808,-6.256,-10.742,-1.197,-0.707,3.289
-1.752,-0.712,-3.223,-3.289,0.806,-1.558,5.363,-12.699,-9.949,-1.457,-1.599,4.378
-6.542,-5.636,-4.05,-2.341,1.975,-4.033,9.548,-18.312,-9.542,-1.05,0.0,4.378
-6.653,-13.26,-4.627,-1.88,1.691,-4.336,9.586,-11.586,-10.676,-0.882,-0.308,2.055
-8.185,-15.654,-6.072,-2.312,0.749,-4.336,-2.667,-10.623,-10.573,-0.66,-1.122,-0.969
-2.37,-17.233,-11.49,1.201,3.616,-4.272,-1.157,-10.476,-9.301,-0.242,0.904,0.0
-3.196,-19.225,-10.448,-1.181,3.368,-4.168,-0.292,-10.123,-11.377,0.0,0.547,0.652
-7.729,-13.889,-11.609,0.53,0.778,-2.042,-1.608,-9.446,-11.88,0.0,0.273,0.118
-3.011,-11.144,-10.423,-1.207,2.496,1.385,-0.133,-9.655,-12.106,0.0,0.254,-0.212
-1.22,-10.631,-9.127,-0.387,1.908,1.508,0.787,-9.578,-11.311,0.0,0.0,-0.223
