-0.649,-10.173,-8.856,0.0,0.0,-0.287,0.0,-9.738,-11.556,0.0,0.0,0.109
-1.108,-10.484,-9.14,0.0,0.1,-0.301,0.206,-9.753,-11.51,0.0,0.0,0.0
-1.1,-10.466,-8.939,-0.12,0.0,0.0,0.113,-9.687,-11.514,0.0,0.0,0.0
-0.529,-10.338,-8.887,0.0,0.0,0.0,0.46,-9.56,-11.53,0.0,0.244,0.0
-2.949,-10.308,-8.112,0.0,0.0,0.402,-0.24,-10.135,-11.544,0.0,0.312,0.0
-7.379,-15.25,-7.919,3.264,0.816,3.755,0.0,-9.971,-11.779,0.0,0.0,-0.283
-20.301,-11.624,-8.218,0.459,0.688,4.123,1.147,-9.778,-11.504,0.2,-0.252,-0.102
-17.377,-9.435,-7.439,-0.596,-1.01,4.394,2.511,-10.376,-10.04,0.22,-0.513,0.656
-7.123,-7.71,-8.49,0.709,-1.998,4.394,10.18,-12.493,-6.904,0.509,-2.018,0.331
-4.809,-2.375,-10.28,-0.432,-1.581,3.671,9.539,-15.341,-7.513,0.885,1.553,-2.946
-0.469,2.101,-10.267,-0.485,-1.72,1.864,2.811,-16.283,-7.858,1.518,1.144,-3.352
-0.838,0.684,-3.256,-0.783,-2.215,0.0,2.294,-13.386,-10.396,1.416,0.273,-3.281
5.235,-8.474,-3.615,-1.371,-1.361,-1.682,1.008,-8.843,-12.085,0.876,0.35,-2.452
-5.34,-8.076,-2.204,0.553,0.725,-2.673,-2.115,-6.548,-11.74,0.591,0.846,-1.316
-3.818,-2.833,3.126,0.0,-0.537,1.226,-0.789,-4.799,-12.092,0.0,0.0,-0.483
1.742,-1.088,-2.294,-0.407,-0.434,0.848,0.951,-5.009,-11.692,-0.474,-0.511,0.612
-1.504,-5.72,-1.507,-0.332,2.305,1.182,1.938,-7.151,-11.186,-0.8,-1.225,2.089
-0.46,-4.569,-5.45,-0.759,1.705,0.781,2.604,-10.726,-10.738,-1.053,-1.714,3.827
-0.187,-2.808,-7.244,-2.484,0.616,-0.53,6.138,-17.603,-10.691,-1.245,-0.291,4.378
-2.098,-6.54,-6.52,-3.269,1.754,-2.67,11.829,-15.477,-6.546,-1.035,-0.724,2.676
-6.334,-13.662,-5.081,-3.029,1.886,-4.292,18.937,-16.405,-4.186,-0.46,0.0,-1.007
-7.603,-16.082,-7.177,-1.39,0.947,-4.336,4.123,-9.313,-14.184,-0.299,-1.378,-0.652
-7.215,-16.029,-7.668,-1.237,1.122,-3.677,-0.236,-9.184,-10.551,-0.24,-0.361,0.138
-5.765,-14.771,-9.615,-1.294,3.949,-1.829,-0.331,-10.234,-11.483,-0.163,0.152,0.431
-4.133,-13.603,-8.338,-0.748,2.399,-1.043,-1.426,-9.795,-12.219,0.0,0.178,0.137
