-0.493,-10.12,-8.783,0.0,0.0,-0.139,0.106,-9.681,-11.653,0.0,0.0,0.0
-0.717,-10.33,-8.548,0.0,0.0,-0.149,0.0,-9.693,-11.714,0.0,0.0,0.0
-0.645,-10.397,-8.611,0.0,0.0,0.0,0.0,-9.71,-11.663,0.0,0.0,0.0
-0.717,-10.263,-8.772,0.0,0.0,0.0,0.0,-9.726,-11.62,0.0,0.0,0.0
-0.61,-10.148,-9.559,0.0,-0.288,0.0,0.0,-9.662,-11.481,0.0,0.0,0.0
-5.01,-11.485,-8.702,0.476,-0.42,0.933,0.108,-9.686,-11.58,0.0,0.127,0.0
-14.749,-16.853,-7.784,1.286,1.355,3.771,0.0,-9.602,-11.716,0.0,0.0,0.0
-19.537,-14.514,-9.31,1.088,0.823,4.394,-0.158,-9.906,-11.839,0.0,0.0,0.0
-14.063,-10.076,-7.552,-0.206,-0.674,4.394,-0.178,-10.048,-11.724,0.225,0.0,0.0
-5.981,-5.068,-10.956,-0.277,-2.007,4.394,0.886,-10.427,-10.597,0.137,-0.378,0.181
-2.455,2.128,-10.855,0.0,-0.937,3.74,6.284,-12.479,-6.132,0.423,-1.479,0.413
0.514,4.738,-8.367,-0.219,-1.952,1.136,12.166,-14.995,-4.852,0.951,1.249,-2.053
2.598,-3.041,-4.736,-1.827,-1.595,-1.498,4.221,-16.843,-7.421,1.579,0.94,-3.307
-1.653,-18.751,7.189,-0.998,-2.987,-4.294,1.537,-14.469,-10.647,1.683,0.467,-3.258
-11.871,-3.395,-8.3,-0.5,4.329,0.165,0.471,-10.191,-12.396,1.182,-0.305,-3.071
-0.736,-8.394,-3.161,-0.144,0.714,3.058,-2.34,-7.01,-13.861,0.714,0.194,-1.866
0.14,-2.799,-4.483,-1.904,0.191,1.163,-2.164,-5.612,-12.848,-0.139,0.534,-0.685
-0.581,-0.42,-3.734,-2.327,1.204,-1.532,1.209,-5.159,-11.906,-0.922,0.0,0.661
-5.865,-4.693,-2.901,-1.998,1.975,-3.577,3.012,-6.615,-10.356,-1.368,-0.35,2.304
-8.142,-12.499,-4.515,-1.653,0.986,-4.336,4.322,-10.584,-8.207,-1.658,-0.963,3.778
-8.767,-16.101,-6.202,-0.935,1.553,-4.336,7.345,-15.615,-7.151,-1.393,0.14,4.378
-8.005,-14.53,-10.206,-0.144,2.579,-3.166,9.874,-15.559,-6.574,-0.96,-1.603,2.393
-5.121,-12.875,-9.581,-0.61,2.217,-1.892,12.393,-12.789,-6.461,-0.528,0.689,-0.301
-3.023,-11.51,-9.301,-0.168,1.528,-1.005,0.996,-10.086,-13.163,-0.308,-1.151,-0.832
-2.345,-11.443,-10.589,0.0,2.206,-0.861,-0.946,-9.911,-8.988,-0.155,0.126,-0.137
