-2.028,-9.942,-7.601,0.0,0.1,0.0,-0.916,-9.402,-11.152,0.0,0.0,0.0
-2.036,-9.78,-7.694,0.0,0.0,0.0,-0.94,-9.45,-11.102,0.0,0.0,0.0
-2.104,-9.884,-7.515,0.0,0.0,-0.114,-0.914,-9.413,-11.122,0.0,0.0,0.0
-2.515,-9.919,-7.629,0.0,0.0,0.0,-0.929,-9.437,-11.109,0.0,0.0,0.0
-2.064,-9.815,-7.803,0.0,0.0,0.0,-0.87,-9.475,-11.129,0.0,0.0,0.0
-2.291,-9.817,-7.68,0.0,0.0,0.0,-1.197,-9.358,-11.295,0.0,0.487,0.0
-12.387,-12.635,-4.024,-0.188,-0.404,0.784,-0.999,-9.462,-10.986,0.0,0.253,0.0
-17.037,-14.164,-5.415,0.159,-0.901,3.481,-0.879,-9.433,-10.896,0.0,0.0,0.0
-16.182,-13.266,-7.965,1.036,-2.877,4.357,-1.139,-9.655,-10.901,0.0,-0.183,-0.136
-13.533,-10.803,-10.908,1.215,-3.827,4.357,-0.863,-10.201,-10.068,-0.268,-0.509,-0.403
-9.671,-6.306,-11.977,0.478,-4.107,4.357,4.653,-13.525,-6.007,-0.359,-1.794,-0.884
-4.69,-2.477,-9.116,-0.272,-3.282,3.89,14.443,-13.811,-9.697,0.413,-4.352,-2.715
-0.444,-1.137,-4.821,0.189,-1.978,2.447,6.175,-16.3,-10.806,0.431,0.574,-3.596
-0.263,0.346,-5.388,0.223,-0.99,1.125,3.127,-13.002,-13.476,0.908,1.094,-2.76
3.345,-2.389,-3.871,0.159,-0.832,0.116,2.685,-10.106,-12.446,1.234,1.865,-1.926
3.756,-8.661,-2.937,0.0,0.0,-1.306,0.369,-7.133,-11.608,0.808,0.385,-2.039
-2.779,-6.072,-0.103,-0.339,1.412,-1.35,-3.362,-3.669,-9.396,0.231,0.0,-1.543
7.556,-1.156,1.821,-0.69,-1.218,0.999,-3.398,-1.321,-11.467,0.18,0.116,0.308
2.662,-1.557,5.87,-0.798,0.81,-0.44,1.36,-4.11,-10.769,-0.303,-0.217,1.399
2.393,-3.475,6.143,0.158,0.0,0.297,4.089,-6.026,-12.158,-0.809,-1.093,1.519
-0.909,-5.818,-1.006,0.157,0.0,0.814,3.33,-8.021,-11.687,-0.97,-0.677,1.833
1.616,-7.902,-2.325,0.135,0.677,1.657,2.14,-10.601,-10.422,-0.82,0.348,2.638
0.95,-5.162,-4.013,0.0,0.105,0.33,2.049,-12.93,-8.607,-0.629,1.011,3.154
0.116,-1.209,-7.96,0.827,1.423,-1.472,4.803,-14.96,-7.52,-0.518,1.622,2.994
-1.509,-0.915,-6.528,0.74,2.676,-2.879,16.606,-18.913,2.688,-0.612,1.29,1.275
