-0.252,-2.78,-7.923,0.173,3.527,-2.619,6.801,-12.089,-2.391,-0.224,3.843,0.973
-2.522,-1.987,-8.165,0.0,1.699,-2.617,-0.987,-9.426,-11.047,0.0,0.0,0.0
-3.997,-5.871,-9.167,-0.527,3.623,-4.374,-0.983,-9.459,-11.041,0.0,0.0,0.0
-2.244,-9.639,-7.274,0.0,0.0,0.137,-0.961,-9.437,-11.067,0.0,0.0,0.0
-2.08,-9.838,-6.905,0.0,0.0,0.104,-0.905,-9.478,-11.055,0.0,0.0,0.0
-2.06,-9.73,-6.862,0.0,0.0,0.0,-0.896,-9.462,-11.073,0.0,0.0,0.0
-2.541,-9.825,-6.754,0.0,-0.319,0.0,-0.904,-9.432,-11.053,0.0,0.0,0.0
-2.558,-9.838,-6.833,0.0,-0.349,0.0,-0.78,-9.403,-11.021,0.0,0.0,0.0
-6.886,-11.222,-6.194,0.0,0.0,0.385,-0.817,-9.487,-10.971,0.11,0.141,0.111
-16.78,-15.623,-4.51,0.539,-0.832,3.57,-1.438,-9.602,-10.812,0.136,0.0,0.0
-12.699,-11.553,-6.507,0.441,-1.521,4.357,-0.972,-9.721,-10.472,0.108,0.0,-0.148
-12.926,-7.517,-8.109,0.297,-2.843,4.357,0.314,-11.294,-8.973,0.0,-0.186,0.0
-11.162,-5.38,-8.925,0.425,-3.376,4.357,10.112,-14.087,-1.693,0.368,-2.66,-1.024
-4.897,-1.104,-8.581,-0.684,-2.97,3.976,13.057,-17.351,-5.191,1.019,0.174,-2.794
-0.78,0.874,-7.831,-0.543,-1.905,2.927,2.373,-16.942,-8.018,1.712,0.67,-3.043
-2.62,-0.978,-4.79,-0.254,-0.517,1.458,1.198,-12.795,-12.683,1.896,1.303,-2.604
0.0,-1.258,-5.816,-0.905,0.201,-0.125,0.922,-8.743,-12.113,1.779,1.547,-2.012
-1.703,-3.241,-2.181,0.0,-0.849,0.75,-4.785,-3.791,-12.288,0.65,-0.954,-1.762
1.079,-8.495,-2.114,0.923,-0.452,-0.944,-6.151,-0.666,-12.306,-0.239,-0.621,-0.291
-0.531,-7.982,2.513,-0.76,0.941,-0.239,-3.836,-2.951,-11.582,-0.685,-0.476,1.313
0.498,-4.739,1.029,-0.114,-0.742,-0.663,0.151,-7.748,-10.749,-1.067,-0.248,2.39
-4.454,-8.355,5.517,-0.515,-0.109,1.168,3.886,-11.261,-10.27,-1.369,-0.579,2.569
0.385,-7.214,-0.103,-0.319,-1.024,2.222,5.29,-13.811,-9.381,-1.412,-0.15,2.503
0.935,-4.295,-2.078,0.541,-0.735,0.656,4.563,-13.59,-7.853,-1.332,0.476,2.249
2.096,-2.715,-3.454,0.482,-1.074,-0.963,4.447,-11.332,-10.734,-1.123,1.687,1.813
