-1.892,-10.217,-7.409,0.0,0.0,-0.405,-1.23,-9.275,-11.384,0.0,0.0,0.0
-2.075,-10.12,-7.662,0.0,0.0,-0.188,-1.188,-9.307,-11.328,0.0,0.0,0.0
-2.096,-10.066,-7.778,0.0,0.0,0.0,-1.074,-9.419,-11.323,0.0,0.0,0.0
-2.006,-10.302,-7.938,0.0,-0.105,0.0,-0.882,-9.456,-11.289,0.0,0.0,0.0
-6.321,-11.556,-6.797,0.0,-0.335,0.412,-1.093,-9.54,-11.038,0.0,0.0,0.0
-11.174,-13.527,-5.592,0.494,-1.223,2.074,-1.336,-9.393,-11.278,0.0,0.0,0.0
-12.681,-14.287,-6.58,0.921,-1.169,3.542,-1.626,-9.426,-11.235,0.181,-0.158,0.0
-10.959,-11.58,-9.228,0.764,-0.458,3.895,-1.351,-9.718,-10.602,0.263,0.117,0.0
-8.065,-7.939,-9.949,0.358,-2.185,3.783,-0.869,-9.627,-10.379,0.14,-0.179,0.0
-7.261,-3.385,-9.856,-0.677,-4.05,3.817,2.907,-12.247,-7.502,0.141,-0.882,-0.111
-4.144,-1.548,-7.216,-1.257,-3.636,2.753,12.128,-14.686,-2.339,0.662,-0.469,-1.401
-2.526,-1.963,-4.245,-0.34,-1.906,1.361,6.31,-18.051,-1.695,2.228,1.078,-2.119
1.334,-4.265,-3.713,0.659,-1.846,0.9,2.04,-18.34,-5.86,2.917,0.909,-2.386
2.784,-7.343,-3.197,0.0,-1.407,0.523,-0.568,-12.611,-10.343,2.989,1.238,-1.851
0.495,-12.355,-1.335,1.331,-1.263,-2.16,-2.099,-7.045,-11.987,2.245,0.528,-1.433
2.357,-3.925,-3.073,0.24,-0.144,-0.611,-4.585,-1.87,-15.742,0.964,-0.109,-0.865
-1.613,-6.984,2.843,-1.643,-0.547,-0.499,-4.817,-0.879,-15.313,-0.615,-0.131,0.282
0.364,-9.698,2.013,-0.538,0.249,2.193,-3.745,-4.562,-13.348,-1.698,-0.363,1.377
1.824,-7.473,-3.185,0.537,-0.725,2.179,-1.048,-10.815,-10.904,-2.525,0.0,2.135
2.766,-4.205,-4.993,0.677,1.302,-0.118,1.966,-16.162,-8.443,-3.212,-0.739,1.982
1.313,-3.148,-7.509,0.389,3.693,-2.328,4.66,-17.531,-5.788,-2.944,-0.804,1.749
-2.007,-4.908,-7.616,0.234,2.416,-4.031,2.32,-14.458,-2.707,-1.658,0.0,1.556
-4.208,-10.667,-9.975,-0.708,4.376,-4.374,18.479,-19.189,4.179,0.66,2.268,0.0
-9.933,-16.789,-5.466,-2.339,2.359,-4.374,1.247,-9.483,-15.216,-0.39,-1.955,-0.815
-10.051,-17.783,-6.255,-1.573,2.061,-4.374,-3.74,-8.004,-7.808,-0.177,0.497,0.116
