-1.662,-9.926,-8.06,0.0,0.0,0.172,-1.188,-9.411,-11.45,0.0,0.0,0.0
-1.687,-9.838,-8.045,0.0,0.0,0.0,-1.19,-9.439,-11.449,0.0,0.0,0.0
-1.753,-9.928,-8.064,0.0,0.0,0.0,-1.246,-9.421,-11.395,0.0,0.0,0.0
-2.078,-9.938,-8.01,0.0,0.0,-0.141,-1.288,-9.324,-11.392,0.0,0.0,0.0
-2.543,-9.942,-8.235,0.0,0.0,-0.215,-1.236,-9.302,-11.441,0.0,0.0,0.0
-8.144,-10.997,-6.959,0.0,-0.721,0.654,-1.128,-9.204,-11.478,0.0,0.0,0.0
-14.671,-12.704,-6.708,0.642,-0.708,2.422,-1.14,-9.618,-11.539,0.0,0.0,0.113
-16.215,-14.143,-5.294,-0.576,-3.341,4.126,-1.586,-9.637,-11.27,0.153,0.0,0.0
-14.895,-11.377,-9.953,1.067,-3.89,4.357,-1.134,-9.406,-11.133,0.159,0.163,0.0
-9.629,-7.05,-10.778,0.53,-3.837,4.357,-2.487,-9.643,-10.153,-0.214,0.319,0.0
-3.653,-3.385,-9.782,0.417,-3.242,3.496,7.858,-12.731,-6.084,-0.55,-0.802,-0.576
-4.228,-2.395,-8.064,0.0,-0.904,2.185,16.39,-19.189,2.145,2.148,1.068,-1.825
-2.65,-1.881,-5.942,0.112,-2.02,1.88,2.03,-19.189,-1.862,4.002,0.888,-1.343
3.792,-4.339,-3.55,0.169,-1.056,0.982,1.571,-19.189,-10.7,4.411,1.881,-1.352
5.241,-13.315,-4.126,-0.179,-0.968,-1.571,-5.303,-10.426,-16.878,3.031,0.318,-1.645
4.535,-10.606,0.0,-0.256,1.496,-0.856,-7.395,-1.489,-18.064,1.044,-0.321,-0.764
-0.418,-9.835,-0.266,-1.733,-1.439,-0.927,-5.943,-1.309,-17.298,-0.866,0.218,0.649
-4.016,-10.579,-1.133,-0.522,1.582,0.427,-2.685,-6.583,-14.262,-2.246,0.252,1.202
0.0,-5.766,-2.201,-0.25,1.859,0.0,-0.216,-12.994,-12.99,-3.478,-0.349,1.146
0.97,-2.626,-7.525,0.842,2.291,-2.47,2.155,-18.047,-9.615,-3.979,-0.898,1.097
-1.687,-6.043,-10.435,1.314,3.787,-4.374,5.138,-17.923,-3.59,-2.88,-1.064,1.292
-8.501,-9.88,-11.22,0.77,2.332,-4.374,12.667,-19.189,6.698,-0.624,-0.763,1.114
-12.112,-16.14,-7.163,-1.388,2.792,-4.374,-7.526,-8.482,-11.958,-0.364,-1.228,-0.196
-9.367,-17.567,-7.133,-2.725,1.593,-4.278,1.581,-9.471,-10.754,0.264,2.179,0.467
-7.718,-18.222,-2.833,-3.905,0.253,-2.866,-1.244,-9.947,-11.023,-0.1,-1.485,0.225
