-10.657,-16.23,-6.571,-2.975,2.959,-4.374,-1.628,-9.435,-10.767,0.0,0.0,0.0
-13.867,-18.398,-5.852,-1.748,2.513,-4.374,-1.691,-9.445,-10.78,0.0,0.0,0.0
-1.75,-9.809,-8.23,0.0,0.196,0.0,-1.661,-9.417,-10.864,0.0,0.0,0.0
-1.899,-10.019,-8.12,0.0,0.23,-0.131,-1.646,-9.433,-10.885,0.0,0.0,0.0
-1.969,-10.145,-7.841,0.0,0.199,-0.113,-1.645,-9.424,-10.87,0.0,0.0,0.0
-1.939,-10.163,-7.844,0.0,0.0,-0.19,-1.558,-9.375,-10.889,0.0,0.0,0.0
-2.524,-10.398,-8.484,0.0,0.228,-0.357,-1.488,-9.488,-11.061,0.0,0.0,0.0
-13.147,-12.489,-6.784,-0.656,-1.138,-0.146,-1.846,-9.487,-10.69,0.189,0.171,0.166
-12.916,-14.981,-7.081,0.712,-1.189,2.924,-1.922,-9.475,-10.643,0.186,0.0,0.0
-13.655,-16.1,-9.165,1.285,-2.274,4.357,-2.256,-9.462,-10.529,0.265,0.0,0.0
-12.907,-12.956,-11.261,0.527,-4.126,4.357,-1.705,-9.929,-9.855,0.344,0.0,0.0
-7.697,-8.405,-10.819,0.911,-3.447,4.357,2.613,-13.536,-6.445,0.214,0.0,0.0
-3.896,-4.113,-9.46,0.0,-3.583,3.625,12.91,-15.235,-2.756,0.371,-2.114,-1.749
-2.088,-3.184,-5.786,-0.434,0.435,1.536,6.63,-18.196,-4.01,1.206,-0.405,-3.117
-2.07,-2.073,-6.037,0.909,-2.552,2.397,3.241,-18.189,-8.713,1.717,0.617,-3.373
0.923,-1.438,-4.694,0.0,-1.564,1.335,-1.92,-13.537,-9.937,2.083,1.606,-3.029
5.189,-5.818,-2.977,0.29,-0.329,0.336,-4.825,-7.216,-12.695,1.516,0.298,-2.174
1.571,-8.325,-2.5,-0.578,2.893,-1.439,-6.936,-0.841,-13.599,0.539,-0.23,-0.736
4.851,-2.543,3.55,-0.948,-2.681,-0.522,-3.448,-1.167,-12.348,-0.391,0.139,0.813
-1.024,-7.872,6.382,-0.755,-0.156,-1.031,0.207,-4.957,-10.33,-1.031,-0.219,1.797
0.911,-8.068,-1.157,0.2,-0.984,1.195,5.265,-8.969,-7.798,-1.52,-0.124,1.849
2.093,-5.714,-3.904,-0.124,0.403,0.31,6.636,-10.863,-6.035,-1.565,-0.125,1.708
1.21,-4.306,-5.342,-0.406,1.806,-0.581,4.057,-10.415,-6.567,-1.36,-0.429,1.403
0.538,-4.523,-4.197,-0.836,1.228,-1.473,1.486,-10.632,-7.475,-0.978,0.0,1.551
-1.386,-4.41,-7.566,-0.672,1.923,-2.884,1.439,-11.591,-8.043,-0.832,0.202,1.636
