-1.481,-10.123,-7.969,0.0,0.202,0.171,-1.88,-9.487,-11.472,0.0,-0.302,0.0
-1.363,-9.969,-7.977,0.0,0.129,0.194,-0.776,-9.31,-11.493,0.0,0.0,0.0
-1.067,-10.142,-8.027,0.0,0.246,0.0,-0.768,-9.275,-11.501,0.0,0.0,0.0
-1.659,-9.796,-8.172,-0.118,0.317,-0.107,-0.735,-9.364,-11.51,0.0,0.0,0.0
-1.745,-9.92,-7.983,-0.119,0.0,-0.256,-0.629,-9.414,-11.556,0.0,0.0,0.0
-2.228,-10.212,-8.157,0.0,0.0,-0.234,-0.831,-9.477,-11.308,0.0,0.31,0.0
-1.943,-10.459,-8.13,-0.119,0.0,-0.16,-0.997,-9.256,-11.72,0.0,0.125,0.0
-6.27,-12.257,-5.975,0.0,-0.395,0.56,-0.474,-9.392,-11.399,0.0,0.0,0.0
-16.086,-15.156,-4.98,1.419,-1.057,3.125,-0.531,-9.554,-11.448,0.0,-0.108,0.0
-16.809,-11.544,-9.644,0.793,-2.393,4.357,-0.678,-9.488,-11.569,0.11,0.0,0.0
-12.333,-8.663,-10.848,0.0,-4.354,4.357,0.353,-10.84,-9.869,0.0,-0.449,-0.166
-9.873,-6.571,-9.249,0.227,-4.354,3.998,11.012,-13.692,-3.779,0.0,-3.38,-1.175
-6.124,-4.666,-7.153,1.306,-4.354,2.819,18.479,-16.483,-11.15,0.363,-1.171,-3.151
-3.211,-3.018,-6.668,0.902,-0.34,3.076,4.298,-18.021,-10.684,0.803,1.546,-3.748
-0.126,-1.371,-5.072,0.601,-0.845,1.891,3.482,-13.933,-13.743,1.29,2.137,-2.795
1.834,0.837,-2.526,0.392,-1.861,0.401,-0.197,-8.522,-12.9,1.508,2.118,-1.964
6.56,-8.746,-2.432,0.458,-0.578,-2.134,-1.121,-5.136,-12.151,0.911,-0.117,-1.848
-1.07,-12.121,-0.698,-0.923,2.304,-1.998,-4.532,-1.619,-11.91,-0.326,-1.185,-1.419
2.564,-1.992,2.4,-0.808,-0.533,1.677,-3.266,-0.666,-10.608,-0.248,-0.106,0.784
3.524,-2.503,5.653,-0.781,-0.35,-0.757,1.476,-4.282,-10.072,-0.284,-0.309,1.937
-1.819,-4.445,2.556,0.585,0.0,0.102,6.719,-7.662,-10.263,-0.452,-0.459,2.261
0.213,-6.312,-0.72,-0.203,-0.651,1.284,6.774,-9.21,-9.947,-0.703,-0.672,2.048
1.466,-5.58,-2.438,0.0,-0.385,0.971,3.938,-10.219,-9.783,-0.645,-0.243,2.266
2.188,-3.426,-5.946,0.309,0.789,0.0,2.601,-11.449,-9.26,-0.53,0.293,2.492
1.136,-2.529,-7.547,-0.458,1.834,-1.582,4.178,-12.348,-8.888,-0.494,0.613,2.157
