-1.674,-10.149,-8.021,0.0,0.0,-0.378,-1.394,-9.375,-11.304,0.0,0.0,0.0
-2.057,-10.191,-8.042,0.0,0.172,-0.317,-1.365,-9.357,-11.323,0.0,0.0,0.0
-2.231,-10.177,-8.209,0.0,0.0,-0.174,-1.315,-9.409,-11.341,0.0,0.0,0.0
-2.531,-10.552,-8.187,0.0,0.0,0.0,-1.279,-9.412,-11.258,0.0,0.0,0.0
-9.021,-13.076,-6.37,0.614,-0.323,1.753,-1.523,-9.509,-11.153,0.0,0.0,0.0
-14.114,-15.798,-7.092,1.016,-0.564,4.357,-1.354,-9.231,-11.44,0.0,0.104,0.0
-11.869,-9.711,-9.435,0.175,-1.914,4.357,-1.118,-9.339,-11.547,0.0,0.0,0.0
-12.142,-7.497,-9.018,-0.724,-3.83,3.558,-1.385,-9.644,-11.205,0.209,0.0,0.128
-8.299,-4.919,-8.418,0.145,-4.03,3.813,-1.795,-9.487,-10.637,0.127,-0.162,0.0
-3.524,-0.745,-7.249,-0.78,-1.402,2.782,2.014,-12.728,-7.645,-0.124,-0.747,-0.188
-2.084,-0.249,-4.728,-1.193,-2.851,1.582,9.052,-15.91,2.433,1.258,-2.862,-1.356
-1.416,-1.257,-2.161,0.63,-4.354,0.686,10.027,-19.189,-2.06,2.924,1.715,-2.202
2.759,-11.401,-3.772,0.0,-0.444,-1.621,0.388,-19.189,-8.97,3.593,1.726,-2.737
-1.893,-7.21,-5.45,0.217,1.981,-0.165,-4.646,-12.737,-14.777,3.266,1.744,-1.948
8.932,-3.262,-1.15,-0.683,-1.814,0.105,-8.57,-3.465,-17.435,1.406,-0.238,-1.301
1.252,-7.532,3.586,-0.216,0.262,-1.499,-7.836,-0.159,-17.523,-0.564,-2.039,0.0
-2.542,-9.519,-4.17,0.561,2.005,0.753,-3.35,-4.221,-16.024,-1.319,0.526,1.533
0.0,-8.872,-4.299,0.397,2.138,1.863,-1.997,-11.436,-16.464,-3.157,-0.362,1.723
0.912,-1.811,-6.187,-0.126,1.348,-0.453,2.635,-19.189,-11.955,-4.039,-0.963,1.98
-0.872,-2.272,-8.487,1.48,4.037,-3.846,4.846,-18.911,-3.894,-2.777,-0.293,2.266
-12.079,-6.118,-5.618,1.439,2.057,-4.374,18.479,-19.189,8.647,-0.257,-0.966,0.926
-15.878,-5.843,-5.227,0.0,0.326,-4.374,-10.744,-8.648,-19.213,-0.536,-2.848,-0.899
-12.988,-6.631,-6.035,0.431,0.0,-3.931,1.037,-11.191,-9.096,0.242,1.534,0.971
-8.761,-17.321,-5.797,-3.7,1.409,-4.374,-1.214,-8.521,-11.679,0.165,-0.268,0.57
-9.394,-12.738,-5.08,-2.049,0.0,-2.163,-1.882,-9.675,-10.424,-0.172,-0.136,0.0
