-1.249,-1.041,-9.072,1.438,2.828,-3.393,14.667,-19.189,1.288,0.271,2.328,0.521
-2.213,-10.083,-7.899,0.0,0.0,0.404,-1.087,-9.516,-10.865,0.0,0.0,0.0
-1.826,-9.827,-7.878,0.0,0.0,0.284,-1.176,-9.425,-10.807,0.0,0.0,0.0
-1.686,-9.647,-7.58,0.0,0.0,0.0,-1.176,-9.417,-10.852,0.0,0.0,0.0
-2.07,-9.881,-7.544,0.0,0.0,-0.202,-1.108,-9.393,-10.874,0.0,0.0,0.0
-2.37,-9.928,-7.886,0.0,0.0,-0.29,-0.866,-9.291,-11.036,0.0,0.0,0.0
-6.823,-11.399,-7.309,-0.33,-0.45,-0.373,-0.936,-9.581,-10.784,0.106,0.0,0.0
-15.86,-15.518,-6.299,-0.421,-1.081,2.185,-1.254,-9.609,-10.546,0.0,0.0,0.0
-14.954,-14.006,-9.053,0.575,-2.644,4.288,-1.333,-9.548,-10.739,0.0,-0.122,0.0
-13.146,-10.236,-11.218,0.337,-3.97,4.357,-1.309,-9.797,-10.398,0.114,0.0,-0.153
-10.723,-8.158,-10.904,0.212,-4.354,4.265,1.342,-12.054,-7.887,0.0,-0.687,-0.164
-3.658,-3.524,-8.277,0.993,-2.397,3.837,7.799,-14.641,-2.777,0.535,-2.785,-1.22
-4.241,-2.207,-6.68,0.781,-3.228,2.384,9.568,-16.755,-4.037,1.069,0.249,-2.368
-1.9,-1.881,-6.669,-0.265,-1.144,0.925,4.282,-16.154,-6.54,1.822,0.345,-2.698
-0.463,-1.638,-4.33,0.11,-1.209,0.819,4.434,-13.718,-9.357,2.414,1.711,-2.407
1.465,-3.364,-3.814,0.421,-0.687,0.0,-1.746,-9.617,-11.073,1.922,0.636,-2.504
3.816,-11.173,-0.593,0.534,0.0,-0.55,-3.642,-3.882,-13.129,0.915,-0.736,-1.773
2.176,-5.142,-0.938,-1.329,1.102,0.446,-6.238,-0.302,-12.069,0.111,-0.231,-0.228
2.808,-3.114,3.318,-0.336,-1.438,-1.311,-4.122,-1.634,-11.031,-0.415,0.438,1.623
-0.769,-7.056,3.893,0.356,0.0,-1.268,1.834,-6.874,-9.433,-1.006,0.0,2.248
0.391,-8.139,1.615,-0.328,-0.16,0.848,4.423,-9.88,-8.405,-1.463,0.0,2.169
1.995,-5.996,-2.943,-0.396,0.47,0.467,5.458,-12.342,-8.51,-1.851,0.0,1.925
1.477,-6.126,-2.727,-0.902,0.0,-1.323,4.201,-12.509,-7.792,-2.139,0.0,1.495
1.732,-4.548,-13.806,2.963,3.551,-3.175,3.515,-12.475,-5.382,-1.553,0.473,1.365
-5.512,-4.027,-11.259,-0.652,2.645,-4.374,1.769,-8.701,-14.952,-1.43,0.552,1.508
