-1.778,-9.796,-7.482,0.0,0.0,-0.173,-1.489,-9.42,-11.186,0.0,0.0,0.0
-1.903,-9.918,-7.444,0.0,0.0,-0.152,-1.476,-9.375,-11.219,0.0,0.0,0.0
-2.111,-9.968,-7.719,0.0,0.139,-0.124,-1.459,-9.406,-11.225,0.0,0.0,0.0
-2.112,-9.974,-7.492,0.0,0.0,0.0,-1.442,-9.378,-11.208,0.0,0.0,0.0
-1.926,-9.731,-7.538,0.0,0.0,0.0,-1.366,-9.358,-11.268,0.0,0.0,0.0
-2.142,-10.114,-6.984,0.0,0.0,0.0,-1.75,-9.46,-11.083,0.0,0.0,0.0
-7.145,-12.141,-6.082,0.18,0.0,1.192,-1.447,-9.396,-11.28,0.0,0.0,0.0
-12.579,-14.073,-5.974,0.53,-0.883,3.147,-1.42,-9.623,-11.483,0.125,0.0,0.0
-13.343,-11.957,-7.749,0.821,-2.195,3.262,-1.505,-9.752,-11.044,0.261,0.0,0.0
-11.468,-8.69,-9.226,0.156,-3.01,3.979,-1.416,-9.91,-9.62,0.0,-0.316,-0.138
-7.154,-6.75,-4.407,-0.534,-4.29,4.123,8.207,-13.553,-3.132,0.367,-2.045,-0.572
-4.41,-2.521,-7.71,1.95,-3.01,2.482,17.935,-17.09,-3.548,1.477,0.127,-1.877
-5.112,-1.786,-5.695,0.382,-1.526,1.255,4.478,-19.189,-3.786,2.934,2.058,-2.761
-4.238,-2.459,-5.505,0.607,-1.641,1.622,-0.216,-17.587,-8.971,3.414,1.603,-2.24
4.324,-4.719,-3.557,0.561,-1.358,1.437,-3.297,-9.064,-14.016,2.755,1.395,-1.765
4.508,-15.046,-4.23,-0.189,-0.895,-1.198,-7.507,-1.97,-18.311,1.168,0.453,-1.225
6.616,-5.504,1.1,-0.339,0.647,1.402,-9.14,0.0,-18.416,-1.305,-1.729,-0.342
4.903,-5.121,0.701,-1.265,0.224,-1.405,-3.339,-5.478,-14.827,-2.304,-0.443,1.401
-0.953,-7.999,0.205,0.177,0.133,-0.657,-0.68,-13.501,-13.267,-2.942,-0.337,2.278
-0.45,-7.967,-3.392,-0.488,1.417,0.95,3.027,-19.13,-9.317,-3.147,-0.929,2.295
3.105,-4.222,-6.01,-0.131,2.033,0.0,7.69,-18.085,-3.314,-2.303,-0.191,1.94
0.888,-3.558,-10.208,-0.29,3.043,-2.881,13.852,-19.189,4.738,-0.719,0.158,1.328
-4.715,-6.948,-11.333,-0.845,3.96,-4.342,-9.93,-8.473,-14.122,-0.39,-2.89,-0.296
-11.881,-17.725,-9.289,-1.974,3.507,-4.374,-2.642,-10.449,-7.808,-0.323,0.837,0.301
-11.498,-19.023,-8.913,-1.31,1.062,-4.374,-1.224,-9.096,-11.171,-0.24,0.47,0.186
