-1.527,-10.2,-7.9,0.0,0.0,-0.233,-1.093,-9.449,-11.356,0.0,0.0,0.0
-1.69,-10.206,-7.959,0.0,0.0,-0.2,-1.085,-9.441,-11.398,0.0,0.0,0.0
-1.797,-10.248,-7.813,0.0,0.0,0.0,-1.13,-9.407,-11.404,0.0,0.0,0.0
-1.82,-10.165,-7.871,0.0,0.0,0.132,-1.137,-9.375,-11.375,0.0,0.0,0.0
-1.321,-10.06,-8.145,0.124,0.0,0.188,-1.171,-9.352,-11.363,0.0,0.0,0.0
-1.381,-10.083,-8.155,0.0,0.0,0.192,-1.153,-9.378,-11.353,0.0,0.0,0.0
-1.101,-9.98,-8.2,0.0,0.0,0.168,-1.146,-9.401,-11.363,0.0,0.0,0.0
-0.981,-9.912,-8.113,0.0,0.0,0.0,-1.108,-9.444,-11.331,0.0,0.0,0.0
-1.536,-10.16,-8.179,0.0,0.0,-0.132,-1.147,-9.377,-11.4,0.0,0.0,0.0
-4.086,-11.009,-7.176,0.0,-0.389,0.101,-1.209,-9.31,-11.321,0.0,0.0,0.0
-6.951,-11.996,-6.863,0.348,-0.62,1.339,-1.256,-9.299,-11.314,0.0,0.0,0.0
-11.11,-13.163,-6.191,0.526,-0.944,2.484,-1.167,-9.645,-11.116,0.105,0.0,0.0
-11.855,-10.491,-6.87,0.991,-2.199,3.731,-0.604,-9.73,-10.529,0.0,-0.112,-0.118
-14.198,-9.006,-7.075,1.151,-3.58,3.657,3.251,-12.904,-7.566,-0.735,-0.806,-0.66
-12.676,-6.024,-9.216,-0.123,-3.427,4.357,9.813,-13.714,-0.972,0.222,-3.416,-2.459
-9.628,-3.716,-6.335,0.484,-3.315,3.805,5.984,-19.189,-0.49,3.538,3.132,-1.775
-1.546,-3.201,-6.037,1.616,-3.689,3.05,2.867,-19.189,-13.941,4.411,1.731,-1.269
11.05,-9.957,-10.826,0.817,-2.627,-0.13,-5.263,-11.901,-18.852,2.687,1.102,-2.133
-0.977,-7.681,-10.045,1.625,4.376,0.715,-8.188,-2.417,-23.778,-0.657,-0.974,-2.052
9.98,-3.312,-5.282,-1.76,-3.605,0.436,-5.481,-5.143,-16.764,-2.64,-3.666,0.0
-4.823,-12.868,2.049,-2.882,1.639,-2.005,-3.467,-10.626,-15.28,-2.732,0.986,2.764
-1.143,-10.005,-0.516,-1.033,1.261,0.0,5.601,-16.307,-10.693,-2.055,-0.328,3.223
-1.368,-5.472,-6.928,0.149,3.518,-1.917,8.738,-16.263,-7.56,-1.671,-1.086,2.468
-5.768,-7.307,-7.05,0.556,3.934,-3.972,18.479,-19.014,4.407,0.379,1.979,1.182
-8.615,-12.139,-10.086,0.322,3.643,-4.374,-6.406,-8.762,-15.412,-0.395,-3.547,-0.226
