-2.018,-9.722,-10.034,0.0,0.0,0.0,11.735,-13.769,-9.028,-0.715,-0.712,1.325
-1.585,-9.73,-10.104,0.0,0.0,0.0,-0.48,-9.416,-11.988,0.0,0.0,0.0
-1.404,-9.662,-10.141,0.0,0.0,0.0,-0.474,-9.435,-11.962,0.0,0.0,0.0
-1.355,-9.67,-10.135,0.0,0.0,0.0,-0.514,-9.479,-11.914,0.0,0.0,0.0
-1.399,-9.734,-10.054,0.0,0.0,-0.135,-0.481,-9.427,-11.89,0.0,0.0,0.0
-4.542,-11.129,-9.436,0.0,-0.268,0.216,-0.682,-9.529,-11.869,0.0,0.0,0.0
-9.183,-14.377,-8.576,0.507,-1.183,1.033,-0.499,-9.65,-11.766,0.0,0.0,0.0
-9.195,-15.068,-6.126,1.097,-0.874,3.113,-0.525,-9.826,-11.858,0.0,0.0,0.0
-6.936,-11.978,-4.614,2.611,-1.482,4.013,1.18,-10.101,-11.279,0.139,0.51,-0.215
-7.156,-7.374,-5.624,3.168,-2.196,3.647,6.782,-12.119,-7.462,0.577,1.226,-1.215
-5.479,-1.551,-6.86,2.672,-1.884,2.886,6.925,-9.285,-7.79,0.967,0.147,-2.187
-2.853,2.794,-6.361,1.203,-2.459,2.168,7.211,-10.106,-7.921,1.085,0.383,-2.341
-3.126,4.159,-4.342,0.818,-1.201,0.728,7.852,-10.95,-8.216,1.051,1.032,-2.429
-2.243,2.66,-3.201,0.464,-1.819,0.414,7.141,-10.916,-8.729,0.975,1.801,-2.392
2.932,-0.437,-2.573,0.237,-1.915,-0.248,3.436,-8.486,-9.563,0.887,1.816,-2.104
0.899,-4.503,-4.727,-0.979,0.0,-1.519,1.334,-5.871,-10.933,0.516,1.492,-1.32
-4.384,-3.227,-1.647,0.478,0.863,0.518,0.0,-4.463,-10.649,0.0,0.591,-0.496
1.197,-0.515,-5.473,-0.704,0.951,0.862,0.226,-3.385,-9.415,-0.552,-0.149,0.444
0.503,-0.945,-5.454,-1.46,1.869,0.0,2.182,-4.677,-7.947,-1.0,-0.831,1.465
0.0,-0.518,-6.259,-1.674,2.541,-1.475,4.043,-7.129,-7.262,-1.082,-1.485,2.302
-4.399,-6.481,-4.513,-2.58,2.528,-3.763,3.826,-10.795,-8.219,-1.002,-2.771,2.703
-7.336,-9.989,-2.202,-2.304,0.915,-3.812,4.805,-13.367,-11.762,-0.811,-2.561,2.879
-6.564,-14.144,-3.101,-2.027,1.016,-4.213,5.772,-13.482,-9.822,-0.846,-1.449,2.35
-8.021,-15.376,-4.696,-1.171,1.975,-2.839,6.911,-11.576,-8.868,-0.427,-0.638,1.607
-6.713,-11.438,-8.063,-0.374,2.17,-1.656,10.478,-10.751,-9.306,-0.256,0.167,0.418
