-3.278,-11.275,-6.787,-1.112,1.78,-1.942,-1.27,-9.08,-12.076,-0.237,0.0,0.124
-1.087,-9.711,-10.446,0.0,0.0,0.0,-1.21,-9.506,-11.755,0.0,0.0,0.0
-1.105,-9.643,-10.598,0.0,0.0,0.0,-1.193,-9.464,-11.772,0.0,0.0,0.0
-1.498,-9.74,-10.359,0.0,0.0,0.0,-1.298,-9.433,-11.767,0.0,0.0,0.0
-1.288,-9.9,-10.547,0.0,0.0,0.0,-1.163,-9.529,-11.726,0.0,0.0,0.0
-3.559,-10.274,-10.953,0.0,0.192,0.383,-1.071,-9.455,-11.72,0.0,0.0,0.0
-8.566,-13.358,-9.444,0.458,-0.853,1.435,-1.169,-9.717,-11.733,0.0,0.0,-0.143
-10.295,-13.793,-8.264,1.045,-1.981,2.883,-0.756,-9.695,-11.699,0.0,0.0,0.0
-7.816,-11.826,-7.522,1.965,-2.054,3.562,0.716,-10.172,-10.381,0.13,0.0,-0.296
-6.874,-8.052,-6.385,2.037,-1.671,3.432,6.793,-12.261,-8.863,0.507,0.599,-1.039
-4.883,-3.353,-7.966,1.337,-1.482,3.367,4.998,-10.408,-8.427,0.969,0.391,-2.072
-3.335,0.265,-5.474,0.191,-1.829,1.782,5.666,-10.482,-8.599,1.072,0.544,-2.254
-5.201,1.549,-1.719,0.892,-1.251,0.848,8.871,-11.022,-7.994,1.134,0.521,-2.677
-3.742,1.23,-0.638,0.862,-1.56,0.254,9.561,-10.961,-7.495,1.228,1.32,-3.205
-0.338,1.349,-3.545,0.903,-1.494,-0.531,6.349,-9.221,-6.873,1.235,1.642,-3.3
0.885,1.058,-2.136,-0.258,-1.303,-1.492,3.151,-5.152,-10.819,0.862,1.833,-2.41
0.0,-5.449,-3.828,0.144,-0.789,-1.964,-0.107,-2.6,-10.225,-0.105,1.474,-1.092
-6.139,-6.79,-2.3,-0.366,0.58,-0.141,0.843,-3.049,-10.005,-0.712,0.378,0.0
-0.488,-3.82,-4.816,0.0,0.448,1.338,0.787,-3.754,-7.366,-0.7,-0.516,0.961
-1.259,-0.324,-3.741,-0.379,0.631,0.568,3.516,-4.31,-8.046,-0.836,-1.206,1.796
-1.039,0.362,-4.413,-1.891,1.064,-0.472,4.38,-6.544,-7.133,-1.036,-1.787,2.66
-3.624,-2.227,-3.697,-2.842,1.309,-1.215,5.08,-10.481,-8.646,-1.283,-2.595,3.133
-7.349,-6.486,-4.939,-4.301,4.332,-1.76,4.498,-13.916,-11.048,-1.379,-2.225,3.645
-8.185,-8.744,-2.134,-1.929,-0.494,-2.126,8.67,-15.821,-8.931,-1.11,-2.312,2.888
-5.095,-12.69,-5.4,-1.666,2.287,-3.449,7.129,-12.455,-9.757,-0.352,0.0,1.673
