-5.582,-11.422,-2.816,-2.394,0.967,-2.701,-0.397,-9.438,-11.844,0.0,0.0,-0.127
-1.939,-9.566,-9.705,0.0,0.0,0.117,-0.209,-9.495,-11.68,0.0,0.0,-0.104
-1.651,-9.634,-9.616,0.179,-0.113,0.247,-0.124,-9.389,-11.662,0.0,0.0,0.0
-1.498,-9.479,-9.563,0.0,-0.134,0.14,-0.116,-9.422,-11.668,0.0,0.0,0.0
-1.387,-9.576,-9.367,0.0,-0.187,0.0,-0.33,-9.491,-11.583,0.0,0.0,0.0
-1.735,-9.736,-9.383,0.0,-0.294,0.0,-0.501,-9.463,-11.592,0.0,0.0,0.0
-4.378,-10.658,-7.97,0.268,-0.491,0.21,-0.468,-9.655,-11.583,0.0,0.0,0.0
-8.147,-12.427,-7.12,1.198,-0.613,1.67,0.0,-10.086,-11.645,0.0,0.173,0.302
-12.647,-12.573,-3.088,1.27,0.618,3.302,2.105,-9.438,-11.95,-0.115,0.607,0.486
-9.821,-9.516,-3.817,2.183,-1.344,4.134,5.195,-12.89,-3.001,0.8,1.478,-0.63
-7.627,-6.06,-3.986,2.8,-1.931,3.933,5.614,-13.261,-8.103,1.427,0.588,-1.948
-3.941,-1.344,-6.226,2.602,-1.79,2.894,5.388,-13.625,-8.251,1.628,0.391,-2.597
-1.45,2.023,-7.246,1.363,-1.488,1.633,5.097,-12.712,-10.26,1.443,0.672,-2.786
-3.138,3.165,-4.24,0.0,-0.873,0.0,3.03,-9.996,-10.46,1.119,1.116,-2.426
0.0,1.31,-1.82,0.0,-2.395,-0.521,0.345,-7.505,-10.621,0.766,1.409,-1.735
0.0,-3.087,-2.218,0.0,-0.542,-1.8,-0.88,-5.638,-10.94,0.297,0.931,-0.934
-5.001,-3.995,-1.646,-0.463,0.299,-1.009,-1.209,-4.251,-10.322,-0.202,0.0,0.0
-2.817,-2.377,-2.65,0.0,0.358,0.934,0.414,-5.126,-9.503,-0.763,-0.274,1.07
-1.155,0.144,-3.405,-0.288,0.461,0.789,1.988,-7.751,-8.246,-1.095,-1.515,1.906
-2.55,0.648,-4.017,-1.656,0.911,0.0,2.614,-11.15,-8.632,-1.009,-2.125,2.651
-2.996,0.0,-3.845,-2.506,1.109,-0.986,5.05,-13.761,-11.443,-1.177,-2.439,2.836
-5.588,-3.254,-2.877,-2.85,1.252,-1.923,8.003,-14.32,-9.339,-0.981,-1.506,1.897
-8.143,-6.436,-1.583,-3.524,0.444,-2.047,6.43,-10.032,-8.422,-0.463,-1.084,0.735
-5.01,-9.13,-1.445,-4.161,-0.443,-2.275,2.981,-8.486,-10.761,-0.478,-1.045,1.067
-5.692,-11.235,-2.206,-2.393,1.06,-1.9,10.181,-11.613,-8.937,-0.104,0.716,0.0
