-2.145,-9.385,-9.599,0.0,-0.216,0.0,-0.735,-9.503,-11.889,0.0,0.0,0.0
-2.79,-9.907,-9.071,0.0,-0.16,0.0,-0.71,-9.443,-11.897,0.0,0.0,0.0
-2.525,-9.728,-9.341,0.117,0.0,0.265,-0.787,-9.414,-11.847,0.0,0.0,0.0
-8.307,-12.218,-8.199,0.235,0.0,0.678,-0.791,-9.451,-11.812,0.0,0.0,0.0
-10.648,-13.106,-7.97,1.026,-0.734,2.29,-0.917,-9.65,-11.686,0.114,0.0,0.0
-9.68,-9.779,-6.695,0.792,-1.665,3.196,0.617,-10.142,-11.51,0.154,0.389,-0.199
-8.076,-7.802,-4.351,0.605,-2.212,3.472,5.591,-12.269,-7.987,0.454,0.678,-0.834
-7.75,-5.849,-3.408,1.942,-2.679,3.138,7.002,-11.811,-7.906,1.019,0.232,-2.09
-5.273,-2.269,-6.365,2.298,-2.04,2.377,7.066,-11.985,-7.541,1.446,0.618,-3.016
-2.734,1.099,-6.014,1.529,-1.935,1.341,8.737,-10.876,-7.942,1.631,0.289,-3.436
-1.59,3.026,-3.146,0.639,-1.762,-0.213,7.549,-9.082,-7.126,1.663,0.961,-3.333
0.771,2.418,-2.769,0.287,-1.356,-1.015,4.728,-5.807,-8.825,1.147,1.219,-2.794
-0.849,-6.485,-5.296,-0.483,-0.845,-1.593,3.174,-3.966,-11.109,0.418,1.241,-1.685
-3.612,-5.668,-1.837,-0.132,-0.254,0.0,0.716,-3.167,-11.002,-0.187,1.094,-0.408
-0.491,-2.374,-4.556,0.442,0.602,1.156,1.03,-3.659,-10.041,-0.779,0.0,0.543
0.187,-0.147,-5.381,-0.153,0.743,0.605,2.718,-4.369,-8.37,-1.206,-0.521,1.38
-0.709,1.237,-5.62,-1.071,1.755,-0.604,4.224,-5.288,-5.494,-1.527,-0.695,2.197
-3.869,-1.229,-4.622,-2.292,1.959,-1.928,5.255,-8.266,-5.106,-1.442,-0.944,2.885
-8.32,-6.202,-2.74,-2.951,1.74,-2.929,5.669,-11.668,-6.871,-1.18,-2.484,2.9
-6.747,-8.733,-1.995,-2.366,0.982,-2.704,5.857,-12.864,-10.116,-1.071,-2.601,2.338
-6.833,-11.678,-2.016,-1.922,0.647,-2.903,5.159,-11.789,-10.163,-0.746,-0.717,1.868
-6.766,-13.707,-3.262,-1.786,1.525,-2.726,2.898,-10.902,-8.639,-0.491,-0.723,1.343
-5.535,-10.924,-6.888,-0.828,1.325,-1.484,3.124,-9.939,-9.963,-0.301,0.178,1.317
-4.026,-10.833,-9.166,-1.051,3.507,-0.65,5.76,-10.181,-9.406,0.0,0.816,-0.217
-4.888,-10.912,-8.776,0.0,2.079,0.149,1.544,-10.367,-11.5,-0.195,0.0,0.0
