-1.714,-9.59,-9.797,0.0,-0.134,0.0,-0.28,-9.459,-11.736,0.0,0.0,0.0
-1.682,-9.661,-9.63,0.0,0.0,0.0,-0.297,-9.447,-11.651,0.0,0.0,0.0
-1.993,-9.707,-9.664,0.0,0.0,0.0,-0.232,-9.452,-11.665,0.0,0.0,0.0
-1.869,-9.505,-10.139,0.0,0.0,0.0,-0.241,-9.402,-11.704,0.0,0.0,0.0
-3.546,-10.145,-9.363,0.108,-0.191,0.239,-0.269,-9.475,-11.729,0.0,0.0,0.0
-7.4,-12.409,-8.263,0.694,-0.491,1.238,-0.353,-9.409,-11.751,0.0,0.0,0.0
-9.44,-12.252,-7.284,1.085,-0.519,2.43,-0.302,-9.681,-11.688,0.0,0.0,0.0
-8.493,-10.534,-6.356,1.26,-1.019,3.055,-0.111,-9.805,-11.663,0.0,0.0,0.0
-10.037,-9.651,-4.738,1.629,-1.712,3.128,0.0,-9.859,-11.881,0.0,0.0,0.194
-10.357,-8.183,-4.57,1.957,-1.697,3.638,4.225,-9.343,-11.15,0.0,0.329,0.213
-5.199,-2.084,-4.672,1.984,-1.742,3.947,8.842,-12.203,-7.287,0.728,1.51,-1.679
-0.339,3.694,-5.832,1.933,-2.266,2.817,5.52,-10.805,-9.182,1.022,1.194,-2.425
0.46,7.04,-7.303,0.394,-1.58,0.707,5.318,-10.491,-8.47,0.945,1.063,-2.185
0.716,5.252,-0.929,-0.94,-1.623,-0.837,6.253,-10.546,-8.814,0.883,1.462,-1.663
0.258,0.51,-5.722,0.0,-0.96,-1.377,3.908,-11.566,-9.518,0.961,1.823,-1.436
-1.19,-5.51,-3.773,-1.369,-0.826,-1.623,0.786,-8.159,-11.269,0.876,1.268,-1.393
-2.175,-4.008,-1.665,-0.71,0.184,-0.343,-1.014,-5.739,-11.674,0.391,0.537,-0.923
-0.523,-0.699,-3.346,-0.139,0.647,0.677,-0.842,-4.585,-11.301,-0.219,0.0,-0.106
0.441,-0.807,-0.875,-0.719,0.78,0.0,0.0,-5.847,-8.949,-0.734,-0.556,1.014
-3.47,-1.125,-1.84,0.581,2.094,-0.801,2.765,-8.854,-8.173,-0.775,-3.164,1.678
-4.579,0.0,-4.711,-0.569,1.393,-1.154,5.657,-11.271,-11.155,-0.203,-2.922,2.342
-6.239,-0.502,-5.534,-1.337,1.255,-1.9,6.597,-12.137,-10.366,-0.524,-1.952,2.476
-4.411,-3.403,-3.068,-2.443,1.306,-2.724,8.559,-11.566,-9.6,-0.481,-0.44,1.993
-6.858,-6.676,-3.117,-1.423,1.409,-3.331,6.21,-9.517,-9.085,-0.442,0.633,1.325
-8.211,-10.319,-6.323,-1.879,1.081,-3.797,3.106,-9.179,-7.645,-0.301,-0.164,0.852
