-3.626,-11.495,-11.336,-0.726,-1.217,-0.371,-1.897,-10.452,-10.111,-0.165,0.0,0.329
-1.223,-9.737,-10.446,0.0,-0.245,0.0,0.177,-9.364,-11.883,0.0,0.0,0.0
-1.506,-9.734,-10.341,0.238,-0.537,0.0,0.25,-9.45,-11.818,0.0,0.0,0.0
-1.551,-9.797,-10.282,0.268,-0.673,0.0,0.239,-9.371,-11.784,0.0,0.0,0.0
-3.548,-10.933,-8.76,0.352,-1.037,0.544,0.291,-9.425,-11.759,0.101,0.0,0.0
-5.308,-11.135,-8.053,0.266,0.1,0.977,0.199,-9.623,-11.719,0.137,0.0,-0.146
-10.599,-14.207,-4.267,1.175,-1.634,2.071,0.327,-10.101,-11.765,0.246,0.0,-0.323
-11.442,-14.001,-3.772,2.474,-2.617,3.08,0.971,-10.589,-11.122,0.232,0.357,-0.39
-7.766,-10.906,-4.266,3.315,-1.833,3.831,3.605,-8.453,-10.743,0.271,0.207,-0.139
-4.07,-5.618,-6.513,3.417,-1.769,3.563,8.484,-9.813,-7.942,0.442,0.64,-1.076
-2.375,-0.692,-6.879,2.322,-1.426,2.468,8.047,-9.11,-7.305,0.863,0.0,-2.11
-0.625,2.301,-5.122,1.086,-1.4,1.416,9.155,-9.565,-6.524,1.079,0.271,-2.735
0.0,3.353,-4.832,0.265,-1.098,0.542,9.871,-9.323,-6.552,1.122,1.101,-3.048
1.689,4.101,-3.05,-0.404,-1.334,-0.221,9.116,-8.602,-7.838,1.045,1.942,-2.906
3.408,1.263,-1.939,-0.573,-0.781,-1.301,5.179,-6.115,-9.214,0.68,2.33,-2.316
-0.746,-4.125,-3.914,-0.742,-0.185,-1.477,2.052,-4.344,-10.427,0.249,1.619,-1.29
-1.938,-3.689,-3.075,-0.219,0.667,0.303,0.733,-3.302,-10.237,0.0,0.813,-0.256
0.395,-0.974,-4.166,-0.474,0.865,0.362,1.235,-3.591,-9.461,-0.367,-0.366,0.57
0.841,-0.321,-5.249,-1.155,1.796,-0.582,2.977,-4.028,-8.186,-0.851,-0.864,1.252
-2.506,-1.999,-5.117,-2.752,1.675,-1.73,4.682,-5.584,-6.649,-1.289,-1.243,1.946
-7.635,-7.782,-1.355,-3.699,1.654,-2.461,5.494,-8.101,-5.596,-1.409,-1.248,2.507
-6.273,-8.583,-1.342,-2.485,1.243,-2.167,4.703,-10.174,-6.352,-1.142,-2.28,2.8
-6.041,-10.493,-3.318,-1.637,0.948,-2.394,6.145,-11.923,-10.171,-0.861,-2.772,3.055
-3.672,-12.532,-4.309,-1.997,1.034,-2.492,7.16,-13.265,-9.467,-1.026,-1.633,2.625
-3.361,-12.702,-7.15,-1.81,2.265,-2.031,5.933,-12.227,-8.933,-0.409,-0.776,1.553
