-1.571,-9.608,-9.888,0.0,0.0,0.0,-0.358,-9.505,-11.682,0.0,0.0,0.0
-1.709,-9.571,-9.904,0.0,0.0,0.0,-0.409,-9.494,-11.726,0.0,0.0,0.0
-1.896,-9.578,-9.945,0.0,0.0,0.0,-0.585,-9.474,-11.659,0.0,0.0,0.0
-1.964,-9.616,-9.796,0.0,0.0,0.0,-0.358,-9.475,-11.698,0.0,0.0,0.0
-1.8,-9.655,-9.767,0.0,0.0,0.0,-0.365,-9.507,-11.605,0.0,0.0,0.0
-1.705,-9.693,-9.791,0.0,0.0,0.0,-0.459,-9.45,-11.616,0.0,0.0,0.0
-1.802,-9.574,-9.822,0.0,0.0,0.0,-0.352,-9.558,-11.5,0.0,0.0,0.0
-1.805,-9.656,-9.933,0.0,0.0,0.0,-0.511,-9.439,-11.597,0.0,0.0,0.0
-2.595,-9.914,-9.66,0.0,-0.175,0.0,-0.541,-9.565,-11.653,0.0,0.0,-0.11
-8.242,-13.714,-7.692,0.648,-0.879,0.73,0.0,-9.814,-11.338,0.0,0.0,0.0
-8.666,-15.397,-6.149,2.406,-0.806,3.278,1.565,-9.881,-11.04,0.0,0.0,0.0
-11.098,-11.611,-2.491,2.027,-0.421,3.986,10.779,-12.646,-9.738,0.294,0.255,-1.463
-9.677,-8.236,-3.471,2.571,-1.725,4.394,8.067,-12.668,-9.463,0.856,1.141,-3.153
-5.225,-5.045,-6.433,3.088,-1.808,4.394,5.669,-11.2,-8.319,1.018,1.081,-3.592
0.656,3.659,-9.488,1.942,-2.142,2.868,5.858,-8.37,-9.402,0.685,0.952,-3.117
-0.122,6.69,-6.073,-0.471,-0.995,0.0,9.69,-8.568,-8.597,0.512,1.565,-2.961
-3.166,4.81,0.0,0.35,-1.863,0.0,5.608,-5.557,-8.702,0.683,2.028,-2.691
1.097,0.94,-4.134,1.181,-0.999,-1.23,-0.419,-1.231,-9.498,0.453,2.408,-1.311
-0.448,-1.516,-8.67,-1.079,-0.726,-1.972,0.183,-0.915,-10.727,-0.254,0.669,0.276
-2.855,-4.171,-1.659,-1.262,-0.831,-0.552,2.765,-3.141,-9.287,-0.738,-0.236,1.333
-2.406,-1.061,-2.551,0.0,1.139,0.891,3.969,-4.628,-7.916,-1.005,-0.808,1.97
-1.869,-0.144,-4.122,-0.536,0.865,0.986,5.55,-6.754,-7.441,-1.188,-1.916,2.458
-0.255,1.305,-5.005,-2.05,0.964,0.272,6.355,-9.604,-6.283,-1.178,-2.407,2.745
-1.775,0.157,-4.132,-2.953,1.579,-1.095,5.656,-10.449,-7.46,-1.151,-2.288,2.72
-4.342,-5.307,-1.806,-3.623,1.677,-2.398,6.417,-11.639,-9.38,-0.986,-1.051,2.804
