-4.357,-12.323,-8.251,-1.281,2.312,-2.068,-1.577,-9.0,-11.51,-0.272,0.606,0.498
-5.081,-12.795,-10.308,-1.15,2.845,-1.67,-0.461,-9.42,-11.854,0.0,0.0,0.0
-0.936,-9.697,-10.562,0.0,0.0,0.0,-0.462,-9.559,-11.842,0.0,0.0,0.0
-1.089,-9.659,-10.771,0.0,0.0,0.0,-0.48,-9.43,-11.854,0.0,0.0,0.0
-1.308,-9.714,-10.551,0.0,0.0,0.0,-0.42,-9.438,-11.824,0.0,0.0,0.0
-1.237,-9.896,-10.547,0.0,0.0,0.0,-0.548,-9.459,-11.775,0.0,0.0,0.0
-3.954,-10.843,-9.944,0.306,-0.909,0.338,-0.511,-9.453,-11.832,0.0,0.0,-0.15
-9.19,-13.895,-7.974,1.147,-0.76,1.837,-0.387,-10.574,-11.505,0.221,0.0,-0.338
-10.384,-14.103,-7.823,2.035,-0.749,3.416,9.166,-12.142,-9.629,0.315,0.0,-1.012
-11.696,-11.647,-5.412,1.716,-2.082,4.28,10.407,-11.374,-8.123,0.909,0.425,-2.672
-7.976,-7.635,-4.649,2.385,-2.281,4.394,9.478,-10.61,-7.933,1.173,0.713,-3.484
-3.32,-3.417,-6.436,2.864,-2.223,4.138,10.801,-11.506,-8.293,1.168,1.217,-4.089
1.061,1.274,-10.016,1.64,-1.204,2.056,9.321,-9.262,-8.407,0.994,2.221,-4.132
-3.673,3.928,-2.22,0.184,-0.54,1.082,5.39,-5.379,-10.283,0.619,2.545,-3.373
-0.644,7.24,-1.509,-0.103,-1.449,0.285,-0.89,-1.779,-11.307,0.0,2.457,-1.663
1.428,5.964,-2.98,-0.455,-1.814,-1.153,-1.252,-2.191,-11.475,-0.737,1.082,0.0
1.357,-1.666,-4.15,-0.635,-1.046,-1.736,0.422,-2.654,-9.044,-1.24,-0.189,1.009
-4.311,-8.307,-3.217,-1.043,-0.246,-1.402,3.015,-4.361,-6.792,-1.249,-1.187,2.074
-1.132,-2.772,-5.191,0.427,0.772,1.097,4.317,-6.079,-5.72,-1.485,-1.55,2.844
0.0,-1.174,-6.665,-0.792,1.123,0.226,5.584,-9.239,-5.749,-1.631,-2.295,3.256
-0.903,0.592,-7.467,-1.882,2.168,-1.082,6.643,-12.755,-7.763,-1.467,-3.208,3.214
-4.263,-5.083,-3.053,-4.208,1.663,-3.054,7.127,-13.756,-10.869,-1.341,-1.503,3.171
-7.703,-11.128,1.606,-3.628,0.555,-2.627,5.948,-12.957,-8.152,-1.038,-0.55,2.149
-8.639,-11.005,-0.895,-3.913,0.71,-1.409,4.578,-11.541,-8.987,-0.407,-0.136,1.283
-4.89,-10.777,-2.935,-1.968,1.301,-1.686,7.376,-11.238,-9.112,-0.188,0.444,0.146
