-1.536,-9.701,-10.3,0.0,0.0,0.0,2.483,-8.612,-11.632,-0.184,0.0,-0.23
-1.638,-9.655,-10.309,0.0,0.0,0.0,0.0,-9.397,-11.968,0.0,0.0,0.0
-1.464,-9.67,-10.284,0.0,-0.159,0.0,0.0,-9.4,-11.918,0.0,0.0,0.0
-1.3,-9.847,-10.23,0.0,-0.293,-0.128,0.0,-9.388,-11.889,0.0,0.0,0.0
-1.517,-9.694,-10.133,0.0,-0.541,-0.146,0.0,-9.506,-11.888,0.0,0.0,0.0
-1.425,-9.856,-10.073,0.0,-0.51,-0.15,0.0,-9.456,-11.805,0.0,0.0,-0.105
-3.67,-11.092,-8.402,0.0,0.0,0.622,0.15,-9.599,-11.721,0.113,0.0,-0.144
-10.283,-14.844,-5.66,1.448,-0.999,1.589,0.297,-9.726,-11.668,0.17,0.0,-0.187
-10.272,-15.324,-5.978,2.333,-1.585,3.157,0.7,-10.4,-11.379,0.173,0.21,-0.155
-8.911,-12.438,-6.104,2.404,-1.354,4.061,3.977,-9.938,-11.275,0.245,0.356,-0.446
-6.644,-7.943,-4.532,2.362,-1.695,4.394,7.3,-10.355,-8.201,0.595,0.472,-1.555
-2.205,-0.767,-5.664,2.672,-2.431,3.606,7.46,-8.436,-9.144,0.784,0.227,-2.153
-0.439,4.179,-6.909,1.454,-1.373,1.314,7.895,-8.004,-8.59,0.69,0.578,-2.439
-1.754,2.329,-3.952,-0.226,-1.451,0.0,9.131,-8.023,-7.412,0.595,0.863,-2.516
1.236,0.0,-3.42,-0.503,-1.976,-0.998,9.185,-7.833,-7.674,0.355,1.122,-2.523
1.299,-4.731,-3.636,-0.636,-1.65,-1.567,6.139,-6.865,-9.32,0.272,1.975,-2.031
-1.941,-4.975,-2.91,-0.307,0.147,-0.515,1.738,-4.817,-11.13,0.0,1.617,-1.067
-1.389,-4.144,-3.389,0.485,0.496,0.795,0.64,-4.483,-10.941,-0.143,0.649,0.0
0.17,-0.193,-3.535,0.189,1.287,0.544,1.359,-4.646,-10.492,-0.458,-0.149,0.633
-2.336,3.073,-4.518,-0.401,1.944,-0.53,3.125,-5.016,-9.18,-0.876,-0.706,1.343
-3.134,0.653,-3.86,-2.317,1.533,-1.702,4.093,-6.676,-6.636,-1.167,-1.083,2.128
-4.403,-4.22,-2.315,-3.552,1.292,-2.847,4.111,-9.762,-6.592,-0.974,-1.813,2.784
-5.908,-8.058,-0.329,-3.182,1.512,-2.876,4.939,-12.926,-10.921,-0.722,-3.117,3.018
-7.387,-9.693,-1.872,-2.321,0.857,-2.786,6.714,-13.539,-10.698,-0.714,-1.065,2.604
-5.532,-10.436,-5.091,-1.281,1.501,-2.418,6.607,-11.631,-10.338,-0.417,-0.597,1.498
