-6.624,-8.756,0.277,-2.912,0.802,-2.225,-0.672,-9.457,-11.842,0.0,0.0,0.0
-0.869,-9.867,-9.603,-0.169,-0.375,0.0,-0.328,-9.438,-11.712,0.0,0.0,0.0
-1.535,-9.455,-9.403,0.0,-0.143,-0.207,-0.51,-9.47,-11.854,0.0,0.0,0.0
-1.797,-9.792,-9.842,0.126,-0.101,-0.198,-0.426,-9.426,-11.818,0.0,0.0,0.0
-1.793,-9.541,-10.182,0.0,-0.233,-0.105,-0.468,-9.461,-11.781,0.0,0.0,0.0
-1.528,-9.638,-9.877,0.0,0.0,0.0,-0.455,-9.453,-11.808,0.0,0.0,0.0
-1.402,-9.6,-9.906,0.0,0.0,0.0,-0.547,-9.474,-11.841,0.0,0.0,0.0
-1.13,-9.735,-9.675,0.0,0.0,0.0,-0.334,-9.435,-11.817,0.0,0.0,-0.108
-1.541,-9.993,-9.762,0.0,0.0,-0.1,-0.103,-9.471,-11.763,0.0,0.0,-0.191
-6.773,-13.136,-7.988,0.285,-1.592,0.184,0.308,-9.566,-11.535,0.0,0.0,-0.183
-6.041,-13.124,-7.765,1.315,-0.948,2.273,0.198,-9.444,-11.089,0.0,0.0,0.221
-8.793,-11.453,-4.704,1.458,0.32,2.988,6.763,-10.981,-10.105,0.231,0.0,-0.463
-9.584,-10.412,-3.743,1.996,-1.004,3.51,7.729,-11.166,-8.42,0.769,0.587,-1.987
-8.584,-8.326,-4.939,2.587,-1.651,3.816,7.178,-10.526,-8.47,0.973,0.384,-2.714
-4.085,-1.632,-7.031,2.088,-1.997,3.377,7.919,-10.579,-8.877,0.987,0.793,-2.836
-4.015,1.94,-5.139,1.55,-1.819,2.06,8.156,-9.141,-8.471,0.92,1.805,-2.648
-3.467,3.667,-4.893,0.959,-1.665,1.164,4.7,-7.847,-8.85,0.58,1.748,-2.146
0.784,5.112,-2.748,0.0,-2.143,0.0,2.526,-6.379,-11.172,0.478,1.244,-1.348
2.33,2.05,-4.731,-0.157,-1.025,-1.227,0.435,-4.818,-11.28,0.0,1.036,-0.595
-0.119,-5.501,-4.939,-1.11,-0.198,-1.666,0.525,-4.366,-10.668,-0.591,0.0,0.171
-4.638,-6.506,-2.397,0.0,0.379,0.26,1.619,-4.768,-9.325,-0.897,-0.683,1.189
1.546,-1.322,-6.046,0.112,0.894,0.828,3.969,-6.811,-8.378,-1.048,-1.657,2.122
1.424,0.143,-7.665,-1.131,1.442,-0.281,5.857,-8.924,-8.28,-1.07,-1.408,2.971
-1.827,-2.211,-7.423,-2.347,2.448,-2.593,5.672,-13.296,-8.78,-1.139,-2.855,2.961
-9.48,-10.212,-1.397,-4.195,1.652,-3.913,7.018,-13.234,-10.317,-0.786,-1.426,2.181
