-1.656,-9.778,-9.919,0.0,0.0,0.105,0.151,-9.438,-11.426,0.0,0.0,0.0
-1.306,-9.859,-9.564,-0.118,-0.165,0.0,0.241,-9.459,-11.371,0.0,0.0,-0.132
-1.153,-9.906,-9.422,0.0,-0.158,0.0,0.347,-9.384,-11.301,0.0,0.0,-0.14
-1.413,-9.633,-9.821,0.124,0.192,0.0,0.692,-9.43,-11.232,0.0,0.0,0.0
-1.688,-9.612,-9.999,0.0,0.0,-0.11,0.277,-9.603,-11.276,0.0,0.0,0.0
-2.677,-9.849,-9.387,0.0,0.0,0.109,0.59,-9.614,-11.396,0.0,0.0,0.0
-9.5,-13.606,-5.972,0.412,-1.539,0.483,0.624,-9.641,-10.997,0.0,0.0,0.0
-8.419,-15.291,-4.962,2.419,-2.381,2.099,2.192,-9.639,-10.201,0.0,-0.167,0.0
-5.096,-11.553,-4.934,3.147,-1.048,2.85,7.29,-10.816,-9.834,0.338,0.289,-1.136
-6.219,-7.265,-1.901,2.285,-0.505,2.995,6.949,-8.941,-9.162,0.596,0.691,-1.734
-5.066,-3.64,-3.184,2.857,-1.125,2.918,7.165,-8.615,-8.194,0.601,0.787,-1.905
-5.258,-1.086,-6.925,2.379,-1.182,2.423,7.851,-9.667,-8.5,0.616,1.065,-1.92
-2.913,2.326,-3.715,1.009,-0.971,1.738,7.366,-10.783,-9.364,0.638,1.127,-1.966
2.138,4.748,-5.109,0.853,-1.754,0.344,5.549,-9.845,-10.303,0.576,1.842,-1.931
0.0,1.565,-1.533,-0.386,-0.606,-1.006,2.343,-7.374,-9.43,0.486,2.483,-1.452
1.525,-2.935,-0.555,-0.228,-1.226,-1.219,0.93,-5.377,-9.263,0.369,1.103,-0.964
-3.118,-4.15,-2.15,0.0,-0.324,-0.755,0.958,-3.693,-9.759,0.124,0.0,-0.295
-1.069,-1.462,-4.148,-0.309,0.399,0.279,0.88,-3.559,-9.234,-0.421,-0.543,0.609
-0.344,-0.329,-5.275,-0.763,0.994,0.308,2.746,-5.261,-8.271,-0.831,-1.371,1.537
-0.474,-0.119,-6.729,-1.579,1.269,-0.355,4.806,-8.079,-7.874,-0.895,-1.972,2.266
-2.905,-2.668,-4.709,-2.741,1.647,-1.629,4.639,-10.879,-8.676,-0.863,-2.031,2.797
-6.261,-7.466,-1.383,-3.289,1.303,-2.255,6.061,-12.522,-10.812,-0.857,-1.676,2.744
-5.972,-8.964,-2.093,-2.48,0.574,-2.141,6.412,-13.063,-9.378,-0.796,-1.839,2.101
-4.148,-11.09,-1.901,-2.696,0.14,-1.86,5.847,-11.032,-9.306,-0.387,-0.236,1.248
-5.509,-12.133,-3.299,-1.998,0.923,-2.162,9.847,-10.536,-8.57,-0.234,0.351,0.516
