-0.828,-10.223,-8.909,0.0,0.0,0.0
-0.865,-10.281,-8.662,0.0,0.0,0.0
-0.797,-10.211,-8.993,0.0,0.0,0.0
-0.839,-10.353,-8.763,0.0,0.0,0.0
-0.802,-10.177,-8.749,0.0,-0.147,0.0
-0.81,-10.412,-8.309,0.0,0.0,0.0
-1.448,-10.534,-7.499,0.195,0.0,0.234
-2.225,-11.082,-4.841,1.033,-1.089,0.545
0.425,-11.396,-1.309,2.133,-2.324,0.659
3.44,-12.156,1.652,3.348,-2.703,0.128
4.03,-11.477,1.249,4.192,-1.079,-1.272
-0.118,-7.454,-2.768,2.629,-1.023,-1.914
-0.841,-4.48,-4.628,1.284,-1.401,-0.908
0.241,-3.42,-5.391,0.228,-0.216,-0.928
-0.345,-4.118,-6.211,-0.379,0.298,-0.513
-3.653,-6.059,-3.447,-1.561,0.664,0.581
-2.504,-7.836,-1.192,-0.932,2.229,1.978
-4.319,-6.506,3.706,0.241,2.449,3.03
-7.405,-2.134,9.106,1.416,3.074,3.374
-8.581,-0.184,9.106,2.915,3.44,4.304
0.0,1.736,1.998,4.431,2.427,4.393
5.23,8.17,-16.878,4.431,0.588,2.863
3.147,6.513,-17.578,-0.415,-2.541,0.181
-0.823,-13.785,9.106,-4.3,-3.77,-2.703
-9.076,3.847,0.8,-0.371,0.0,-0.969
