-0.61,-10.31,-9.187,0.0,-0.102,0.0
-0.718,-10.262,-9.084,0.0,0.0,0.0
-0.632,-10.34,-9.199,0.0,0.0,0.0
-0.764,-10.265,-9.332,0.0,-0.163,0.0
-0.542,-10.284,-9.312,0.0,0.108,0.0
-0.883,-10.351,-9.603,0.0,0.0,0.0
-0.791,-10.255,-9.597,-0.221,-0.29,0.0
-1.562,-10.815,-7.603,0.0,-0.659,0.175
0.438,-11.777,-3.352,1.37,-1.874,0.452
4.684,-13.312,-2.16,3.318,-2.118,-0.142
4.65,-13.515,-0.362,3.694,-1.88,-1.3
3.156,-9.168,-3.66,3.275,-0.984,-2.008
-1.842,-5.449,-6.213,1.582,-0.267,-2.348
-1.76,-5.816,-5.473,0.478,-0.68,-0.615
-0.36,-5.94,-6.988,-0.446,0.655,-0.221
-3.888,-5.567,-4.384,-1.486,1.432,0.863
-3.493,-10.313,1.206,-0.348,2.261,2.981
-7.125,-10.26,7.7,1.205,2.652,3.64
-9.018,-6.257,9.106,2.893,3.521,3.601
-0.117,-2.681,4.743,3.911,3.152,4.393
5.136,3.787,-7.783,4.431,3.178,4.393
8.288,9.575,-20.639,3.344,-0.26,2.783
5.062,9.168,-23.005,-1.441,-3.091,-0.536
-1.845,-17.245,9.106,-4.3,-3.309,-3.442
-15.015,4.829,6.16,-0.723,1.176,-2.185
