-2.88,-11.232,-4.62,1.527,-1.177,0.723
-0.177,-10.945,-4.328,2.721,-2.036,0.98
0.688,-9.969,-1.878,2.856,-1.698,0.671
1.726,-9.185,-0.698,2.756,-1.398,0.0
2.636,-6.6,-3.12,1.522,-1.512,-1.815
0.0,-4.236,-3.714,0.0,-1.452,-2.04
-2.883,-4.25,-2.731,0.0,-0.583,-0.782
-1.113,-4.094,-3.38,-0.302,0.317,-0.414
-3.77,-4.073,-0.672,-0.131,1.218,1.255
-4.896,-8.085,6.212,1.398,2.501,2.545
-6.829,-5.272,8.62,2.828,3.784,2.494
-8.024,-1.444,6.12,2.781,4.005,3.858
0.0,-0.198,-0.556,3.426,3.975,4.393
4.412,7.115,-9.225,3.295,2.504,3.537
5.938,12.193,-22.736,1.87,0.0,1.412
4.725,2.084,-15.811,-3.148,-3.573,-0.226
-3.845,-17.275,9.106,-4.3,-2.374,-3.749
-12.644,4.886,4.421,0.315,0.398,0.626
0.606,4.637,-8.866,-0.178,0.0,0.497
-2.163,4.784,-4.261,-0.564,-0.208,0.518
-1.48,2.069,-6.175,-0.983,0.321,0.952
-1.003,1.246,-7.275,-1.808,0.13,0.787
-1.209,-0.763,-4.407,-3.176,0.488,-0.836
-1.823,-4.783,-0.85,-3.532,1.657,-2.412
-5.37,-8.882,0.798,-3.843,1.832,-3.102
