-0.22,-9.611,-9.323,0.0,0.0,0.1
-0.306,-9.535,-9.277,0.0,-0.148,-0.113
-0.691,-9.644,-9.409,0.0,0.0,0.0
-0.597,-9.609,-9.296,0.0,-0.122,0.0
-0.876,-9.61,-9.608,0.0,0.0,0.0
-0.929,-9.598,-9.552,0.0,0.0,0.0
-0.786,-9.517,-9.687,0.0,-0.107,0.136
-0.577,-9.838,-9.722,0.0,0.125,0.249
-5.091,-12.477,-4.897,0.471,-0.667,1.239
1.893,-15.484,9.176,2.018,-4.036,2.899
3.914,-18.032,4.595,4.431,1.16,-1.461
-7.958,-15.811,-19.622,4.431,0.394,-1.561
-3.753,-9.409,-9.897,0.373,0.0,1.527
-2.878,-2.772,-7.592,-0.329,1.038,0.643
-4.782,-1.617,-4.738,-0.95,1.142,1.129
-14.408,-5.704,2.781,-0.648,2.73,1.924
-19.855,4.254,1.739,0.773,4.377,1.697
-13.993,9.438,-0.566,0.165,4.377,4.393
-4.669,4.904,-3.598,0.793,3.439,4.393
8.099,5.177,-15.188,1.385,1.749,2.8
8.433,-0.121,-13.38,-1.942,-1.307,-0.901
-14.614,-9.839,9.176,-4.299,-4.354,-2.651
-2.885,6.715,-13.606,2.104,0.238,1.772
-1.557,5.587,-3.883,-1.348,-0.179,0.0
-3.141,1.35,-5.758,-1.156,1.863,-1.128
