0.2,-9.617,-9.688,0.0,0.0,0.0
0.314,-9.53,-9.673,0.0,0.0,0.0
0.358,-9.597,-9.666,0.0,0.0,0.0
0.316,-9.63,-9.642,0.0,0.0,0.0
0.261,-9.55,-9.726,0.0,0.0,0.0
0.188,-9.578,-9.69,0.0,0.0,0.0
0.25,-9.537,-9.664,0.0,0.0,0.0
0.0,-9.685,-9.625,0.0,0.0,0.0
-2.152,-10.847,-6.491,0.0,-0.461,0.375
-4.11,-17.59,0.229,3.644,-4.354,2.799
0.0,-8.328,-0.806,4.431,-1.117,2.61
0.0,-5.966,-9.211,4.431,0.35,0.348
-4.906,-8.001,-8.361,1.913,0.314,-0.205
-3.804,-5.652,-4.517,0.0,0.329,0.556
-3.513,-2.499,-3.192,-0.458,0.248,0.443
-9.956,-1.106,-0.496,0.69,1.815,1.166
-19.855,-3.106,5.571,1.814,3.681,3.668
-10.545,6.655,-1.733,2.776,3.295,4.393
-2.683,7.042,-5.649,1.383,2.702,4.393
6.158,5.465,-14.113,2.079,1.327,3.093
2.414,7.381,-13.05,-0.73,-0.109,-0.264
-7.506,-9.899,9.176,-4.299,-2.874,-3.312
-9.779,3.953,-7.971,2.513,0.316,2.537
3.596,3.557,-4.328,-1.712,-0.522,0.266
-1.32,4.739,-5.442,-1.105,1.075,-0.815
