0.782,-9.659,-9.424,0.0,0.0,0.0
0.501,-9.537,-9.537,0.0,0.0,0.0
0.683,-9.518,-9.467,0.0,0.0,0.0
0.62,-9.593,-9.578,0.0,0.0,0.0
0.58,-9.526,-9.63,0.0,0.0,0.0
0.699,-9.511,-9.615,0.0,0.0,0.0
0.601,-9.427,-9.602,0.0,0.0,0.0
0.442,-9.616,-9.617,0.0,0.0,0.0
0.0,-10.053,-9.83,0.0,0.0,0.0
-5.791,-12.784,-3.25,-0.216,-1.9,0.837
6.862,-13.787,9.176,4.431,-1.67,1.416
-1.43,-14.821,-4.172,4.431,1.803,-0.172
-2.748,-13.889,-18.321,4.431,0.792,0.856
-0.619,-8.31,-8.586,0.616,-0.419,2.138
-0.624,-3.379,-5.746,-0.561,0.825,0.495
-4.663,-3.069,-3.823,-1.137,1.09,0.121
-13.933,-5.607,1.662,-0.403,3.506,0.756
-19.855,-4.413,7.606,0.182,3.861,4.393
-14.724,11.885,-4.336,1.086,4.377,4.393
3.807,4.905,-11.012,2.136,3.406,4.393
7.554,5.885,-20.591,0.661,-0.317,2.657
-1.501,-9.529,-0.433,-4.299,-2.118,-2.671
-18.501,10.388,4.965,-0.919,-0.59,-0.642
5.481,2.733,-10.236,-1.85,-0.392,1.697
1.191,5.008,-5.832,-1.206,0.0,-0.648
