-0.267,-9.521,-9.707,0.0,0.0,0.0
-0.318,-9.589,-9.852,0.0,0.0,0.0
-0.191,-9.453,-9.865,0.0,0.0,0.0
-0.128,-9.621,-9.71,0.0,0.0,0.0
-0.486,-9.52,-9.853,0.0,0.0,0.0
-0.496,-9.632,-9.795,0.0,0.0,0.0
-0.888,-9.627,-9.524,-0.122,0.0,0.194
-0.846,-10.571,-8.267,0.139,-0.108,0.322
-4.184,-11.989,-7.115,1.026,-1.561,0.943
0.466,-14.377,9.176,1.675,-3.651,3.077
9.243,-19.435,9.176,4.431,0.657,-0.775
-8.049,-19.435,-19.429,4.431,2.832,-3.654
-7.155,-9.149,-8.797,0.0,-0.455,3.551
2.373,-4.16,-7.437,0.109,1.138,0.754
-5.116,-2.115,-6.43,-1.149,1.027,-0.37
-7.749,-3.347,-3.737,-1.664,1.266,0.54
-17.903,-4.403,1.818,-0.926,3.427,1.417
-19.855,6.575,0.11,0.254,4.377,1.514
-14.078,8.527,-4.286,-0.721,4.377,4.393
0.397,1.982,-8.264,0.581,2.624,4.393
6.551,5.78,-17.647,0.4,1.34,1.255
5.716,-1.193,-11.161,-2.285,-2.074,-1.152
-14.995,-13.274,9.176,-4.299,-4.354,-2.844
-7.493,8.719,-14.652,2.314,0.652,2.205
-2.148,5.421,-3.884,-1.195,-0.426,1.133
