-2.365,-10.333,-10.201,0.198,0.0,0.0
-1.933,-9.868,-9.596,-0.178,-0.479,0.186
-1.095,-10.131,-9.78,0.0,-0.213,0.255
-0.921,-10.236,-9.628,-0.128,-0.203,0.0
-1.546,-9.917,-9.295,0.0,-0.459,-0.104
-1.709,-9.866,-9.447,-0.103,-0.132,-0.122
-1.965,-10.081,-9.393,0.0,0.0,0.186
-1.653,-10.831,-9.115,0.0,0.349,0.38
-4.927,-16.552,-5.792,0.232,-1.115,1.841
5.623,-12.932,8.159,3.766,-4.338,3.504
6.344,-18.565,-2.672,4.442,1.871,-4.373
-14.596,-11.48,-13.316,4.442,0.963,-2.109
-7.806,-9.25,-9.407,-0.727,-0.603,2.018
-11.018,-7.72,-5.409,-0.336,2.803,2.08
-17.372,-8.535,3.158,0.377,4.197,3.947
-17.991,0.0,4.194,1.352,4.376,4.357
-7.781,6.99,-1.843,1.308,4.376,4.357
3.762,1.942,-4.047,2.511,4.376,4.357
10.65,6.438,-20.247,1.492,1.821,1.791
6.293,6.688,-18.156,-0.357,-0.429,-1.019
4.659,1.788,-11.274,-4.009,-2.272,-1.798
-12.611,-14.651,8.159,-4.288,-4.354,-3.439
-11.185,3.215,-9.687,4.442,0.285,3.017
0.0,6.418,-9.002,-4.288,-0.277,0.399
-2.141,6.504,-5.839,1.523,0.779,-0.202
