-1.635,-10.097,-9.777,0.0,0.0,0.0
-1.664,-10.085,-9.719,0.0,0.0,0.0
-1.518,-10.142,-9.626,0.0,-0.117,0.0
-1.545,-9.984,-9.686,0.0,-0.165,0.0
-1.358,-10.102,-9.709,0.0,-0.142,0.0
-1.379,-9.99,-9.772,0.0,0.0,0.0
-1.544,-10.045,-9.617,0.0,0.0,0.0
-1.649,-10.416,-9.523,0.0,-0.131,0.0
-2.864,-14.57,-7.625,0.191,-0.518,0.275
-4.834,-13.969,-1.955,1.422,-2.187,2.79
15.356,-13.926,5.411,4.442,-4.354,1.214
-16.005,-19.923,-6.801,4.442,4.376,-4.373
-12.029,-8.667,-15.54,0.525,0.0,2.646
-1.118,-10.785,-8.58,-0.278,0.104,3.298
-8.418,-7.214,-5.279,-0.377,2.733,1.929
-15.093,-9.914,-3.372,-0.484,3.459,4.068
-18.86,-1.42,1.322,0.0,4.365,4.215
-14.734,7.282,-0.994,-0.337,4.158,4.158
0.525,1.749,-4.025,0.589,1.856,4.357
7.096,6.151,-14.266,3.117,0.595,2.911
8.784,5.189,-21.259,0.186,-1.289,-1.092
2.248,-19.923,4.792,-4.288,-2.726,-4.373
-20.926,2.211,8.159,0.0,-1.058,-0.424
6.047,-0.546,-20.66,0.0,0.258,2.676
-2.871,-2.684,-3.415,-1.857,0.699,-0.1
