-1.32,-10.081,-9.77,0.0,0.0,0.0
-1.443,-10.065,-9.747,0.0,0.0,0.0
-1.477,-10.103,-9.599,0.0,0.0,0.0
-1.337,-10.017,-9.635,0.0,0.0,0.0
-1.421,-10.015,-9.61,0.0,0.0,0.0
-1.629,-10.131,-9.523,0.0,0.0,0.0
-1.563,-10.062,-9.599,0.0,0.0,0.0
-1.668,-10.337,-9.64,0.0,0.0,0.0
-4.206,-16.929,-6.508,0.307,-1.495,0.322
7.552,-19.923,4.128,4.442,-4.354,4.357
18.296,-18.782,-8.882,2.452,2.902,-4.373
-20.926,-12.085,-14.762,4.442,0.246,-3.962
-8.814,-9.079,-6.565,0.466,0.245,1.795
-0.938,-6.86,-10.282,-1.117,1.214,1.446
-7.926,-7.937,-6.407,-0.713,3.107,0.438
-17.903,-17.875,4.049,-2.464,2.884,2.88
-20.926,2.792,3.328,0.33,4.192,4.357
-11.778,3.279,1.172,0.758,3.875,4.357
5.117,-0.367,-6.29,3.912,1.738,4.357
12.03,3.693,-21.813,0.121,-0.272,1.168
-3.832,-19.923,8.081,-4.288,-1.813,-4.373
-20.926,4.64,4.049,1.179,0.0,0.51
4.17,1.481,-14.861,0.0,1.571,1.421
0.256,-2.623,-9.192,-1.673,2.171,-1.38
0.464,-2.472,-8.917,-3.149,0.229,-2.482
