-2.616,-9.629,-9.769,0.0,0.901,-0.337
-3.755,-9.894,-9.183,-0.186,0.233,0.296
-1.301,-10.293,-8.925,-0.166,-0.49,0.635
-0.198,-10.175,-9.004,0.0,0.439,0.177
-2.438,-9.756,-8.969,-0.113,0.417,-0.235
-2.417,-10.621,-9.404,0.0,0.0,-0.133
-2.257,-10.251,-9.648,0.0,-0.301,0.0
-1.436,-10.281,-9.313,0.12,-0.525,0.0
-2.79,-11.478,-8.755,0.2,-0.793,-0.267
-9.441,-13.046,1.102,0.809,-2.349,3.243
14.679,-18.784,-1.052,4.442,-4.354,1.667
-14.92,-13.123,-2.534,4.442,2.405,-4.373
-11.267,-4.458,-14.345,1.818,0.323,0.0
-5.42,-8.274,-7.984,0.299,0.792,1.661
-10.994,-9.007,-7.7,-0.911,3.457,0.955
-20.926,-10.956,0.504,0.0,4.376,2.345
-17.416,-0.245,3.256,-0.391,3.772,4.357
-6.359,4.799,1.55,0.374,3.432,4.357
10.719,4.201,-11.642,3.401,2.232,4.357
8.772,5.757,-18.2,0.158,-0.116,-0.252
3.634,-0.989,-12.684,-3.994,-3.357,-2.682
-10.601,-17.057,8.159,-4.288,-4.354,-3.329
-12.66,3.311,-6.775,4.442,1.988,3.125
-3.781,-4.89,0.0,-2.456,1.784,1.094
0.376,-0.956,-6.877,-2.994,0.757,-0.746
