-2.245,-10.435,-9.683,0.142,-0.105,0.0
-1.676,-10.284,-9.845,0.0,-0.284,0.0
-1.705,-10.018,-9.757,0.0,-0.102,0.223
-1.314,-10.091,-9.719,0.0,-0.16,0.287
-1.107,-10.138,-9.714,0.0,0.0,0.269
-1.606,-10.087,-9.624,0.0,-0.123,0.146
-1.686,-10.297,-9.802,0.0,-0.157,0.266
-1.865,-10.046,-10.056,0.0,-1.017,0.186
-2.296,-11.249,-8.472,0.0,-0.792,0.303
-6.616,-13.512,-0.481,0.326,-1.908,2.091
12.274,-14.432,7.878,4.442,-3.766,1.368
-5.856,-19.923,-6.253,4.442,4.376,-4.373
-11.064,-9.438,-14.575,4.039,-0.253,0.768
-3.129,-7.447,-9.913,-0.439,1.149,0.825
-8.242,-8.201,-9.618,0.0,2.706,0.569
-20.926,-12.52,1.155,-2.301,3.738,3.299
-20.926,-2.951,5.445,-1.038,4.376,4.357
-14.348,1.942,2.244,-0.999,3.959,4.357
1.575,0.0,-1.393,2.019,2.357,4.357
10.625,5.991,-20.741,2.327,0.0,2.719
8.738,0.641,-18.079,-3.46,-1.606,-2.436
-10.839,-15.168,8.159,-4.288,-4.354,-2.625
-4.344,-1.794,5.638,1.879,3.423,-0.38
-1.873,-0.733,-12.991,-1.459,1.8,-0.735
-1.976,-3.336,-7.069,-3.841,0.567,-0.945
