-1.619,-10.164,-9.698,0.0,0.0,0.0
-1.441,-10.006,-9.495,0.0,0.0,0.0
-1.762,-9.84,-9.553,0.0,0.0,0.0
-2.065,-10.137,-9.582,0.0,-0.103,0.0
-1.982,-10.184,-9.409,0.0,-0.106,0.112
-1.567,-10.068,-9.416,0.0,-0.113,0.149
-1.58,-9.956,-9.516,0.0,0.0,0.0
-2.217,-10.423,-10.029,0.0,-0.189,0.266
-2.475,-11.356,-8.474,0.0,-1.198,0.592
-8.536,-12.646,-1.852,1.838,-4.354,3.068
18.299,-15.317,0.0,3.977,-2.013,-1.349
-10.59,-19.923,-7.496,4.442,4.376,-4.373
-10.977,-6.315,-15.259,1.024,0.0,1.135
-2.691,-7.659,-8.657,1.298,0.417,1.947
-10.973,-6.461,-7.4,-0.188,3.191,0.142
-19.193,-10.495,2.358,-1.333,3.88,2.969
-19.136,4.621,3.539,0.265,4.376,3.623
-12.083,6.296,2.181,0.543,4.376,4.357
-2.299,3.13,-3.349,2.25,3.248,4.357
6.235,5.455,-16.872,2.084,1.666,3.025
8.441,5.618,-22.105,0.0,-0.907,0.263
3.618,-9.186,-9.674,-4.288,-3.348,-3.791
-19.964,1.011,8.159,-2.362,-4.354,-1.587
-1.526,1.961,-14.353,3.002,2.701,0.586
-2.746,-3.938,-6.096,-3.558,2.189,-0.507
