-1.303,-10.106,-9.908,0.0,-0.108,0.0
-0.842,-10.036,-9.774,0.0,0.204,0.0
-2.147,-9.971,-9.731,0.0,0.43,-0.111
-2.028,-10.071,-9.805,0.0,0.0,0.0
-1.576,-10.137,-9.691,0.0,0.0,0.215
-1.275,-10.113,-9.818,0.0,-0.229,0.179
-1.101,-10.211,-9.646,0.0,0.0,0.0
-1.937,-10.566,-9.478,-0.105,0.0,0.0
-1.899,-12.306,-8.255,0.127,0.0,0.393
-5.482,-16.143,4.041,-0.172,-3.175,2.8
8.502,-19.923,7.359,4.442,-0.704,2.309
-11.299,-17.712,-9.928,4.442,3.07,-4.373
-10.712,-7.937,-17.749,2.047,0.883,1.179
-3.04,-9.121,-9.052,-0.318,0.0,2.897
-5.694,-5.613,-7.451,-0.754,1.15,1.683
-12.886,-5.038,-4.372,-2.962,1.734,1.742
-20.926,-1.052,7.297,-2.729,2.899,2.428
-20.602,7.457,5.478,-0.457,3.627,3.718
-12.378,4.607,2.591,1.128,3.035,4.357
0.758,0.478,-5.506,3.734,2.541,4.357
7.227,4.272,-20.588,1.951,0.785,1.568
7.749,3.568,-21.266,-2.228,-2.283,-0.734
-7.456,-18.667,8.159,-4.288,-4.035,-4.329
-13.601,2.08,3.762,4.442,3.074,-0.401
-4.382,-0.173,-8.5,-2.923,1.07,0.798
