-0.335,-10.162,-9.859,-0.174,-0.298,0.154
-1.395,-10.012,-9.468,0.0,0.377,-0.108
-1.249,-10.227,-9.737,0.0,0.482,0.106
-1.005,-10.144,-9.359,0.0,0.0,-0.191
-1.826,-9.888,-9.394,0.0,0.151,-0.167
-1.714,-9.89,-9.628,0.0,0.0,-0.218
-1.771,-10.129,-9.215,0.0,-0.186,-0.135
-2.11,-11.105,-9.889,0.0,0.354,0.166
-5.839,-16.946,-7.102,-1.002,-1.566,1.125
4.116,-17.047,2.271,4.442,-4.354,4.357
15.963,-15.866,-4.103,4.442,-0.196,-4.373
-17.068,-19.923,-13.776,4.442,3.6,-4.373
-14.627,-4.846,-14.592,-1.075,0.941,1.36
-4.027,-9.491,-8.798,-0.298,1.027,2.899
-13.514,-7.161,-4.803,-1.24,2.325,2.995
-19.899,-1.934,0.998,-1.64,4.376,2.48
-20.926,8.77,1.648,-1.12,4.376,2.672
-14.043,2.327,2.996,-0.913,3.942,4.357
8.544,0.537,-8.532,3.604,-0.116,4.357
11.647,5.172,-22.948,0.223,-0.891,-0.984
-1.028,-10.85,-0.454,-4.288,-3.987,-4.22
-20.926,3.655,8.159,-1.978,-3.73,-3.156
-0.519,1.653,-18.502,2.133,2.166,1.105
-1.913,-7.934,-5.377,-3.786,1.863,-0.929
2.233,-3.322,-7.958,-3.345,-0.882,-1.816
