-0.651,-9.963,-9.328,0.0,-0.814,-0.138
-2.035,-9.541,-8.359,0.107,-0.341,-0.356
-2.077,-10.154,-10.005,0.207,0.0,0.0
-2.134,-10.02,-9.247,0.0,0.0,0.298
-1.161,-9.987,-9.17,0.0,0.191,0.35
-1.472,-9.65,-8.853,0.0,0.297,0.0
-1.935,-9.848,-9.561,0.0,0.358,0.0
-2.464,-10.37,-9.558,-0.14,0.348,0.103
-4.065,-13.112,-8.19,-0.179,-0.479,0.568
-2.662,-17.1,0.847,1.173,-4.279,3.392
18.299,-13.551,6.796,4.442,-3.577,0.623
-19.078,-19.923,-13.4,4.442,4.376,-4.373
-16.061,-4.043,-18.492,0.903,0.34,0.766
-4.217,-11.777,-8.715,0.304,-0.447,3.886
-7.43,-7.349,-6.275,-1.454,2.022,1.977
-14.851,-7.561,-1.693,-0.449,3.582,2.898
-20.926,-2.169,3.301,-0.597,4.376,3.995
-18.672,3.036,1.006,-0.654,4.376,4.357
-2.989,-3.44,1.595,0.709,1.835,4.357
15.649,2.76,-18.508,2.998,0.559,3.623
11.313,4.568,-21.541,-0.387,-0.989,-1.197
6.339,-15.723,-7.905,-4.288,-3.519,-4.373
-20.926,4.918,8.159,-0.368,-1.146,-2.831
6.427,0.926,-23.61,-0.273,0.113,3.287
-1.423,0.997,-3.631,-1.688,-0.111,0.653
