-1.059,-10.081,-9.836,0.0,0.166,0.0
-1.419,-10.068,-9.653,0.0,0.167,0.0
-1.435,-10.082,-9.485,0.0,0.112,0.0
-1.15,-10.058,-9.588,0.0,0.0,0.0
-1.331,-9.998,-9.725,0.0,0.0,0.0
-1.403,-10.112,-9.606,0.0,0.0,0.0
-1.36,-10.102,-9.477,0.0,0.0,0.0
-1.158,-10.093,-9.624,0.0,-0.114,0.0
-1.236,-10.379,-9.696,0.0,0.0,0.0
-10.048,-16.883,-1.254,0.819,-1.58,1.841
8.425,-19.923,-2.087,4.442,-4.354,4.357
0.404,-13.215,4.723,0.19,2.137,-4.373
-13.26,-7.285,-13.402,4.318,0.897,-1.677
-6.8,-7.682,-6.587,0.537,0.272,1.434
-8.066,-4.163,-7.959,0.612,2.983,0.399
-17.408,-3.929,-2.032,0.0,3.879,2.342
-20.926,2.517,2.797,0.104,4.376,2.864
-14.215,5.677,2.772,-0.232,3.925,4.357
-0.844,1.401,0.0,2.191,1.388,4.357
13.847,3.722,-17.378,2.86,0.277,2.824
8.251,2.773,-19.421,-2.132,-1.668,-2.006
-6.761,-19.923,5.118,-4.288,-3.636,-4.373
-17.283,-3.632,8.159,-1.981,1.188,-1.169
-0.875,-2.722,-10.986,2.791,0.355,2.726
-0.223,-2.657,-8.349,-0.705,1.402,0.53
