-0.882,-10.035,-9.459,0.0,0.0,0.0
-0.951,-10.038,-9.382,0.0,0.179,0.0
-1.246,-10.078,-9.235,0.0,0.142,0.0
-0.987,-10.044,-9.248,0.0,0.0,0.0
-0.982,-10.106,-9.324,0.0,0.0,0.0
-1.125,-10.09,-9.387,0.0,0.125,0.0
-2.454,-10.764,-8.239,0.0,-0.34,0.152
-1.582,-10.905,-8.118,0.291,-1.804,0.909
-5.382,-15.526,-7.214,0.634,-2.323,1.999
18.299,-18.373,3.877,3.882,-4.354,4.357
7.382,-19.923,-0.499,2.791,4.376,-4.373
-18.331,-18.855,-27.141,4.442,3.52,-3.67
-9.859,-11.602,-9.491,-4.288,0.706,1.476
-0.214,-10.05,-9.662,0.243,1.368,1.835
-10.132,-8.836,-6.715,-2.921,2.906,0.0
-18.398,-12.921,-1.103,-3.707,1.47,4.357
-20.926,-10.194,5.5,-1.459,3.996,4.357
-17.33,1.311,1.085,-0.471,3.385,4.357
-0.257,-2.013,-2.315,0.842,-0.187,4.357
13.875,5.919,-22.722,2.486,-1.376,3.356
5.718,-5.819,-12.562,-4.288,-1.09,-3.755
-20.926,-9.671,8.159,-3.547,-4.354,-2.589
0.0,-1.028,-21.138,4.442,1.542,2.817
-3.292,-2.232,-6.339,-3.107,1.081,-0.412
1.399,-5.868,-6.367,-4.288,0.336,-1.188
