-0.941,-9.566,-10.28,0.0,0.0,0.0
-0.576,-9.539,-10.334,0.0,0.0,0.0
-0.436,-9.492,-10.582,0.0,0.149,0.0
-0.451,-9.507,-10.826,0.0,0.171,0.0
-0.767,-9.62,-10.631,0.0,0.0,0.0
-1.037,-9.812,-10.214,0.0,0.153,0.0
-1.703,-11.051,-8.893,0.336,0.206,0.172
-3.172,-12.12,-6.671,1.726,-0.265,1.149
-0.974,-11.373,-4.246,3.591,0.481,1.536
-1.203,-12.136,1.732,4.431,0.43,1.28
0.722,-3.289,-5.652,4.431,0.687,0.925
0.725,-1.646,-8.517,0.379,-1.408,-1.653
-10.665,-5.166,-6.063,-0.655,0.339,-0.715
-4.377,-5.01,-9.195,-3.377,1.176,0.477
-8.679,-13.751,-4.62,-4.299,2.197,0.389
-18.432,-14.387,-3.963,-2.699,0.919,1.182
-17.851,-6.614,-2.554,-1.152,-1.475,4.393
-13.625,-6.328,-0.973,0.447,-1.349,4.393
-2.405,-1.297,-3.98,3.074,-1.578,4.393
2.038,7.15,-10.588,3.652,-1.235,3.811
3.455,6.313,-14.073,0.445,-1.856,1.79
-0.458,-7.747,0.169,-4.278,-2.494,-2.325
-10.69,-1.277,0.539,2.346,4.238,-0.844
-1.732,-1.253,-6.357,-0.895,1.105,1.845
1.475,5.052,-8.935,-2.258,0.966,-0.224
