-0.756,-9.469,-10.416,0.0,0.0,0.0
-0.758,-9.465,-10.487,0.0,0.0,0.0
-0.851,-9.513,-10.374,0.0,0.0,0.0
-0.798,-9.512,-10.416,0.0,0.0,0.0
-0.698,-9.421,-10.351,0.0,0.0,0.0
-1.201,-9.574,-10.272,0.0,0.109,0.0
-2.304,-10.6,-10.041,0.2,0.0,0.18
-2.756,-11.156,-8.589,0.844,-0.336,0.985
-1.347,-11.408,-5.249,2.068,-0.36,1.232
-0.247,-11.045,1.845,4.431,-0.662,0.959
2.55,-6.719,-3.216,4.431,-0.467,0.554
-0.628,-5.052,-6.636,1.32,-0.382,-2.781
-7.453,-5.005,-7.486,0.14,0.0,-0.78
-3.873,-4.23,-8.974,-1.855,0.241,0.67
-6.65,-9.101,-10.517,-4.299,2.986,-0.614
-12.859,-16.616,-3.928,-4.299,-0.116,1.478
-14.739,-15.513,-3.958,-0.988,-0.833,2.758
-12.883,-8.271,-1.445,1.869,-2.415,4.393
-4.786,-1.989,-2.479,3.384,-1.957,4.393
-1.572,4.654,-6.378,3.729,-1.077,4.393
3.859,9.747,-15.911,3.985,-0.665,3.307
2.507,2.838,-10.463,-2.576,-2.687,0.0
-5.785,-4.853,4.547,-2.625,-2.048,-2.262
-10.217,2.353,-4.607,-0.161,3.283,-0.804
0.461,0.0,-5.558,-0.948,0.7,1.414
