-0.302,-9.381,-10.453,0.0,-0.105,-0.145
-0.734,-9.592,-10.368,0.0,0.0,-0.226
-0.976,-9.687,-10.586,0.0,0.0,-0.131
-0.888,-9.622,-10.534,0.0,0.0,0.0
-0.794,-9.565,-10.436,0.0,0.0,0.0
-0.746,-9.58,-10.538,0.0,0.0,0.0
-0.567,-9.529,-10.642,0.0,0.0,0.0
-0.396,-9.584,-10.638,0.0,0.0,0.0
-3.109,-12.554,-9.97,0.0,-0.127,0.148
-5.942,-17.037,-7.741,1.747,0.0,2.602
-0.534,-10.647,-3.383,4.431,0.0,3.48
2.473,0.151,-4.974,4.431,-0.659,1.119
2.372,-0.345,-10.073,3.079,-1.072,-1.214
-3.616,-14.756,-0.87,-3.086,-2.569,-4.337
-13.071,-8.132,-5.438,-0.133,2.553,-0.339
-9.785,-10.482,-3.873,-3.438,1.307,3.265
-9.864,-12.025,-0.652,-1.358,1.08,3.867
-15.189,-9.614,-3.626,-2.463,0.796,3.84
-6.442,-4.039,-3.565,0.513,-1.233,4.393
-2.716,3.06,-4.745,3.273,-2.05,4.393
-0.54,8.853,-8.946,3.458,-0.341,4.015
4.188,9.552,-17.907,0.831,-1.018,2.332
-1.603,0.415,2.04,-3.527,-3.324,-0.419
-4.933,0.0,2.676,-1.89,-1.04,-1.467
-5.826,2.584,-6.292,-0.632,1.86,0.502
