-0.531,-9.506,-10.638,0.0,0.0,0.0
-0.486,-9.531,-10.641,0.0,0.0,0.0
-0.54,-9.561,-10.6,0.0,0.0,0.0
-0.512,-9.481,-10.564,0.0,0.0,0.0
-0.493,-9.501,-10.595,0.0,0.0,0.0
-0.501,-9.49,-10.62,0.0,0.0,0.0
-0.496,-9.598,-10.606,0.0,0.0,0.0
-1.337,-9.884,-10.791,0.0,0.105,0.174
-2.747,-11.517,-9.713,0.285,0.0,0.505
-4.866,-16.648,-1.917,3.368,0.0,2.104
2.696,-11.297,-0.577,4.431,-0.27,1.486
2.031,-0.608,-6.263,4.431,0.0,0.831
-1.757,-0.589,-9.371,2.773,-1.307,0.0
-7.646,-9.304,4.444,-2.666,-1.602,-2.134
-6.433,-2.316,-9.591,-0.77,1.115,0.625
-1.532,-6.853,-10.363,-4.299,3.118,-0.651
-11.443,-19.435,-10.775,-4.299,4.377,-3.215
-18.094,-17.33,-8.972,-0.578,-3.479,2.592
-14.245,-10.869,-8.573,-0.484,-3.838,4.393
-6.735,-6.058,-5.354,3.268,-3.696,4.393
0.0,4.01,-9.512,4.431,-0.176,4.393
1.747,10.07,-19.074,2.71,-0.41,3.779
1.928,3.292,-11.64,-3.398,-2.722,0.379
-0.886,-3.471,9.176,-1.978,-1.111,-1.55
-7.266,2.427,-3.826,1.226,2.239,-0.458
