-0.737,-9.524,-10.441,0.0,0.0,0.0
-0.694,-9.51,-10.428,0.0,0.0,0.0
-0.923,-9.496,-10.566,0.0,0.0,0.0
-0.788,-9.511,-10.477,0.0,0.0,0.0
-0.858,-9.495,-10.462,0.0,0.0,0.0
-0.79,-9.515,-10.453,0.0,0.0,0.0
-0.65,-9.432,-10.472,0.0,0.0,0.0
-0.898,-9.991,-10.499,0.0,0.122,0.0
-2.769,-12.293,-8.438,0.619,-0.154,0.53
-0.784,-14.877,-1.411,4.431,-0.138,1.734
1.382,-8.965,-1.227,4.431,0.46,1.055
3.774,-3.164,-8.381,4.077,0.607,-0.75
-4.5,-5.214,-4.85,0.213,-0.911,-1.313
-7.016,-4.293,-7.902,-0.443,-0.129,0.579
-3.663,-4.976,-13.486,-4.299,1.516,-0.966
-14.208,-19.435,-5.451,-4.299,1.378,0.0
-12.256,-17.855,-6.98,0.695,-2.633,3.84
-12.803,-10.291,-3.262,1.547,-1.076,4.393
-4.439,-3.944,-1.879,2.647,-1.581,4.393
-0.56,4.753,-6.714,3.977,-0.65,4.393
4.667,8.866,-13.198,4.431,-0.567,4.379
3.423,3.089,-12.962,-3.956,-2.317,-1.025
-5.412,-4.279,6.076,-2.722,-1.832,-2.018
-9.972,0.0,-1.953,0.0,2.47,-0.535
0.807,-1.568,-2.675,-0.386,0.139,1.622
