-0.715,-9.465,-10.331,0.0,0.0,0.0
-0.837,-9.446,-10.406,0.0,0.0,0.0
-0.972,-9.579,-10.42,0.0,0.0,0.0
-0.946,-9.652,-10.315,0.0,0.0,0.0
-2.309,-10.658,-9.913,0.0,0.0,0.296
-3.147,-11.535,-7.861,1.189,-0.627,0.622
-1.814,-11.302,-4.212,2.335,-0.403,0.777
1.17,-10.249,-1.538,3.352,0.0,0.773
1.038,-9.973,1.298,4.431,0.0,0.0
0.584,-2.7,-10.996,4.431,-0.486,0.0
-6.202,-5.755,-2.94,-0.118,-0.893,-2.034
-7.015,-4.23,-7.145,-0.798,0.0,0.834
-8.149,-6.246,-3.893,-4.08,3.089,1.464
-11.831,-12.666,-2.804,-4.299,2.765,1.953
-14.153,-9.567,0.809,-1.103,0.0,3.113
-12.531,-2.014,1.857,0.944,-0.319,4.393
-5.288,1.321,-0.993,1.564,-0.831,4.393
-2.228,5.101,-4.679,3.349,-0.766,3.887
-0.146,9.331,-11.106,3.166,-0.268,2.762
-0.334,5.883,-9.266,0.34,-1.826,1.018
-2.61,-1.589,-3.125,-2.602,-2.277,-1.087
-5.481,1.737,-0.742,0.222,1.059,-0.525
-1.808,1.739,-4.4,-0.673,0.992,0.934
1.304,2.213,-4.775,-2.046,0.77,-0.333
-0.711,2.936,-5.067,-2.909,1.68,-2.357
