-0.665,-9.537,-10.502,0.0,0.0,0.0
-0.801,-9.549,-10.566,0.0,0.0,0.0
-0.784,-9.555,-10.6,0.0,0.0,0.0
-0.59,-9.524,-10.569,0.0,0.0,0.0
-0.506,-9.395,-10.69,0.0,0.0,0.0
-0.973,-9.927,-10.411,0.0,0.0,0.0
-3.747,-12.336,-8.219,0.683,0.153,0.67
-1.922,-13.344,-5.357,2.778,0.0,2.123
-1.191,-10.474,-1.648,4.431,-0.335,1.2
0.37,-3.577,-5.517,4.431,-0.144,0.562
0.0,-1.969,-8.958,1.47,-1.227,-1.106
-7.455,-5.831,-2.546,-0.19,-0.727,-0.517
-5.325,-5.654,-4.557,-1.589,0.209,0.717
-4.171,-10.0,-9.737,-4.299,2.026,-0.515
-8.777,-15.361,-7.359,-4.299,1.306,0.434
-11.395,-15.857,-6.778,-1.092,-3.477,1.357
-9.022,-10.902,-3.063,1.42,-2.403,3.948
-8.291,-7.088,-1.957,3.964,-2.335,4.393
-5.264,-0.847,-4.066,4.032,-0.576,4.393
0.321,5.78,-7.522,4.016,-0.913,4.146
-0.67,9.206,-10.468,2.423,-0.862,2.386
0.539,5.197,-8.68,-0.64,-2.448,0.952
-4.331,-0.435,0.386,-1.6,-1.518,-1.753
-6.819,2.062,-3.934,-0.305,1.703,-0.732
0.112,0.811,-6.478,-2.139,1.705,-0.143
