-0.926,-9.529,-10.329,0.0,0.0,0.0
-0.937,-9.56,-10.325,0.0,0.0,0.0
-0.99,-9.581,-10.301,0.0,0.0,0.0
-0.946,-9.525,-10.259,0.0,0.0,0.0
-1.056,-9.484,-10.289,0.0,0.0,0.0
-1.219,-9.535,-10.298,0.0,0.0,0.0
-2.273,-10.349,-9.873,0.0,0.0,0.107
-5.044,-11.632,-8.009,1.329,-0.904,0.689
-3.88,-12.253,-4.707,3.607,-0.901,1.813
-0.588,-8.265,-0.599,4.431,-0.643,1.974
1.668,-4.667,-0.475,4.392,0.0,0.0
0.289,-3.79,-7.685,4.431,-0.885,-0.231
-8.851,-7.096,-3.003,0.0,-0.441,-2.392
-6.954,-4.925,-6.934,-1.688,0.322,0.485
-6.451,-6.252,-8.73,-4.299,2.125,0.502
-14.688,-15.536,-0.366,-4.299,1.743,1.914
-18.363,-11.652,-1.421,-0.309,-0.277,3.048
-12.401,-4.441,-0.353,1.0,-1.456,4.393
-3.504,0.558,-2.906,2.529,-1.551,4.393
0.0,7.157,-7.614,3.518,-0.898,4.393
2.764,9.687,-14.385,2.801,-1.174,3.09
3.952,-1.19,-8.058,-4.279,-2.345,-1.688
-7.203,-5.381,6.163,-2.037,-0.391,-1.991
-7.72,0.179,-3.239,-0.204,1.452,1.203
1.63,1.115,-5.624,-0.491,0.33,1.734
