-0.493,-9.629,-10.054,0.0,0.0,0.0
-0.475,-9.484,-10.276,0.0,0.0,0.0
-0.308,-9.55,-10.331,0.0,0.0,0.0
-0.256,-9.531,-10.152,0.0,0.0,0.0
-0.181,-9.518,-10.198,0.0,0.0,0.0
-0.598,-9.606,-10.267,0.0,0.0,0.0
-0.706,-9.682,-10.151,0.0,0.0,0.0
-0.679,-9.513,-10.022,0.0,0.0,0.0
0.0,-12.087,-8.662,-0.516,0.554,0.0
1.037,-14.57,1.671,3.792,1.416,0.969
-0.597,-19.435,-1.576,4.431,0.654,3.043
1.628,2.31,-21.167,2.31,-0.679,-0.292
-3.505,-2.061,-5.956,0.447,-0.441,-1.236
-5.672,-5.73,-8.377,-1.601,0.0,0.319
-7.353,-6.914,-8.82,-3.734,2.107,0.359
-14.618,-13.48,-1.741,-3.081,1.08,3.197
-15.343,-8.624,-0.53,-1.09,0.115,4.393
-9.965,-2.143,-0.542,-0.352,-0.471,4.393
-3.431,1.979,-2.609,1.886,-0.922,4.393
1.062,8.723,-7.238,2.799,-1.692,3.482
0.0,5.335,-11.616,1.274,-2.325,2.918
-3.905,-5.271,1.262,-2.808,-2.697,-1.51
-6.615,0.0,-0.229,1.188,2.605,-1.036
-0.324,-0.637,-5.286,-0.762,0.943,1.018
2.355,4.083,-6.854,-1.343,0.55,0.16
