-1.424,-10.242,-6.976,0.753,0.414,0.222
-1.566,-13.361,-0.883,4.431,0.553,0.999
-2.719,-11.351,0.979,4.431,1.024,1.451
-1.884,-7.557,-1.725,4.431,0.847,0.726
-1.397,-1.421,-7.577,3.04,-0.19,0.268
-4.307,-4.817,-6.422,0.502,-0.125,-0.547
-4.706,-5.593,-6.809,-1.554,0.2,0.0
-4.148,-7.038,-8.509,-4.299,1.266,-0.238
-4.053,-13.265,-11.631,-4.299,1.183,-1.513
-16.938,-17.312,-3.446,-1.444,-1.854,0.512
-14.796,-10.106,-3.586,1.605,-0.851,4.393
-14.005,-8.467,-2.145,2.531,-0.996,4.393
-4.964,-3.724,-5.484,2.884,-1.264,4.393
-0.207,5.014,-9.107,3.168,-0.873,4.393
2.483,9.021,-15.722,3.746,-0.985,3.079
3.509,2.645,-11.626,-2.541,-2.027,0.0
-3.634,-3.196,1.346,-3.363,-2.387,-1.947
-8.732,3.771,-1.95,0.389,2.033,-0.341
0.107,0.458,-3.47,-1.254,0.623,1.602
-0.412,5.19,-7.848,-2.287,1.137,-0.412
-0.303,6.604,-7.926,-2.882,0.95,-1.66
-0.961,0.144,-3.439,-3.144,2.886,-4.337
-10.465,-6.797,-4.441,-3.786,2.605,-4.337
-11.861,-12.729,-5.317,-2.285,2.295,-4.337
-4.379,-10.93,-8.132,-0.477,0.505,-2.951
