-0.517,-9.486,-10.681,0.0,0.0,0.0
-0.619,-9.566,-10.559,0.0,0.0,0.0
-0.771,-9.627,-10.666,0.0,0.0,0.0
-0.94,-9.754,-10.684,0.0,0.0,0.0
-1.466,-9.565,-10.842,0.0,0.0,0.224
-1.782,-9.753,-10.335,0.0,0.0,0.332
-2.083,-10.482,-10.035,0.458,-0.19,0.318
-2.15,-12.217,-6.442,1.868,0.0,1.106
-0.496,-13.782,-2.814,4.431,0.0,1.26
1.438,-4.473,-4.503,4.431,-0.306,1.464
1.462,-2.981,-8.279,0.66,-1.652,-2.019
-11.135,-4.301,-3.59,0.735,-0.323,-0.689
-3.278,-4.878,-3.949,-0.558,0.124,0.966
-8.772,-7.385,-6.246,-3.248,2.032,0.446
-12.888,-15.776,-6.011,-4.299,1.529,1.878
-15.702,-12.994,-4.161,-0.967,-1.047,3.503
-11.935,-7.877,-3.341,0.496,-2.169,4.393
-4.859,-3.232,-4.363,3.186,-2.428,4.393
-1.203,4.193,-7.981,4.431,-1.395,4.393
3.829,7.722,-14.525,3.409,-0.881,3.432
2.276,0.515,-6.961,-4.001,-2.148,-1.225
-3.947,-2.438,2.804,-1.879,-1.209,-1.197
-6.105,1.697,-2.862,0.196,1.738,0.335
0.306,1.317,-4.443,-0.973,0.989,0.696
0.55,4.566,-6.464,-3.013,0.895,-0.735
