-0.442,-9.565,-10.763,0.0,0.0,0.0
-0.49,-9.556,-10.805,0.0,0.0,0.0
-0.561,-9.591,-10.934,0.0,0.0,0.0
-0.379,-9.539,-10.82,0.0,0.0,0.0
-0.449,-9.466,-10.894,0.0,0.0,0.0
-0.394,-9.571,-10.906,0.0,0.0,0.0
-0.588,-9.557,-10.855,0.0,0.0,0.0
-1.673,-10.223,-10.516,0.0,-0.148,0.116
-3.908,-13.645,-7.308,2.436,-0.621,1.569
-2.06,-14.245,-1.44,4.431,-0.609,3.054
2.377,-1.797,-3.328,4.431,-0.22,1.419
2.938,-0.529,-9.639,2.437,-1.18,-1.33
-9.899,-12.25,4.443,-2.079,-1.064,-3.131
-7.251,-2.512,-11.77,-0.975,0.767,1.5
-6.505,-7.315,-8.392,-4.299,2.602,1.399
-11.74,-12.059,-3.478,-2.46,0.588,2.204
-12.639,-9.176,-1.784,0.217,-0.448,4.18
-5.262,-7.31,-0.301,2.791,-1.604,4.393
0.0,3.635,-5.655,4.164,-0.879,4.393
0.873,11.5,-12.266,3.868,0.7,3.486
2.617,9.796,-16.278,0.768,-1.348,2.494
-1.628,-3.748,3.935,-4.291,-2.905,-0.779
-7.497,1.123,-1.067,0.566,1.798,-1.643
-1.567,-0.304,-5.588,-0.637,0.493,1.244
0.806,3.011,-6.596,-1.814,0.276,-0.576
