-1.152,-9.527,-10.758,0.0,0.0,0.0
-1.143,-9.526,-10.791,0.0,0.0,0.0
-0.928,-9.506,-10.847,0.0,0.0,0.0
-1.04,-9.478,-10.818,0.0,0.0,0.0
-1.421,-9.568,-10.842,0.0,0.0,0.0
-2.278,-10.176,-10.492,0.0,0.0,0.203
-4.574,-11.879,-8.315,1.084,-0.483,0.773
-2.698,-11.394,-5.261,3.393,-0.502,1.669
-1.132,-7.786,-3.007,4.431,-0.717,1.505
0.871,-3.135,-2.256,4.431,-0.106,0.204
2.272,-2.936,-6.435,2.563,-1.109,-1.77
-6.444,-9.221,0.0,-0.414,-0.581,-2.623
-6.74,-3.857,-10.26,-1.918,0.339,0.676
-3.245,-8.578,-12.466,-4.299,0.655,0.105
-11.364,-14.256,-4.182,-3.573,0.361,1.428
-12.638,-13.741,-3.278,-0.49,-0.337,3.472
-13.646,-10.812,-0.718,0.924,-1.5,4.393
-6.134,-4.77,-3.861,3.034,-1.931,4.393
-1.588,2.267,-8.324,3.836,-0.827,4.393
-1.621,7.4,-10.374,2.896,-0.854,3.419
3.317,4.563,-11.614,0.716,-2.397,2.199
-3.212,0.12,1.886,-2.56,-2.016,-1.27
-6.319,3.773,-3.899,0.335,2.028,-1.354
-1.27,1.286,-6.948,-1.449,0.756,0.532
0.146,3.088,-5.824,-2.157,0.229,-0.331
