-0.525,-9.416,-10.44,0.0,-0.103,0.0
-0.851,-9.431,-10.395,0.0,0.0,0.0
-0.575,-9.654,-10.383,0.0,0.0,0.0
-0.616,-9.703,-10.534,0.0,0.0,0.0
-0.965,-9.346,-10.576,0.157,0.0,0.0
-0.871,-9.933,-10.679,-0.14,0.0,-0.155
-1.745,-9.639,-10.614,-0.122,-0.213,0.158
-1.081,-9.718,-9.45,-0.132,0.0,0.32
-5.122,-14.42,-6.611,0.846,0.172,0.698
-3.885,-19.205,1.303,4.431,0.195,3.094
2.426,-4.21,-6.784,4.431,0.0,2.004
-0.206,-0.137,-5.903,3.408,0.312,0.0
0.0,-1.986,-8.149,2.418,-1.737,0.0
-5.395,-9.785,-0.421,-1.704,-0.622,-3.343
-11.757,-6.653,-6.068,-3.158,1.805,0.493
-11.492,-13.242,-0.945,-4.299,2.287,2.93
-14.956,-7.242,-1.294,-1.381,1.278,4.122
-16.971,-5.992,0.63,-0.884,0.0,4.393
-0.347,-0.416,-2.06,2.395,-1.25,4.393
0.0,8.916,-8.361,3.201,0.228,3.548
1.991,9.303,-14.889,3.983,-0.384,3.459
2.187,2.9,-12.41,-3.851,-1.708,-0.69
-4.149,-4.788,5.777,-2.672,-1.634,-1.529
-9.227,0.272,-0.857,0.646,1.906,0.102
1.018,0.477,-4.037,-0.199,1.196,1.434
