-1.254,-9.617,-10.473,0.0,0.0,0.0
-1.052,-9.563,-10.343,0.0,0.0,0.0
-0.906,-9.52,-10.444,0.0,0.0,0.0
-0.907,-9.501,-10.353,0.0,0.0,0.0
-1.131,-9.514,-10.402,0.0,0.0,0.0
-1.539,-9.816,-10.38,0.0,0.0,0.0
-3.99,-11.226,-8.081,1.074,-0.405,0.768
-3.234,-13.514,-4.962,3.078,0.177,1.961
-1.351,-10.832,-3.324,3.776,0.539,1.916
0.63,-5.795,-1.835,4.431,-0.671,0.936
1.455,-1.678,-4.775,4.113,-0.723,-0.849
-2.392,-4.854,-5.208,0.0,-2.108,-2.102
-11.455,-4.43,-6.232,0.539,0.0,-0.788
-6.391,-6.033,-6.02,-1.864,1.279,1.429
-8.904,-10.485,-3.505,-4.299,2.713,1.466
-12.743,-13.769,-1.283,-3.0,0.342,2.534
-12.508,-10.902,-2.096,0.0,-2.268,3.72
-8.07,-4.118,4.289,2.25,-1.034,4.393
-4.533,1.259,0.33,3.703,0.0,4.393
-1.312,5.949,-7.701,4.328,0.178,4.258
3.192,7.389,-17.143,3.23,-0.643,3.287
2.819,0.564,-11.042,-4.299,-2.739,-0.461
-4.91,-1.853,4.838,-1.83,-0.643,-1.711
-7.199,0.447,-1.808,-0.305,1.862,0.16
0.312,0.637,-3.864,-1.509,0.664,0.173
