-0.88,-9.52,-10.442,0.0,0.0,0.0
-0.804,-9.529,-10.541,0.0,0.0,0.0
-0.703,-9.469,-10.6,0.0,0.0,0.0
-0.734,-9.425,-10.495,0.0,0.0,0.0
-0.979,-9.486,-10.474,0.0,0.0,0.0
-1.179,-9.602,-10.157,0.0,0.111,0.0
-1.307,-9.744,-10.208,0.0,0.0,0.12
-1.331,-10.446,-9.621,0.176,0.173,0.22
-2.276,-12.653,-5.859,1.191,0.321,0.312
-2.448,-15.089,0.93,4.431,-1.099,1.494
-1.951,-8.174,-1.988,4.431,0.319,1.248
0.762,-2.37,-10.583,4.354,0.733,-0.258
-3.385,-7.482,-9.013,-0.147,-0.378,-1.057
-4.973,-5.08,-9.606,-2.674,0.583,0.0
-8.97,-11.513,-7.885,-4.299,2.963,0.344
-11.579,-13.01,-5.354,-2.968,0.234,2.147
-19.855,-7.834,-0.674,-0.282,-1.141,3.945
-11.697,-2.509,2.26,0.77,-1.445,4.393
-3.545,0.48,-1.987,3.362,-0.578,4.393
1.16,5.666,-8.991,4.431,-0.964,4.393
4.114,7.679,-19.546,0.901,-0.399,2.322
-4.409,-7.581,5.139,-4.299,-3.421,-2.078
-6.856,0.197,1.447,0.0,1.359,-0.626
-1.287,-2.043,-3.046,-0.672,0.396,1.416
1.457,5.447,-7.594,-0.665,0.992,0.326
