-0.835,-9.646,-10.485,0.0,0.0,0.0
-0.92,-9.559,-10.475,0.0,0.0,0.0
-0.893,-9.533,-10.576,0.0,0.0,0.0
-0.761,-9.663,-10.485,0.0,0.0,0.0
-0.645,-9.524,-10.363,0.0,0.0,0.0
-0.552,-9.557,-10.39,0.0,0.0,0.0
-1.198,-9.967,-10.432,0.0,0.0,0.0
-2.371,-11.209,-9.756,0.481,-0.237,0.383
-1.96,-13.683,-5.205,3.328,-1.497,1.462
1.917,-8.214,-3.343,4.431,0.273,0.801
0.351,-3.366,-4.211,4.431,1.15,0.17
-3.106,-4.266,-3.308,2.51,0.17,-0.228
-5.868,-7.96,0.627,-1.162,-0.342,-1.986
-5.693,-4.459,-4.786,-0.562,0.471,0.509
-6.444,-7.316,-11.147,-4.299,2.0,-0.299
-8.228,-15.897,-7.359,-4.299,-0.521,1.226
-8.823,-13.532,-5.759,-0.163,-1.191,2.81
-12.228,-10.377,-4.347,1.501,-1.668,4.393
-6.661,-5.363,-2.783,3.916,-2.431,4.393
-3.2,1.731,-2.922,4.413,-0.444,4.393
0.958,7.403,-10.745,4.431,-0.602,4.393
4.822,8.019,-16.332,0.153,-1.333,1.464
-1.051,-5.547,4.374,-4.299,-2.677,-1.959
-8.552,2.644,-0.48,0.775,1.852,-1.46
-0.874,0.984,-3.925,0.546,1.118,2.312
