-0.536,-9.556,-10.335,0.0,0.0,0.0
-0.536,-9.583,-10.372,0.0,0.0,0.0
-1.116,-9.828,-10.453,0.0,0.0,0.0
-2.0,-10.834,-9.19,0.389,-0.505,0.0
-0.619,-10.461,-8.89,1.098,-0.535,0.541
1.057,-11.214,-4.837,2.639,0.891,0.473
0.636,-10.686,-1.599,4.431,1.651,0.499
0.295,-5.324,-3.651,4.431,0.381,0.582
-2.814,-4.874,-3.045,0.127,-1.588,-1.55
-8.697,-2.805,-6.344,0.761,-0.127,0.728
-3.641,-4.808,-5.293,-1.231,0.914,0.697
-5.084,-9.006,-7.52,-4.299,0.919,-1.004
-8.6,-19.435,-3.068,-4.299,1.03,0.987
-9.693,-15.679,-6.867,-0.747,-1.798,2.509
-10.582,-10.532,-5.359,-0.698,-1.364,4.229
-10.769,-9.525,-5.285,2.545,-3.487,4.393
-5.811,-5.986,-3.608,4.431,-1.505,4.393
-1.572,4.218,-8.744,3.962,-0.528,4.393
1.34,7.238,-11.499,2.516,-1.422,3.278
4.041,2.868,-7.645,-2.151,-2.976,0.121
-2.464,-0.277,1.174,-1.571,-0.934,-2.379
-7.622,2.255,-2.666,-0.108,2.097,-0.758
-1.441,1.484,-5.008,-1.094,0.801,1.22
-0.771,5.094,-7.709,-2.035,0.972,0.0
-1.047,5.623,-8.319,-4.299,0.373,-2.007
