-0.974,-9.524,-10.399,0.0,0.0,0.0
-0.913,-9.514,-10.289,0.0,0.0,0.0
-0.922,-9.411,-10.371,0.0,0.0,0.0
-0.976,-9.624,-10.407,0.0,0.0,0.0
-2.211,-10.432,-9.743,0.0,-0.213,0.17
-2.692,-10.886,-7.406,1.323,-0.736,0.77
-0.494,-10.189,-4.613,2.425,0.606,0.611
0.0,-10.358,-1.563,3.493,1.194,0.0
-3.606,-13.843,3.475,4.431,0.938,1.492
1.146,-3.984,-3.138,4.431,0.0,0.269
-1.839,-2.393,-6.494,1.814,-0.783,-1.814
-8.999,-5.034,-5.949,0.294,-0.252,-0.232
-5.693,-4.829,-6.93,-2.336,0.778,1.362
-3.864,-8.527,-10.842,-4.299,2.387,-0.798
-15.49,-15.088,-3.119,-4.299,2.852,0.804
-16.529,-12.092,-3.946,-1.022,-1.159,2.571
-14.085,-4.042,-2.602,1.238,-0.817,4.393
-5.849,-0.485,-1.758,2.013,-1.637,4.393
-2.825,5.768,-6.11,3.001,-0.339,4.393
0.829,9.046,-11.896,3.667,-0.431,4.031
5.619,5.468,-14.141,-0.78,-1.831,1.273
-3.934,-6.377,4.843,-3.624,-2.494,-2.193
-7.531,2.836,-1.987,0.922,1.686,0.0
2.299,1.5,-5.017,-0.115,0.606,1.582
2.403,4.595,-6.81,-2.118,0.379,-0.58
