-1.736,-10.891,-9.665,0.288,-0.288,0.113
-2.458,-11.501,-7.399,1.472,-0.353,0.964
-1.004,-11.97,-3.749,4.431,-0.599,1.689
0.0,-5.008,-4.219,4.431,0.261,1.032
-0.371,-1.537,-2.62,3.624,0.0,0.0
0.82,-7.286,-1.233,0.0,-1.963,-1.651
-10.631,-4.944,-2.812,0.656,0.18,-0.119
-3.534,-3.607,-5.886,-0.94,1.069,1.052
-6.621,-9.192,-8.846,-4.299,1.375,-0.385
-12.621,-16.74,-2.695,-4.299,0.978,2.515
-10.704,-13.085,-3.857,0.382,-1.561,4.069
-9.931,-10.199,-2.819,2.613,-2.584,4.393
-2.216,0.735,-6.001,3.803,-1.133,4.393
0.286,7.372,-8.489,3.861,-0.75,3.666
-0.371,7.158,-10.21,2.82,-0.591,3.529
4.597,3.411,-8.408,-1.38,-3.0,0.307
-4.186,-1.24,4.767,-1.42,-0.635,-1.622
-6.567,2.01,-3.208,0.0,1.847,0.567
0.377,0.982,-5.718,-3.194,1.298,0.156
2.464,1.32,-7.799,-4.299,1.354,-1.719
0.601,0.996,-2.589,-4.299,2.67,-1.671
-5.975,-1.797,-4.942,-1.88,3.322,-3.552
-7.921,-6.389,-5.335,-1.439,2.49,-3.65
-10.048,-7.496,-6.458,0.0,1.48,-3.724
-7.004,-9.405,-9.485,-0.381,1.775,-3.334
