-0.835,-9.566,-10.38,0.0,0.0,0.0
-0.94,-9.529,-10.434,0.0,0.0,0.0
-0.862,-9.52,-10.461,0.0,0.0,0.0
-0.828,-9.488,-10.505,0.0,0.0,0.0
-0.798,-9.481,-10.522,0.0,0.0,0.0
-0.867,-9.484,-10.532,0.0,0.0,0.0
-0.947,-9.611,-10.417,0.0,0.0,0.0
-1.101,-9.859,-10.283,0.0,0.0,0.0
-3.506,-13.055,-8.713,0.668,0.0,0.419
-2.72,-18.598,0.342,4.431,-0.878,2.594
1.388,-5.165,-6.093,4.431,0.0,2.25
0.696,-0.712,-8.182,4.228,-0.284,0.0
-5.756,-6.851,-2.657,-0.402,-0.836,-1.499
-7.55,-4.299,-5.175,-0.941,0.0,0.52
-6.619,-2.704,-8.215,-3.172,1.814,0.6
-12.101,-9.047,-2.883,-4.299,2.389,1.462
-15.27,-9.774,-0.777,-1.82,0.141,2.198
-14.067,-6.662,-0.623,0.266,-1.511,3.94
-9.259,-4.205,-1.09,2.186,-1.63,4.393
-3.567,2.026,-4.168,3.441,-0.837,4.393
1.173,7.238,-9.331,3.87,-0.386,4.124
3.42,10.12,-15.103,1.529,-0.79,2.041
1.357,-0.639,-2.782,-4.052,-2.518,-1.629
-6.695,-0.731,1.896,-0.955,0.0,-1.58
-6.48,1.594,-4.832,0.0,1.724,1.368
