-1.399,-9.748,-8.672,0.0,0.0,0.0
-1.407,-9.713,-8.586,0.0,0.0,0.0
-1.161,-9.807,-8.425,0.0,0.0,0.0
-1.33,-9.716,-8.471,0.0,0.0,0.0
-1.243,-9.626,-8.658,0.0,0.0,0.0
-1.231,-9.566,-8.654,0.112,-0.45,0.0
-2.282,-9.957,-8.188,0.17,-0.16,0.0
-4.227,-10.775,-5.787,0.687,-0.709,0.89
-2.606,-11.693,-2.421,2.527,-3.337,1.857
4.088,-10.094,-1.942,3.896,-3.537,1.175
4.813,-8.014,-1.639,2.749,-1.814,-1.266
2.122,-5.371,-4.246,1.288,-1.657,-1.998
0.541,-3.761,-3.776,-0.216,-1.513,-1.829
-3.314,-5.279,-1.913,0.0,0.0,-1.818
-0.137,-3.635,-3.158,0.153,0.981,-0.352
-3.899,-4.087,1.31,0.814,2.608,0.559
-5.861,-7.057,4.331,2.089,3.126,2.203
-8.969,-3.372,6.431,2.253,4.115,2.512
-6.078,0.563,5.715,2.582,4.299,4.008
6.375,6.603,-4.883,3.771,3.89,3.49
3.078,13.15,-15.116,1.61,0.924,1.372
-2.609,15.723,-14.187,0.629,-0.69,0.355
8.077,4.763,-17.006,-0.907,-3.565,1.828
-7.63,-6.119,8.14,-3.756,-2.987,-2.607
-6.922,1.9,0.848,1.297,0.407,0.643
