-1.676,-9.712,-8.531,0.0,0.0,0.0
-1.577,-9.66,-8.692,0.0,0.0,0.0
-1.523,-9.566,-8.739,0.0,0.0,0.0
-1.58,-9.611,-8.574,0.0,0.0,0.0
-1.726,-9.797,-8.583,0.0,-0.112,0.0
-2.68,-9.943,-8.466,0.0,-0.151,0.26
-2.795,-9.878,-7.537,0.371,-0.351,0.607
-4.361,-10.633,-3.57,2.219,-2.304,1.14
0.863,-9.904,-1.289,3.165,-3.314,1.257
4.761,-8.272,-1.944,2.681,-2.501,-0.54
2.948,-7.677,-1.938,1.635,-1.638,-1.82
4.093,-5.809,-3.512,0.618,-1.163,-1.747
0.0,-4.533,-2.557,-0.351,0.0,-2.115
-0.923,-4.304,-3.423,0.0,-0.311,-0.938
-1.988,-3.383,-2.508,-0.167,0.648,-0.581
-3.905,-4.661,0.952,0.252,1.892,1.382
-2.701,-5.967,4.118,1.631,2.912,2.175
-5.838,-2.749,5.302,2.414,3.744,2.356
-8.507,0.672,6.281,2.487,4.315,3.017
-2.706,5.876,0.0,2.495,3.253,3.842
1.617,7.711,-3.776,3.172,1.719,3.405
2.561,10.594,-17.621,2.858,0.456,1.337
4.329,3.495,-15.364,-2.421,-2.545,0.134
-0.252,-8.863,8.14,-4.289,-3.777,-1.796
-11.446,3.1,3.794,0.56,1.282,-0.129
