-3.046,-11.625,-3.712,0.891,-1.063,0.888
1.201,-11.221,-1.195,3.471,-3.781,1.296
5.561,-10.204,-3.018,4.442,-2.701,-0.143
3.421,-7.833,-2.982,1.864,-1.8,-2.043
1.612,-6.108,-4.082,-0.295,-1.247,-3.044
-2.334,-3.618,-2.433,-0.189,-0.526,-1.406
0.73,-4.096,-5.263,-0.132,-0.149,-0.471
-2.426,-4.022,-2.451,-0.482,1.388,-0.364
-2.627,-6.079,0.826,0.544,2.675,1.971
-5.003,-9.241,4.755,2.455,3.116,2.713
-10.463,-4.848,7.014,2.437,4.377,2.926
-2.005,0.827,4.397,3.351,3.866,4.357
4.468,8.144,-4.657,4.249,3.045,4.288
4.413,11.902,-17.417,3.1,0.854,1.571
3.627,5.171,-15.471,-1.358,-2.369,0.583
-9.611,-13.17,8.14,-4.289,-3.015,-2.502
-5.549,5.948,2.89,-0.695,-0.716,-0.317
0.0,5.743,-11.511,0.402,-0.189,0.867
-2.718,5.866,-6.259,-0.817,0.874,0.382
-1.648,0.944,-4.007,-1.055,0.325,0.0
-2.584,0.108,-5.221,-2.291,1.324,-0.588
-3.89,-0.277,-5.659,-2.821,1.001,-2.06
-3.841,-1.757,-2.364,-2.949,1.037,-3.271
-10.951,-7.564,-1.137,-2.479,2.057,-4.374
-11.07,-12.015,-3.008,-2.027,0.765,-4.374
