-1.07,-9.74,-8.79,0.0,0.0,0.0
-1.014,-9.745,-8.977,0.0,0.0,0.0
-1.066,-9.821,-8.892,0.0,0.0,0.0
-1.172,-9.743,-8.926,0.0,0.0,0.0
-1.14,-9.75,-9.116,0.0,0.0,0.0
-1.381,-9.815,-8.816,0.125,-0.222,0.199
-1.969,-10.042,-8.283,0.329,-0.46,0.312
-2.716,-10.328,-6.11,1.37,-2.033,0.633
0.772,-9.939,-2.332,2.204,-2.272,1.073
4.823,-10.411,0.905,2.332,-0.777,-0.147
4.189,-10.505,0.971,2.869,-0.687,-1.483
0.788,-7.355,-3.034,2.801,-0.979,-2.021
-4.717,-4.662,-6.333,1.009,-0.607,-1.295
-3.494,-5.018,-6.831,0.732,0.334,-0.451
-3.798,-4.381,-7.891,-0.254,0.149,0.345
-4.464,-6.535,-6.493,-1.24,0.958,0.747
-7.158,-10.667,0.388,-1.206,0.653,2.6
-6.632,-11.293,8.14,0.184,1.434,3.888
-5.995,-6.974,8.14,2.427,2.53,4.357
0.945,-3.214,8.14,4.442,2.481,4.357
3.26,1.137,-6.114,4.442,1.795,4.357
3.539,9.841,-24.657,4.427,-0.432,2.372
4.223,6.443,-22.042,-1.071,-2.747,0.334
-3.978,-19.024,8.14,-4.289,-2.522,-3.836
-9.531,4.358,4.156,-0.172,-0.6,0.517
