2.06,-11.142,0.93,3.142,-0.69,-0.608
1.132,-10.812,1.269,3.877,-1.033,-1.475
0.0,-7.228,-3.211,3.085,-1.387,-1.638
-1.81,-5.747,-4.259,1.109,-1.108,-1.668
-2.851,-4.021,-3.977,0.331,-0.159,-0.851
-3.883,-2.99,-3.62,0.0,0.453,0.0
-2.518,-3.344,-3.882,-0.478,0.854,0.847
-3.701,-6.014,-2.946,-0.572,1.101,1.855
-6.324,-6.333,1.886,0.0,1.623,2.916
-7.011,-3.231,6.664,0.551,2.358,3.158
-7.855,0.0,8.14,1.971,2.966,3.779
-1.656,0.0,8.14,3.676,2.838,4.357
4.214,5.52,-4.762,4.442,2.067,3.684
6.489,8.735,-22.243,4.442,-0.54,2.424
6.864,3.108,-23.032,-4.177,-3.75,-0.899
-4.793,-13.688,8.14,-4.289,-4.278,-2.156
-15.141,5.756,4.507,-0.299,0.916,-1.192
-0.132,4.08,-9.281,1.003,-0.11,1.097
-3.204,3.704,-3.971,-0.394,0.0,0.631
-2.116,0.124,-3.468,-1.721,0.7,0.854
0.313,2.936,-7.914,-1.915,0.996,0.332
-2.632,0.521,-4.403,-2.951,1.827,-1.623
-5.524,-4.5,-1.559,-3.628,2.013,-2.884
-8.279,-9.214,0.0,-2.75,1.743,-3.446
-10.135,-8.961,-4.047,-2.169,1.282,-3.218
