-1.644,-11.337,-1.458,1.897,-2.957,0.965
3.421,-9.957,-2.858,3.603,-2.678,0.967
4.396,-9.216,-2.041,2.767,-1.707,-0.712
2.522,-9.767,-1.792,1.324,-1.26,-2.004
-1.161,-5.845,-3.287,0.334,-0.463,-1.861
-2.089,-3.365,-4.766,0.0,0.0,-1.185
0.415,-3.885,-4.979,0.244,0.225,-0.51
-3.221,-5.451,-3.079,-0.578,1.438,-0.124
-4.077,-6.313,-1.772,-0.155,1.927,1.36
-6.791,-9.643,4.799,1.308,2.254,2.617
-9.733,-5.5,8.14,1.892,3.699,3.336
-10.645,-0.51,8.14,2.503,3.833,4.357
6.949,-2.537,2.738,4.442,2.682,4.357
10.384,8.089,-27.739,4.442,0.812,2.838
4.793,4.188,-25.248,-2.104,-2.471,-0.604
-2.085,-19.679,8.14,-4.289,-3.538,-3.284
-14.48,6.885,5.8,-0.383,1.647,-1.738
0.564,2.619,-7.753,1.696,-0.92,2.479
0.0,4.201,-5.28,-1.539,0.649,0.162
-1.277,1.299,-4.581,-1.184,-0.133,0.707
0.366,0.0,-5.049,-2.73,1.646,-0.431
-4.024,-2.213,-6.968,-3.71,3.003,-2.624
-5.979,-7.108,-0.978,-3.918,1.346,-3.272
-9.233,-12.588,-2.204,-2.517,1.926,-4.101
-10.153,-12.47,-4.584,-1.639,1.787,-3.477
