-1.037,-9.691,-8.844,0.0,-0.121,0.0
-1.424,-9.796,-8.877,0.0,0.0,0.141
-1.738,-9.91,-8.558,0.0,-0.193,0.369
-3.155,-10.095,-6.935,0.421,-1.935,0.546
-2.355,-10.683,-2.503,1.352,-1.609,0.781
1.153,-10.583,0.212,2.438,-2.202,0.962
5.807,-10.22,0.983,2.518,-1.566,-0.717
3.373,-11.892,0.21,2.498,-0.71,-2.824
-3.481,-8.394,-4.939,2.365,0.0,-2.858
-5.205,-5.373,-7.028,1.054,-0.61,-0.955
-1.16,-4.231,-7.293,0.357,-0.296,-0.307
-4.638,-4.106,-5.175,-0.665,0.764,0.0
-4.835,-7.255,-1.465,-0.849,1.216,1.801
-7.097,-9.393,3.869,0.4,1.858,2.869
-12.01,-7.47,8.14,1.161,3.445,3.437
-5.646,-5.545,8.14,3.287,3.079,4.357
9.045,1.137,0.252,4.442,3.166,4.357
5.993,9.196,-14.533,4.442,0.308,2.832
3.767,10.391,-22.836,1.664,-2.164,1.063
0.635,-1.473,-9.373,-4.289,-3.904,-1.325
1.947,-8.164,8.14,-4.289,-2.742,-2.616
-14.0,3.516,2.672,1.144,0.0,1.342
1.715,6.17,-8.727,-0.255,0.163,0.405
-2.874,5.504,-3.51,-0.623,0.189,0.0
-3.21,0.0,-2.882,-0.89,0.403,0.51
