-1.436,-9.799,-8.802,0.0,0.0,0.0
-1.551,-9.731,-8.665,0.0,0.0,0.0
-1.398,-9.596,-9.195,0.0,0.165,0.0
-2.006,-9.934,-8.611,0.0,-0.142,0.0
-2.561,-10.153,-5.409,0.791,-1.048,0.479
0.855,-10.243,-0.953,2.06,-2.271,0.486
3.279,-10.969,0.864,2.567,-0.475,-0.464
1.517,-10.564,3.608,3.051,-0.102,-1.063
0.377,-9.327,-0.77,3.658,0.752,-1.665
-3.914,-7.437,-8.532,2.598,0.338,-1.036
-3.797,-6.389,-10.01,1.023,-0.368,0.0
-3.104,-5.089,-10.205,-0.854,0.0,0.475
-3.729,-5.139,-7.186,-1.645,0.208,1.04
-5.084,-8.861,-1.54,-1.442,0.0,2.264
-7.753,-11.037,4.912,-1.016,0.497,3.375
-6.18,-9.046,8.14,0.721,0.93,4.357
-8.931,-6.192,8.14,2.016,2.252,4.357
1.856,-4.764,3.475,4.442,0.348,4.357
5.257,4.099,-13.817,4.442,0.177,3.587
2.311,9.826,-22.597,0.994,-1.517,0.146
0.0,-6.505,-1.566,-4.289,-2.877,-1.517
-5.323,-0.243,8.14,-1.683,-1.36,-1.571
-1.014,2.341,-3.68,1.472,-0.853,1.677
-2.284,4.894,-4.777,-1.102,0.148,-0.233
-2.059,1.935,-2.423,-1.242,0.436,0.0
