-3.982,-10.928,-1.531,2.137,-2.16,1.549
0.755,-9.12,-1.953,3.52,-3.473,1.555
3.434,-9.071,0.68,3.427,-2.484,-0.198
2.315,-9.531,-0.16,2.663,-1.883,-1.984
-0.366,-4.632,-4.559,1.116,-1.048,-2.329
-2.82,-3.465,-4.786,0.0,-0.831,-1.238
-2.438,-4.239,-5.079,-0.198,0.291,-0.494
-0.988,-3.981,-4.299,-0.6,1.054,0.239
-4.538,-4.98,-0.706,0.0,2.682,1.006
-6.69,-6.1,2.965,1.203,2.738,2.925
-11.632,-1.081,6.831,1.955,3.727,3.026
-7.806,1.897,8.14,2.999,3.327,4.357
1.041,5.189,1.428,3.831,3.467,4.265
4.068,6.358,-11.55,4.442,1.323,3.601
7.292,9.179,-26.062,1.878,-0.894,1.332
7.697,-5.642,-19.118,-4.289,-3.854,-2.064
-13.284,0.126,8.14,-1.185,-2.991,-1.255
-3.486,4.229,-5.945,1.081,-0.531,1.375
-1.587,5.319,-4.592,-0.443,0.171,0.199
-2.627,1.96,-5.055,-1.497,1.198,0.527
0.641,2.434,-7.706,-2.195,0.691,0.58
-3.517,0.558,-4.265,-3.304,1.441,-1.35
-3.35,-2.779,-4.407,-4.02,0.719,-2.84
-5.396,-10.276,0.413,-4.046,0.939,-4.244
-9.185,-14.754,-3.241,-3.206,3.941,-4.24
