-2.114,-9.801,-7.538,0.299,-0.364,0.318
-3.085,-10.835,-3.33,1.784,-1.898,0.996
2.906,-9.371,-1.823,2.532,-3.114,0.723
5.906,-9.384,-1.379,2.341,-1.609,-0.89
2.96,-9.02,-1.165,2.116,-1.494,-1.488
2.287,-6.284,-3.567,0.998,-0.797,-1.625
-1.666,-3.695,-4.511,0.132,-0.41,-1.25
-2.162,-4.102,-4.626,0.0,0.121,-0.692
-1.308,-3.009,-5.223,-0.221,0.925,0.207
-6.802,-7.799,2.051,0.963,1.896,2.035
-6.798,-9.551,8.14,2.844,3.19,3.292
-9.359,-4.535,8.14,3.313,4.377,4.174
3.154,-2.104,5.808,4.442,4.041,4.357
8.968,5.961,-8.352,4.442,2.086,4.013
5.482,8.731,-26.254,3.893,0.0,1.428
6.616,-5.209,-16.397,-4.289,-2.552,-1.743
-9.151,-12.396,8.14,-4.289,-2.101,-2.581
-3.423,1.322,-2.507,1.865,-0.902,2.705
-3.372,6.576,0.0,-2.254,0.546,-1.228
-2.48,6.682,-3.322,-0.131,-0.18,0.27
-2.992,4.119,-6.065,-1.015,0.542,0.556
-2.174,1.285,-3.777,-0.586,0.103,0.336
-1.285,0.912,-6.895,-2.859,1.532,-1.301
-2.533,-1.37,-3.162,-3.39,0.69,-2.456
-4.646,-7.793,-1.364,-2.928,2.492,-3.639
