-1.5,-9.784,-9.145,0.0,0.0,0.0
-1.46,-9.778,-9.103,0.0,0.0,0.0
-1.297,-9.669,-8.911,0.0,0.0,0.0
-1.294,-9.745,-8.899,0.0,0.0,0.0
-1.443,-9.695,-8.887,0.0,0.335,0.0
-2.238,-9.78,-9.733,0.0,0.345,0.0
-3.185,-9.91,-8.341,0.0,-0.453,0.319
-4.24,-11.16,-5.367,1.132,-1.798,1.04
-3.311,-11.212,-1.857,3.324,-4.353,2.06
3.733,-9.977,-1.462,2.851,-3.375,1.054
4.653,-9.722,-0.334,2.616,-2.186,-1.233
0.112,-5.631,-3.928,1.09,-0.924,-2.868
-2.448,-4.002,-5.658,0.211,-0.858,-1.964
-2.642,-4.528,-4.457,0.109,-0.477,-0.722
-3.277,-4.729,-4.176,-0.156,1.103,0.133
-5.256,-7.827,1.161,0.103,2.5,1.721
-7.215,-8.655,4.806,1.929,2.884,2.893
-10.704,-2.336,7.05,2.243,4.268,3.062
-3.924,0.676,8.078,3.025,3.305,4.357
4.085,5.883,-1.817,3.236,3.335,4.16
3.568,9.296,-18.541,4.442,0.0,3.376
3.215,10.698,-24.573,0.124,-1.609,0.279
7.599,-15.548,-6.373,-4.289,-3.821,-2.66
-14.22,5.343,8.14,-1.159,-0.767,-1.789
-0.466,2.779,-7.776,1.739,-1.172,2.307
