-1.581,-9.794,-8.417,0.0,0.0,0.0
-1.492,-9.869,-8.379,0.0,0.0,0.0
-1.623,-9.676,-8.539,0.0,0.0,0.0
-1.47,-9.699,-8.586,0.0,0.0,0.0
-1.579,-9.694,-8.508,0.0,0.0,0.0
-2.529,-9.895,-8.927,0.0,0.0,0.131
-3.816,-10.535,-7.873,0.192,-0.194,0.681
-4.321,-11.402,-4.361,1.385,-0.742,1.537
-3.377,-9.837,-2.209,2.928,-3.383,1.86
1.714,-7.25,-2.415,3.66,-4.06,1.757
5.949,-6.442,-4.304,2.838,-3.283,0.221
4.801,-7.477,-3.502,-1.253,-2.937,-2.043
-3.107,-6.446,1.025,-1.114,0.0,-3.2
0.617,-2.958,-3.651,0.285,-0.38,0.176
-2.672,-4.097,-1.994,-0.266,1.286,-0.816
-3.081,-5.006,2.858,0.998,2.544,1.781
-4.556,-8.481,8.14,3.083,4.207,1.861
-10.109,-2.6,8.14,3.329,4.377,1.984
-1.04,2.568,1.984,3.905,4.204,4.357
7.621,7.135,-7.881,4.119,2.713,3.68
4.153,11.94,-25.925,2.884,0.0,1.157
6.52,-9.349,1.555,-4.289,-2.796,-1.813
-3.547,-6.87,8.14,-2.748,-2.635,-1.833
-3.723,1.513,-3.327,2.135,-0.395,2.057
-1.926,3.695,-2.363,-1.181,0.569,0.0
