-0.984,-9.744,-8.89,0.0,0.0,0.0
-1.181,-9.749,-8.844,0.0,0.0,0.0
-1.149,-9.809,-8.893,0.0,0.0,0.0
-1.182,-9.749,-9.036,0.0,-0.472,0.0
-0.757,-9.551,-8.987,0.0,-0.112,0.0
-1.817,-9.916,-7.955,0.249,0.0,0.0
-1.804,-10.417,-7.334,0.645,0.0,0.411
-1.248,-9.75,-5.365,1.647,-1.02,0.747
0.694,-9.404,-1.937,2.166,-1.403,0.635
4.072,-7.817,2.691,2.926,-0.26,-0.381
2.339,-8.67,5.896,3.367,0.0,-1.436
-1.762,-8.91,-0.806,3.443,0.511,-1.707
-4.101,-7.408,-7.441,2.192,0.329,-0.921
-1.86,-4.205,-7.981,0.75,-0.451,-0.133
-3.644,-3.466,-8.74,0.0,0.548,0.0
-4.549,-4.986,-7.41,-0.813,0.6,1.022
-5.3,-7.159,-2.876,-1.403,0.101,2.265
-10.425,-6.612,5.338,-1.047,0.895,3.122
-10.156,-2.856,8.14,0.0,2.137,4.316
-1.901,0.794,8.14,2.668,2.473,4.357
3.066,6.32,1.285,4.378,1.476,3.911
1.446,10.109,-9.652,4.442,0.43,1.969
2.635,6.18,-21.031,0.188,-1.925,0.239
-1.126,-12.121,4.22,-4.289,-2.778,-2.447
-7.679,6.023,0.449,-0.54,-0.687,-0.479
