-1.528,-9.746,-8.774,0.0,0.0,0.0
-2.012,-9.859,-8.862,0.0,0.0,0.0
-2.717,-10.325,-8.303,0.0,-0.197,0.289
-2.651,-10.687,-6.931,0.34,-0.537,0.784
-2.111,-10.791,-4.298,2.029,-2.782,1.099
1.109,-8.753,-4.736,3.487,-3.811,1.34
3.873,-7.48,-3.743,3.135,-2.16,-0.414
3.651,-7.619,-3.469,1.393,-1.699,-1.844
1.74,-7.814,-1.347,-0.957,-1.209,-2.793
-5.57,-4.134,-0.855,-0.693,0.111,-1.115
1.633,-3.86,-4.97,-0.219,0.0,-0.238
2.222,-4.263,-3.363,-0.101,0.502,-0.126
-1.559,-2.717,0.874,0.382,1.685,0.92
-3.228,-7.229,6.879,2.324,2.896,2.47
-6.92,-4.676,7.64,3.415,3.94,2.129
-8.178,-3.93,6.045,3.476,3.535,3.956
2.674,1.674,-5.395,4.442,3.498,4.357
5.455,8.147,-10.969,3.204,1.879,2.43
6.424,8.905,-24.307,1.456,-0.585,0.674
1.642,-5.191,0.115,-4.289,-3.057,-1.335
-1.415,1.102,8.14,-2.954,-1.756,-2.113
-4.189,3.124,-5.44,1.692,-0.396,1.271
-2.809,4.691,-3.091,-1.127,0.145,0.0
-2.382,2.404,-1.173,-2.19,0.17,-0.111
-1.612,-0.289,-4.675,-2.59,0.622,0.0
