-2.67,-10.601,-0.423,2.581,-2.526,1.484
2.525,-9.669,0.222,4.06,-2.513,0.843
4.177,-9.72,0.88,3.897,-2.665,-0.8
1.31,-8.492,-1.991,1.389,-1.765,-2.602
-1.234,-4.76,-3.88,0.0,-1.675,-1.888
-2.212,-3.188,-4.437,0.0,-0.168,-0.897
-0.276,-3.762,-4.323,0.0,0.61,-0.421
-1.981,-2.656,-1.692,-0.242,1.292,0.727
-2.184,-6.804,1.215,0.164,2.043,2.085
-4.704,-7.276,4.326,1.742,3.019,2.195
-11.224,-1.746,6.005,2.006,4.377,2.359
-5.703,2.756,4.362,2.936,3.399,4.357
5.213,7.743,-3.899,3.716,2.99,4.069
0.0,11.439,-13.689,3.908,1.393,1.927
1.904,9.017,-24.208,0.0,-1.491,0.551
2.064,-15.72,3.351,-4.289,-3.439,-2.738
-12.659,9.41,6.601,-0.204,-0.673,-0.106
1.44,4.518,-11.541,1.139,-0.557,1.501
-1.507,6.474,-3.275,-0.965,0.0,0.203
-1.819,1.918,-3.071,-1.316,0.153,0.172
-2.256,-0.501,-3.326,-2.223,0.927,-0.142
-2.7,1.003,-6.432,-2.527,1.67,-1.099
-4.139,-1.563,-5.207,-2.838,2.032,-2.7
-5.764,-7.177,-2.489,-2.814,1.825,-3.844
-12.009,-11.056,-3.833,-2.014,2.204,-4.316
