-0.984,-9.749,-8.804,0.0,0.0,0.0
-0.726,-9.77,-9.027,0.0,0.0,0.0
-1.106,-9.801,-8.997,0.0,0.0,0.0
-0.793,-9.693,-9.054,0.0,0.0,0.0
-1.095,-9.816,-8.922,0.0,0.0,0.0
-0.732,-9.761,-9.146,0.0,-0.105,0.0
-0.663,-9.951,-7.847,0.279,-0.121,-0.125
0.0,-10.466,-6.608,0.354,0.0,-0.257
0.654,-11.565,-2.993,1.227,-0.407,-0.32
3.111,-12.381,0.484,1.945,0.8,-0.539
1.244,-10.94,2.666,2.834,1.523,-0.648
0.301,-10.596,-2.398,3.766,1.86,-0.42
-1.206,-9.027,-9.426,2.816,0.772,0.121
-1.597,-6.578,-11.813,1.065,0.4,0.0
-1.927,-5.041,-11.053,-0.192,0.257,0.426
-1.875,-6.645,-9.959,-1.33,0.152,0.54
-7.174,-11.157,-4.385,-2.104,-1.234,1.352
-9.065,-12.464,5.47,-1.46,-1.338,3.5
-11.659,-9.038,8.14,0.63,0.497,4.357
-5.822,-5.824,8.14,3.573,1.179,4.357
1.061,-2.217,1.769,4.442,1.666,4.357
3.515,4.587,-12.67,4.442,0.605,4.244
5.334,8.729,-30.071,2.069,-0.99,1.11
3.771,-18.781,4.021,-4.289,-3.232,-3.145
-3.817,8.987,5.416,0.0,-0.725,-1.892
