-1.767,-9.642,-7.943,0.0,0.0,0.0
-1.825,-9.635,-8.019,0.0,0.0,0.0
-1.823,-9.596,-8.097,0.0,0.0,0.0
-1.96,-9.616,-8.078,0.0,0.0,0.0
-1.897,-9.629,-8.245,0.0,0.0,0.0
-2.437,-9.63,-8.102,0.0,0.0,0.129
-3.079,-10.186,-6.552,0.491,-0.299,0.588
-4.94,-10.434,-2.553,2.395,-2.957,1.294
0.394,-8.992,-2.067,2.951,-4.275,1.605
4.869,-8.491,-1.292,2.516,-3.52,0.237
5.974,-9.094,-1.657,1.466,-1.331,-2.698
0.145,-6.469,-3.031,-0.145,0.0,-3.433
-4.399,-4.929,-4.235,0.282,-0.293,-1.21
-1.051,-4.201,-5.987,0.0,0.0,-0.189
-4.671,-3.769,-0.984,0.129,2.306,0.524
-5.042,-6.696,3.85,1.041,3.139,2.378
-8.588,-4.819,8.14,1.891,3.869,2.618
-7.479,-0.567,8.14,3.212,4.328,4.357
3.109,3.934,-1.482,4.442,3.73,4.357
0.997,10.839,-8.291,2.343,1.638,1.931
2.765,9.319,-23.341,3.443,-1.048,2.288
6.536,-12.986,-2.269,-4.289,-3.53,-1.296
-11.627,6.023,8.14,-1.649,0.0,-3.399
1.881,1.533,-11.193,1.959,-1.178,2.246
-3.658,5.058,-3.512,-0.673,0.408,0.217
