-1.457,-10.146,-10.065,0.0,0.0,0.0
-1.267,-10.195,-10.24,0.0,0.0,0.0
-1.589,-10.162,-10.025,0.0,0.0,0.0
-1.394,-10.182,-10.17,0.0,0.0,0.0
-1.584,-10.181,-9.985,0.0,0.0,0.0
-1.495,-10.25,-10.047,0.0,0.0,0.0
-1.72,-10.216,-9.808,0.0,0.0,0.0
-2.015,-10.286,-10.102,0.0,-0.366,0.0
-2.963,-11.681,-6.819,1.109,-1.333,0.0
-3.735,-17.268,-3.42,4.44,-2.576,0.403
-0.672,-13.256,0.0,4.44,-1.05,2.452
9.073,-6.426,-25.079,4.44,-4.354,3.194
-9.691,-14.944,8.252,-1.58,-0.773,-3.47
12.817,-8.57,1.1,-1.07,1.045,2.096
-4.214,-5.006,-7.423,-4.291,4.376,-3.074
-12.121,-16.473,0.868,-4.291,0.144,2.866
-5.066,-16.542,-0.517,3.014,-3.32,4.069
-10.534,-7.905,4.749,4.44,-0.819,4.084
-2.374,1.097,-6.189,4.44,1.178,4.061
-0.584,8.522,-7.927,4.44,1.82,4.357
-0.295,14.311,-30.973,4.44,-0.78,4.357
12.64,-7.185,6.117,-4.291,-4.354,0.834
-10.422,-14.18,8.252,-0.52,4.376,-4.373
15.634,-5.389,-2.819,1.037,-0.477,4.246
-1.56,-0.342,-2.173,-0.703,3.432,-0.233
