-1.552,-10.246,-9.557,0.0,0.0,0.0
-1.55,-10.187,-9.685,0.0,0.0,0.0
-1.38,-10.175,-9.73,0.0,0.0,0.0
-1.527,-10.127,-9.717,0.0,0.0,0.0
-1.539,-10.225,-9.788,0.0,0.0,0.0
-1.72,-10.016,-9.675,0.0,0.142,0.0
-2.221,-10.369,-9.156,0.0,0.0,0.0
-2.628,-11.094,-7.674,0.55,-0.669,0.0
-5.149,-13.035,-3.177,1.861,-3.611,-0.218
1.62,-16.686,-3.668,2.942,-2.197,1.029
8.133,-14.318,-0.66,4.44,-1.313,0.937
-2.851,7.539,-30.973,4.44,-4.354,0.378
-15.747,-0.972,-2.323,2.279,-0.117,-0.424
6.298,-5.525,-1.129,-0.125,1.415,-0.335
-3.156,-2.599,-3.551,-3.726,3.218,0.0
-4.123,-9.811,-7.994,-4.291,2.336,1.738
-2.671,-15.849,-1.038,-2.316,-1.226,0.928
-2.974,-16.448,-5.776,2.32,-1.827,1.29
-7.857,-11.275,-1.305,2.851,-0.805,3.078
-4.701,-9.302,-1.803,4.44,-1.408,4.357
-4.03,-1.447,-3.311,4.44,1.395,4.357
6.213,4.618,-10.988,4.44,0.45,4.357
0.111,14.156,-26.832,3.465,-1.017,3.447
17.038,-7.35,3.004,-4.291,-4.354,1.519
10.64,-17.55,8.252,-3.625,2.284,-4.373
