-2.648,-10.102,-8.759,0.0,0.0,0.0
-2.746,-10.132,-8.577,0.0,0.0,0.0
-2.217,-9.943,-8.877,0.0,0.0,0.0
-2.439,-10.083,-8.277,0.133,0.0,0.0
-1.936,-10.028,-8.454,0.0,0.0,0.0
-2.368,-9.894,-8.565,0.0,0.0,0.0
-2.821,-9.804,-8.014,0.0,-0.268,0.0
-3.768,-12.915,-4.85,1.196,-1.152,-0.366
-2.98,-14.947,-1.243,4.44,0.261,0.71
-0.213,-3.408,-3.806,4.44,1.291,3.788
14.146,-5.406,-11.313,-3.937,-4.354,-0.778
-18.438,-0.344,-7.49,3.756,0.916,-1.492
3.182,-6.276,-2.874,0.0,0.0,0.173
-5.036,-3.537,-1.279,-0.588,3.163,-1.509
-7.176,-4.392,-7.399,-4.291,2.6,0.519
-4.215,-20.015,-2.315,-4.291,-2.939,1.313
-6.626,-16.831,-1.881,2.355,-3.79,0.912
-4.481,-9.408,-6.957,4.44,-2.848,3.662
-6.548,-5.727,-0.441,4.413,-1.324,4.215
-5.257,0.43,-2.215,4.44,0.907,3.811
-1.376,6.816,-5.846,4.44,-0.481,4.357
0.164,14.272,-18.038,4.35,-0.279,2.823
14.497,-5.328,-13.254,-3.461,-4.354,0.467
-6.267,-20.015,8.252,-0.778,4.376,-4.373
18.001,-6.057,-10.462,-4.291,-1.613,4.357
