-1.038,-10.2,-10.124,0.0,0.0,0.0
-0.993,-10.195,-10.076,0.0,0.0,0.0
-1.003,-10.17,-10.112,0.0,0.0,0.0
-1.032,-10.214,-10.116,0.0,0.0,0.0
-1.13,-10.121,-10.13,0.0,0.0,0.0
-1.035,-10.155,-10.164,0.0,0.0,0.0
-1.018,-10.296,-10.009,0.0,0.0,0.0
-0.836,-10.214,-9.796,0.116,0.0,0.0
-3.35,-12.241,-6.721,0.991,-0.266,0.0
-4.008,-16.694,-1.455,4.44,-2.183,0.381
0.206,-13.869,2.893,4.44,0.0,1.684
9.634,-2.333,-24.15,4.44,-4.354,2.804
-9.76,-8.888,8.252,-0.257,-1.387,-2.744
2.319,-5.501,-1.279,-0.667,0.754,2.268
0.133,-6.335,-5.567,-3.877,4.139,-1.513
-10.354,-12.307,-8.676,-4.291,1.921,0.0
-6.739,-18.684,-0.718,-2.129,-4.354,2.326
-7.386,-15.798,-1.054,4.44,-2.851,3.027
-5.68,-9.035,0.595,4.44,-0.416,4.357
-2.009,1.473,-8.051,4.44,1.37,4.357
-2.396,9.385,-9.291,4.44,0.496,4.357
0.685,13.021,-21.462,4.094,-0.251,3.238
12.639,-2.863,-17.741,-3.916,-4.335,1.188
3.457,-16.435,8.252,-4.291,2.291,-4.373
5.046,-4.902,-18.614,-2.746,-0.962,4.357
