-1.94,-10.098,-8.683,0.0,0.0,0.0
-1.96,-10.034,-8.743,0.0,0.0,0.0
-2.111,-10.052,-8.582,0.0,0.0,0.0
-1.826,-9.918,-8.405,0.0,-0.353,0.0
-1.864,-10.138,-8.022,0.0,0.0,0.0
-2.282,-10.551,-7.58,0.0,0.151,0.0
-1.974,-11.753,-6.652,0.671,-0.476,-0.182
-0.48,-14.731,-5.279,2.18,0.0,-0.308
0.998,-9.997,-1.604,4.44,-0.705,-0.572
2.134,1.475,-18.835,2.222,-3.681,-1.009
-2.58,-6.459,-5.172,0.209,-0.865,1.504
-0.966,-4.458,1.659,-0.77,1.263,0.559
0.138,-1.713,-8.368,-4.109,2.348,0.207
-5.581,-16.091,-7.687,-4.291,3.555,0.59
-3.534,-14.323,-3.163,-0.562,-1.63,2.099
-2.381,-15.791,-11.489,2.553,-0.822,-0.208
-13.914,-8.45,-7.103,1.147,-2.729,3.512
-10.518,-8.875,-3.007,2.718,-3.796,4.357
-6.582,-6.406,-0.769,4.44,-0.682,4.357
-4.526,3.457,-8.085,4.44,-0.417,3.935
-3.539,10.215,-6.789,2.003,1.098,2.285
-1.122,10.348,-10.471,4.44,-2.304,3.528
6.919,-11.208,0.649,-4.291,-4.354,0.0
-8.451,-1.72,6.979,2.107,4.376,-4.373
8.942,-0.2,-4.34,0.159,0.43,2.589
