-1.395,-9.94,-7.634,0.0,0.0,0.0
-1.448,-9.962,-7.481,0.0,0.0,0.0
-1.504,-9.968,-7.445,0.0,0.0,0.0
-1.463,-9.876,-7.562,0.0,0.0,0.0
-1.353,-9.882,-7.623,0.0,0.0,0.0
-1.3,-9.86,-7.682,0.0,0.0,0.0
-1.353,-9.915,-7.715,0.0,0.0,0.0
-1.313,-9.903,-7.796,0.0,0.0,0.0
-0.787,-10.818,-6.527,0.0,0.0,0.0
1.36,-18.744,1.568,3.092,0.628,-0.123
2.608,-11.371,-7.085,4.44,0.446,0.845
6.415,0.633,-11.938,-0.548,-2.026,-2.043
-10.404,-1.573,6.792,1.038,0.659,-2.124
2.774,-5.822,0.755,-0.363,0.111,-0.211
-5.227,-1.923,-0.564,-2.073,2.347,0.0
-7.932,-6.262,-4.911,-4.291,2.76,1.011
-10.7,-20.015,1.153,-4.291,-2.553,1.55
-5.728,-17.247,-5.137,4.44,-3.453,3.332
-4.233,-11.584,-2.021,4.44,-2.231,4.357
1.701,-1.174,-6.961,4.44,-1.339,4.357
1.185,11.987,-17.005,4.44,0.769,3.742
8.759,4.979,-19.283,0.0,-3.315,2.069
5.12,-8.486,8.252,-4.291,-4.35,-1.543
-15.305,7.176,-13.675,2.184,2.852,-1.342
7.238,-0.69,-7.833,-1.77,1.036,1.527
