-0.532,-10.195,-9.825,0.0,-0.18,0.0
-0.571,-10.151,-9.536,0.0,-0.107,0.0
-0.578,-10.117,-9.713,0.0,-0.179,0.0
-0.491,-9.959,-9.7,0.0,0.0,0.0
-0.665,-10.179,-9.755,0.0,0.0,0.0
-0.671,-10.159,-9.527,-0.102,0.154,0.0
-0.77,-9.997,-10.015,0.0,-0.161,0.0
-1.694,-10.423,-9.294,0.0,0.386,0.0
-2.168,-13.364,-6.448,1.088,-0.824,0.416
-3.949,-19.658,0.772,4.44,-1.147,2.086
-7.069,-5.863,-1.468,4.44,-1.64,3.598
10.168,-2.859,-28.837,1.753,-4.354,4.357
-13.478,-4.593,0.375,2.146,0.611,-2.599
6.069,-6.514,-0.723,-0.238,0.684,-0.764
-3.313,-1.169,-2.442,-2.877,1.707,0.0
-0.369,-7.847,-10.076,-4.291,2.694,0.0
-4.06,-13.694,-2.513,-4.291,2.451,1.007
-1.4,-16.144,-4.725,1.788,-1.547,1.563
-9.421,-12.943,-7.754,2.35,-2.396,0.0
-6.287,-12.649,-0.425,3.917,-2.286,3.914
-4.368,-6.525,0.839,4.44,-0.509,3.82
-8.224,1.487,-1.341,4.44,1.078,3.984
-1.656,2.251,-4.834,4.44,2.338,3.136
0.419,4.146,-9.722,3.5,1.248,3.726
2.371,8.346,-19.906,1.828,-0.429,2.492
