-1.935,-10.036,-8.368,0.0,0.0,0.0
-2.05,-10.042,-8.332,0.0,0.0,0.0
-1.829,-9.921,-8.452,0.0,0.0,0.0
-1.874,-10.05,-8.296,0.0,0.0,0.0
-1.862,-10.024,-8.424,0.0,0.0,0.0
-1.961,-10.06,-8.478,0.0,0.0,0.0
-2.066,-9.949,-8.178,0.0,0.0,0.0
-2.205,-9.92,-8.142,0.0,0.0,0.0
-3.175,-10.977,-7.191,0.0,-0.349,0.0
-8.507,-20.015,8.189,4.028,0.217,-0.31
4.57,-9.015,-6.527,4.44,0.845,4.304
8.708,1.041,-21.965,4.44,-2.585,4.088
-0.717,-20.015,8.252,-4.291,-4.354,-3.658
-9.53,1.216,-14.69,1.844,0.401,4.357
7.107,-2.53,-7.791,0.283,1.345,-0.661
-4.76,-4.301,-2.384,-3.76,2.489,-1.364
-6.161,-11.457,-8.456,-4.291,1.056,0.121
-4.154,-18.022,-1.297,-2.806,-1.412,0.994
-9.88,-11.437,-5.214,1.813,-1.37,0.811
-9.063,-9.569,-2.02,2.198,-1.502,3.435
-9.049,-7.355,-1.525,4.44,-1.692,4.357
-8.878,-4.565,-2.871,4.44,-0.204,4.357
1.651,4.69,-9.687,4.44,0.161,4.357
3.209,13.827,-20.155,2.898,-1.932,4.045
9.329,-1.883,2.789,-3.303,-3.907,0.0
