-0.72,-10.207,-10.184,0.0,0.0,0.0
-0.847,-10.153,-10.288,0.0,0.0,0.0
-0.72,-10.113,-10.324,0.0,0.0,0.0
-0.812,-10.176,-10.185,0.0,0.0,0.0
-0.751,-10.137,-10.183,0.0,0.0,0.0
-0.769,-10.236,-10.3,0.0,0.0,0.0
-0.57,-10.15,-9.925,0.0,0.0,0.0
-1.291,-10.212,-9.93,0.0,-0.182,0.0
-2.722,-13.924,-6.504,0.662,-1.248,-0.384
-5.459,-17.907,-1.139,4.44,-4.012,0.631
4.794,-12.892,-3.983,4.44,-1.608,3.163
11.651,-2.7,-30.973,3.169,-4.354,-0.501
-12.962,-6.893,8.252,1.964,3.168,-2.908
8.969,-6.737,2.2,-1.082,1.22,0.0
-3.34,-2.786,-3.971,-3.222,3.198,-1.597
-4.843,-11.052,-7.375,-4.291,1.871,0.0
-1.841,-16.988,-1.177,-4.291,-1.751,2.02
-3.899,-16.747,-5.934,3.217,-1.754,0.641
-9.33,-11.852,-4.341,3.833,-0.726,3.077
-8.194,-9.537,0.166,4.44,-1.841,4.357
-2.841,-2.567,-0.963,4.44,0.405,4.357
0.651,4.107,-5.36,4.44,0.703,4.357
3.742,11.21,-21.106,4.44,-0.323,3.231
6.088,6.715,-21.859,0.0,-3.204,1.611
4.107,-8.347,8.252,-4.291,-4.17,0.808
