-1.132,-10.187,-10.415,0.0,0.0,0.0
-1.169,-10.174,-10.271,0.0,0.0,0.0
-1.214,-10.258,-10.245,0.0,0.0,0.0
-1.099,-10.201,-10.344,0.0,0.0,0.0
-1.249,-10.117,-10.311,0.0,0.0,0.0
-1.294,-10.175,-10.286,0.0,0.0,0.0
-0.988,-10.214,-10.386,0.0,0.0,0.0
-1.363,-10.092,-10.146,0.0,0.0,0.0
-1.821,-11.117,-9.843,0.246,-0.228,0.0
-3.635,-15.47,-2.203,3.661,-2.057,0.536
-2.347,-14.804,-1.637,4.44,-2.002,2.029
3.761,-3.956,-8.74,4.44,-0.418,1.362
14.02,-1.411,-22.566,-2.194,-4.354,-0.853
-21.224,-3.296,-3.491,1.155,-0.417,0.241
7.457,-4.345,-2.953,-0.506,0.626,0.373
-3.564,-2.724,-2.71,-2.911,3.548,-1.205
-8.719,-9.767,-2.684,-4.291,2.147,2.533
-6.887,-20.015,3.734,-1.156,-2.229,4.357
-4.441,-9.003,-0.406,4.44,-1.5,4.357
-6.546,4.912,-1.937,3.872,1.089,3.876
0.124,9.008,-12.835,4.44,1.041,4.357
0.0,12.389,-9.075,2.27,-1.503,4.357
12.564,-2.958,-11.033,-3.402,-4.354,1.031
12.808,-11.325,8.252,-4.291,-1.42,-3.943
18.001,-3.304,-15.914,-3.662,-1.598,4.357
