-1.003,-10.219,-10.454,0.0,0.0,0.0
-1.11,-10.253,-10.341,0.0,0.0,0.0
-1.145,-10.1,-10.272,0.0,0.0,0.0
-1.126,-10.188,-10.384,0.0,0.0,0.0
-1.043,-10.137,-10.226,0.0,0.0,0.0
-1.152,-10.049,-10.292,0.0,0.0,0.0
-1.856,-10.255,-10.17,0.0,0.0,0.0
-2.916,-11.564,-8.486,0.364,-0.562,0.0
-5.337,-14.062,-7.067,0.982,-2.81,0.0
-1.579,-20.015,0.978,4.44,-1.301,1.86
0.613,-8.874,-7.173,4.44,0.721,1.962
10.46,-5.875,-30.973,4.44,-4.354,4.357
-2.351,-15.076,8.252,0.442,3.362,-4.373
12.54,-3.465,-0.157,0.421,0.398,2.001
-6.603,-1.509,-2.503,-1.857,3.874,-1.076
-2.895,-4.1,-7.986,-4.278,1.744,2.367
-4.452,-17.795,0.655,-4.291,0.108,1.65
-10.353,-13.657,-0.39,0.593,-2.466,1.23
-6.943,-7.946,2.345,4.44,-0.667,3.539
-5.947,-5.105,5.304,4.44,-0.713,4.357
-3.759,2.831,-3.395,4.44,0.722,4.357
1.583,8.715,-13.908,4.44,0.244,4.357
6.158,9.108,-18.434,2.963,-2.514,2.403
5.051,-11.28,0.352,-4.291,-4.354,-1.317
-3.147,-3.238,7.891,3.387,4.376,-4.373
