-1.565,-10.171,-10.233,0.0,0.0,0.0
-1.558,-10.204,-10.07,0.0,0.0,0.0
-1.438,-10.181,-10.195,0.0,0.0,0.0
-1.567,-10.174,-10.216,0.0,0.0,0.0
-1.527,-10.17,-10.259,0.0,0.0,0.0
-1.638,-10.138,-10.245,0.0,0.184,0.0
-2.138,-10.588,-9.521,0.103,-0.31,0.0
-4.293,-10.581,-8.29,0.344,-1.628,-0.233
-3.799,-16.467,-6.183,1.809,-3.764,-0.327
2.383,-19.007,-5.897,4.44,0.571,1.526
2.03,-9.034,-4.592,4.44,1.098,1.509
16.263,-0.276,-30.973,1.792,-4.354,2.542
-15.889,-9.625,8.252,1.213,3.696,-4.373
8.07,-6.07,4.22,0.0,0.631,1.977
-7.206,-2.943,-1.328,-2.258,4.357,-0.97
-8.072,-4.726,-4.332,-3.671,1.398,3.65
-2.567,-6.623,-2.874,0.427,-0.959,4.357
-8.52,-6.729,0.898,2.622,0.0,2.736
-6.243,-2.709,3.923,3.854,0.423,4.14
-2.05,10.055,-6.976,3.572,1.697,4.27
-2.891,17.232,-12.045,4.44,0.408,3.17
1.675,11.286,-20.819,4.44,-2.861,4.357
7.655,-20.015,8.252,-4.291,-4.354,-2.315
-21.224,2.419,-4.753,4.44,2.646,-2.029
10.193,-3.907,-4.954,1.023,1.655,0.923
