-0.715,-10.197,-9.504,0.0,0.0,0.0
-0.875,-10.163,-9.443,0.0,0.0,0.0
-0.922,-10.242,-9.413,0.0,0.0,0.0
-0.894,-10.22,-9.549,0.0,0.0,0.0
-0.788,-10.108,-9.438,0.0,0.2,0.0
-1.257,-10.175,-9.191,0.0,0.1,0.0
-1.463,-10.387,-9.133,0.0,0.0,0.0
-2.889,-12.153,-7.282,0.382,-0.374,0.0
-1.146,-14.524,-5.423,3.095,-1.175,0.185
-0.408,-4.199,-2.403,4.44,0.289,1.894
7.282,-7.605,-1.185,-0.29,-4.354,-1.609
0.0,-4.448,-9.203,1.108,-1.721,3.635
1.72,-5.583,-0.817,-1.005,1.551,-1.517
-1.762,-0.101,-6.9,-2.741,1.743,0.313
-1.756,-14.486,-10.148,-4.291,3.355,0.0
-2.801,-17.93,-1.085,-2.973,0.835,1.293
-3.185,-12.179,-9.992,3.056,-0.855,-0.148
-8.295,-10.138,-5.299,-0.222,-2.204,1.874
-8.042,-13.116,-2.447,3.405,-2.25,2.335
-9.795,-9.137,-0.94,4.44,-0.557,4.357
-2.973,-2.797,-5.227,4.44,0.458,4.357
-2.102,8.238,-7.493,4.44,1.307,4.357
-1.819,13.904,-12.818,3.018,0.0,3.6
10.714,2.868,-13.296,-0.185,-3.569,1.357
13.611,-14.033,8.252,-4.291,-4.212,-2.298
