-0.848,-10.12,-9.937,0.0,0.0,0.0
-1.023,-10.18,-9.723,0.0,0.0,0.0
-0.878,-10.173,-9.895,0.0,0.0,0.0
-0.95,-10.146,-9.804,0.0,0.0,0.0
-0.969,-10.25,-9.749,0.0,0.0,0.0
-0.933,-10.143,-9.709,0.0,0.0,0.0
-0.993,-10.287,-9.466,0.0,0.115,0.0
-1.124,-10.095,-9.634,0.152,-0.291,0.0
-3.272,-12.417,-6.889,0.477,-0.715,0.0
-3.362,-18.988,2.255,4.44,-1.631,0.359
1.366,-14.565,1.282,4.44,0.0,2.579
10.745,-4.488,-30.973,3.808,-4.354,2.243
-13.608,-6.465,7.699,3.442,1.955,-2.057
8.455,-6.409,4.923,-0.65,1.218,-0.537
-3.347,-0.939,-3.097,-2.364,2.784,-0.389
-3.052,-7.569,-8.524,-4.291,2.779,0.57
-2.558,-17.692,-1.528,-4.291,-0.628,0.384
-4.364,-16.961,-5.024,1.606,-1.375,0.537
-7.705,-11.935,-3.413,2.556,-1.666,3.218
-6.101,-10.189,-0.441,4.44,-1.604,4.357
-4.676,-4.594,-3.181,4.44,0.831,4.357
-0.815,4.679,-5.297,4.44,0.569,4.357
2.279,13.668,-19.111,4.425,-0.139,3.492
5.844,8.838,-15.794,0.853,-3.41,2.594
5.541,-8.0,1.453,-4.291,-4.354,0.608
