-1.11,-10.109,-10.385,0.0,0.0,0.0
-0.958,-10.214,-10.335,0.0,0.0,0.0
-1.392,-10.187,-9.997,0.0,0.0,0.0
-0.89,-10.265,-10.397,0.0,0.0,0.0
-1.205,-10.123,-10.165,0.0,0.0,0.0
-1.151,-10.138,-10.239,0.0,0.0,0.0
-1.31,-10.076,-10.11,0.0,0.0,0.0
-1.528,-10.371,-9.838,0.0,0.0,0.0
-3.29,-14.127,-6.358,0.751,-0.954,-0.155
-3.22,-17.838,0.753,4.44,-2.42,0.0
4.402,-5.284,-10.316,4.44,-3.016,1.225
4.982,-6.603,2.601,-0.436,-1.863,-4.027
2.216,-6.509,-4.88,0.6,-0.368,0.395
-0.309,-3.684,-0.319,-0.487,0.216,0.0
-0.671,-1.637,-3.565,-2.921,1.692,1.654
-4.555,-11.068,-6.204,-4.291,3.367,1.605
-3.769,-17.798,-3.192,-4.291,-2.118,2.417
-4.412,-13.23,-5.224,1.932,-1.356,2.421
-11.861,-9.987,-4.427,4.119,-0.918,3.665
-9.217,-4.424,-1.525,4.44,-1.284,4.357
-3.278,3.308,-2.02,4.44,-0.558,4.357
2.593,10.591,-17.475,4.44,-0.602,4.357
6.826,7.474,-22.17,-0.501,-3.91,2.302
5.507,-9.552,5.593,-4.291,-4.354,-0.221
-13.709,2.323,-3.834,1.575,3.425,-2.951
