-1.13,-10.149,-9.965,0.0,0.0,0.0
-1.009,-10.161,-9.994,0.0,0.0,0.0
-1.146,-10.191,-10.055,0.0,0.0,0.0
-1.281,-10.232,-9.891,0.0,0.0,0.0
-1.088,-10.089,-9.953,0.0,0.0,0.0
-1.188,-10.264,-9.596,0.0,0.0,0.0
-2.35,-10.783,-9.541,0.0,0.0,0.0
-3.656,-16.394,-3.882,1.712,-1.861,-0.397
-1.196,-17.142,0.0,4.44,-1.643,2.143
7.233,-6.062,-11.687,4.44,-1.959,2.663
8.739,-20.015,8.252,-4.291,-4.354,-4.373
-1.711,-6.746,-12.725,0.329,-2.213,4.357
5.458,-3.119,-0.946,-1.581,1.516,-1.718
0.988,-1.795,1.737,-1.547,1.093,0.3
-0.235,-4.324,-6.698,-3.867,2.408,0.43
-3.811,-6.587,-5.692,-3.439,2.303,1.616
-2.21,-14.993,-4.712,-3.771,0.0,2.101
-6.813,-15.356,-4.141,1.292,-0.766,2.69
-9.915,-8.354,-3.948,3.326,-0.235,4.045
-10.022,-3.679,-1.838,4.169,-1.596,4.357
-6.794,4.528,-2.497,3.814,0.277,4.357
-4.526,9.302,-4.092,3.938,0.79,4.357
2.391,10.958,-22.724,4.44,-0.992,3.77
4.805,-2.297,-1.584,-2.966,-4.28,1.494
6.124,-8.391,8.252,-4.291,-3.108,-0.278
