-2.173,-9.906,-8.935,0.203,0.593,0.0
-1.814,-10.935,-8.249,1.515,0.434,0.583
-1.797,-10.802,-8.772,2.136,1.27,0.54
-5.52,-9.773,-5.487,2.399,0.558,0.975
-3.618,-4.983,-8.085,2.479,0.0,1.696
-2.481,-4.042,-7.537,0.481,0.37,0.907
-1.562,-5.765,-9.986,-2.054,0.171,-1.001
-8.888,-11.073,-6.562,-2.158,-1.372,-0.839
-11.169,-10.491,-7.276,-1.044,-2.101,2.038
-14.158,-10.454,-0.379,0.824,-1.346,4.015
-12.279,-8.013,0.212,2.372,-0.626,4.393
-7.421,-3.639,-1.555,3.393,0.0,4.393
-2.397,2.901,-6.998,3.265,-0.348,4.19
0.0,7.304,-10.997,1.775,-1.12,2.79
1.681,4.399,-9.415,-0.421,-1.567,0.28
-3.9,-2.673,-3.66,-1.196,0.0,-1.901
-7.375,0.746,-4.822,-0.118,0.499,0.212
0.0,1.435,-6.446,-0.292,0.985,0.156
-0.954,2.322,-8.539,-1.631,0.709,-1.155
-2.578,-0.735,-6.667,-3.856,0.842,-3.179
-8.65,-5.047,-0.603,-4.299,0.369,-4.337
-9.674,-10.146,1.997,-3.597,1.124,-4.182
-8.517,-12.815,-4.515,-1.209,1.215,-4.303
-8.314,-14.407,-7.491,-1.958,1.84,-4.337
-7.501,-11.652,-8.384,-0.779,2.419,-1.906
