-1.706,-10.115,-9.408,0.0,0.228,0.0
-0.17,-10.436,-8.104,-0.281,0.278,0.293
-0.256,-12.529,-5.237,2.0,1.179,0.237
-2.124,-13.073,-7.571,3.029,3.034,0.224
-4.496,-8.907,-7.843,3.063,2.647,0.739
-2.757,-5.248,-11.905,2.135,1.595,0.489
-0.904,-4.193,-12.326,0.695,0.316,0.0
-0.6,-8.721,-12.035,-0.643,0.199,-1.18
-4.416,-9.76,-10.333,-2.396,-1.522,-1.21
-3.076,-15.035,-7.753,-1.841,-2.446,0.164
-13.242,-9.001,-6.183,-1.342,-0.783,2.213
-15.851,-13.082,-5.97,-0.919,-1.173,4.291
-15.793,-12.401,-1.832,0.502,-1.578,4.393
-8.724,-5.83,0.438,2.264,-1.204,4.393
-4.165,0.258,-6.234,4.077,0.0,4.236
-1.082,3.944,-14.425,2.249,-1.03,2.71
0.592,0.331,-9.32,-2.658,-1.108,-0.509
-4.033,-3.894,-3.707,-2.07,-0.638,-1.383
-1.544,-1.342,-6.673,-0.275,0.393,0.0
-1.353,0.75,-8.561,-0.885,0.149,-0.314
-2.969,-0.517,-7.485,-2.898,-0.163,-1.928
-5.446,-5.627,-1.468,-4.299,-0.321,-3.258
-6.131,-10.009,1.423,-4.299,-0.601,-3.427
-7.95,-15.537,1.62,-4.299,0.597,-4.207
-8.346,-16.031,-6.08,-3.572,3.922,-4.197
