-1.653,-10.073,-7.291,1.659,0.577,0.294
-2.264,-10.018,-6.913,2.05,1.308,0.364
-3.027,-9.355,-5.725,1.481,-0.588,0.456
-2.715,-9.77,-4.399,1.396,0.0,0.475
-3.234,-5.978,-6.797,1.331,1.017,0.363
-2.383,-4.546,-9.247,0.0,1.166,0.189
-2.288,-6.859,-10.292,-2.178,0.182,-0.614
-2.468,-10.029,-10.413,-1.904,-2.28,-0.854
-6.658,-11.184,-9.075,-1.808,-1.062,0.576
-9.209,-12.126,-5.088,-1.388,-1.016,1.643
-12.783,-13.426,-1.243,1.546,-4.354,3.098
-7.933,-12.062,-1.405,3.613,-1.436,4.393
-6.602,-5.56,-2.004,4.102,-0.289,4.393
-2.857,1.591,-5.068,3.762,0.0,4.221
-1.794,5.893,-8.067,2.621,-0.339,2.752
-1.118,6.5,-9.88,1.075,-0.734,1.205
-0.795,3.157,-7.406,-0.989,-0.779,-0.708
-4.377,0.551,-0.932,-1.134,-0.44,-1.117
-4.74,1.992,-4.784,0.484,0.674,0.279
-0.992,3.605,-8.176,-0.555,0.791,0.202
-2.79,4.235,-7.729,-1.952,0.801,-0.579
-2.114,1.154,-5.487,-2.662,0.811,-1.4
-4.655,-2.102,-3.397,-3.868,1.498,-3.332
-9.17,-5.523,-1.418,-3.504,0.669,-3.853
-8.146,-10.047,-3.217,-2.524,2.09,-4.03
