-1.314,-9.872,-9.987,0.234,0.101,0.0
-2.447,-10.844,-5.912,2.081,0.661,0.885
-1.863,-10.698,-7.028,2.502,1.099,1.131
-4.145,-10.528,-4.415,2.038,0.841,0.613
-5.147,-7.09,-4.0,3.061,0.0,1.622
-4.411,-4.293,-4.261,2.335,0.316,1.99
0.218,-3.68,-7.823,0.753,0.237,0.279
-3.382,-4.741,-7.772,-0.837,1.114,-1.622
-7.217,-7.581,-9.038,-2.507,2.393,-2.978
-10.639,-14.962,-10.774,-4.169,2.622,-2.299
-12.698,-13.194,-13.448,-2.301,0.0,0.771
-16.023,-10.608,-11.16,-0.13,-3.532,4.393
-14.885,-9.185,-6.496,0.979,-2.527,4.393
-5.772,-1.712,-7.024,2.423,-1.848,4.393
0.371,6.365,-11.669,2.454,-0.266,4.393
-1.621,7.553,-12.138,0.52,-0.56,2.038
-0.378,4.709,-8.862,-0.967,-0.962,0.361
-1.1,3.406,-3.92,-1.547,-0.995,-1.057
-5.396,4.073,-1.715,-0.54,0.0,-1.066
-3.564,3.6,-6.044,0.538,0.724,0.0
-2.79,3.383,-7.114,-0.514,1.074,0.318
-3.015,3.939,-9.426,-1.912,1.043,-0.394
-2.216,3.779,-8.519,-2.368,1.449,-1.877
-3.086,1.45,-3.931,-3.508,1.229,-3.554
-10.935,-4.555,-2.482,-4.299,1.217,-4.337
