-3.24,-10.777,-7.187,1.331,2.696,0.351
-3.351,-10.831,-8.006,1.638,1.263,0.667
-3.029,-11.152,-8.637,1.478,0.817,0.395
-3.978,-7.565,-8.561,1.64,0.574,0.423
-2.788,-4.403,-10.161,0.845,0.938,0.306
-1.535,-5.651,-11.392,-0.281,0.797,-0.187
-4.567,-9.25,-10.709,-0.259,-0.524,-0.627
-6.728,-11.551,-10.374,-1.783,-1.088,0.439
-7.019,-11.527,-12.269,-3.336,1.074,0.0
-13.818,-11.6,-8.454,-2.49,-0.356,1.699
-13.38,-9.815,-9.398,-0.358,-2.586,3.936
-9.81,-4.943,-8.625,0.887,-2.022,4.393
-9.905,-1.063,-7.193,0.885,-1.757,4.393
-5.447,3.534,-8.551,1.579,-1.731,4.393
0.0,6.182,-10.85,1.266,-1.52,2.646
-2.64,4.831,-6.581,-0.523,-1.347,0.328
-2.666,2.529,-3.577,-1.154,-1.128,-0.988
-3.917,1.804,-4.331,-0.457,0.0,-1.251
-5.343,1.793,-6.345,-0.239,0.783,-0.219
-4.671,0.914,-6.138,-1.055,1.211,-0.304
-2.551,1.693,-6.888,-2.2,0.841,-0.497
-0.871,-1.226,-6.272,-1.315,0.576,-2.748
-9.2,-5.918,-4.406,-4.023,0.538,-4.337
-10.557,-13.655,-2.588,-4.299,1.076,-4.337
-11.726,-16.801,-4.587,-1.53,1.37,-4.337
