-1.889,-9.439,-10.153,0.0,0.0,0.0
-2.012,-9.469,-9.943,0.0,0.0,0.0
-1.73,-9.521,-10.071,0.0,0.0,0.0
-1.833,-9.542,-10.131,0.0,0.0,0.0
-1.675,-9.585,-10.016,0.0,0.0,0.0
-1.567,-9.838,-9.749,0.104,0.151,0.0
-1.065,-10.467,-9.515,0.336,0.327,0.0
-2.4,-12.524,-5.595,2.264,0.196,0.447
-5.408,-11.437,-2.849,4.431,1.147,1.278
-1.779,-4.176,-10.246,2.973,-0.93,2.231
-2.363,-3.057,-7.086,-0.132,-0.525,0.739
0.397,-6.437,-10.891,-4.254,0.0,-1.625
-6.0,-13.866,-6.531,-4.299,1.515,-2.256
-10.448,-13.956,-7.535,0.0,-2.542,0.874
-12.107,-12.306,-5.345,0.648,-0.742,3.175
-13.217,-12.566,-2.992,2.506,-1.572,4.393
-10.411,-7.958,-2.19,3.425,-1.421,4.393
-4.033,-0.947,-4.725,3.62,-1.382,4.393
-2.844,3.137,-7.786,2.995,-0.506,3.243
3.29,5.063,-11.754,1.625,-1.119,2.062
2.378,0.837,-6.893,-2.074,-1.192,-1.656
-7.818,-0.301,1.486,-0.232,0.0,-0.787
-2.315,3.828,-9.453,0.929,0.873,0.68
1.158,3.522,-9.253,-0.933,1.048,-0.891
-0.761,1.145,-8.187,-3.268,0.929,-1.96
