-0.936,-4.175,-10.952,-0.983,0.664,-0.421
-1.341,-10.569,-9.755,-3.652,0.956,-1.904
-3.358,-10.471,-8.679,-1.189,-1.22,-0.818
-2.402,-9.811,-11.526,0.374,-2.554,-0.213
-5.144,-12.064,-10.681,-1.21,-0.199,0.391
-9.488,-13.078,-9.199,-0.358,-0.833,2.379
-11.681,-12.873,-6.246,0.442,-1.63,3.924
-12.225,-12.635,-4.811,2.676,-2.028,4.393
-8.431,-5.511,-4.484,3.758,-1.682,4.393
-3.838,1.842,-6.914,3.19,-1.171,4.393
-1.217,5.362,-9.636,2.267,-1.425,2.899
0.92,4.605,-9.642,-0.54,-1.598,0.495
-1.41,0.373,-4.429,-1.615,-1.173,-1.212
-3.996,0.0,-3.592,-0.319,0.337,-0.963
-3.9,1.178,-6.211,-0.35,1.173,-0.171
-1.43,0.964,-8.056,-1.869,1.611,-0.752
-2.163,1.281,-8.372,-2.891,1.226,-2.566
-4.663,-5.718,-5.358,-4.234,1.458,-4.337
-9.827,-13.383,-1.948,-4.299,0.814,-4.337
-10.546,-15.936,-5.042,-2.014,2.022,-4.043
-8.842,-14.489,-8.304,-0.502,2.365,-2.694
-7.882,-11.237,-10.153,0.577,1.869,-0.649
-4.327,-9.274,-10.39,-0.201,0.815,0.0
-3.117,-9.502,-10.018,0.0,0.198,0.11
-2.669,-9.529,-10.515,0.0,0.81,0.307
