-5.849,-3.257,-8.907,0.96,0.187,1.389
-2.288,-2.702,-9.965,-0.427,0.0,0.989
-0.516,-6.657,-9.355,-2.817,-0.657,-2.081
-2.523,-9.933,-6.339,-2.443,-0.851,-2.109
-7.411,-10.362,-7.175,-0.672,-1.496,-0.476
-8.437,-10.151,-9.496,-1.499,0.147,0.181
-14.554,-11.002,-6.893,-1.954,-1.811,1.639
-17.106,-13.952,-5.747,1.039,-2.131,4.393
-14.536,-12.222,-5.169,1.299,-1.188,4.393
-6.005,-5.797,-3.903,2.52,-1.55,4.393
-0.792,1.354,-7.339,3.429,-1.72,4.393
3.51,5.95,-14.923,1.603,-1.099,1.618
-1.72,-1.635,-5.122,-2.792,-1.198,-2.292
-4.295,-0.52,-5.063,-0.585,-0.574,-0.993
-4.518,0.823,-5.31,0.0,0.727,0.405
-1.061,1.617,-7.276,-0.845,0.501,0.318
-1.353,1.821,-8.379,-1.941,0.622,-1.502
-3.657,-3.347,-5.831,-3.904,0.62,-3.631
-8.353,-10.969,-1.753,-4.299,0.655,-4.337
-7.221,-16.91,-1.464,-4.213,2.027,-4.337
-9.312,-17.748,-6.063,-0.195,4.377,-4.231
-9.967,-13.237,-12.204,1.244,4.377,-2.781
-5.765,-9.901,-11.056,-0.598,1.012,-0.235
-3.76,-9.798,-10.99,-0.347,-0.779,0.0
-2.73,-9.823,-10.762,-0.247,0.0,0.665
