-2.464,-10.042,-7.295,1.997,1.819,0.168
-3.744,-5.341,-7.553,2.818,0.717,1.815
-0.339,-3.209,-11.339,-0.224,0.163,0.335
0.137,-11.036,-12.475,-4.299,0.435,-2.973
-8.437,-12.483,-9.016,-2.227,-1.944,-1.747
-6.316,-12.31,-11.392,0.266,-2.542,0.764
-9.851,-13.831,-8.278,0.207,-0.204,3.093
-11.548,-12.719,-8.633,1.378,-1.582,4.393
-13.003,-10.83,-5.244,1.796,-0.865,4.393
-6.42,-4.47,-6.205,3.166,-1.795,4.393
-0.47,4.772,-9.172,3.158,-0.605,4.393
2.283,6.618,-11.198,1.199,-2.173,2.483
1.036,-0.304,-6.78,-2.251,-1.784,-1.374
-8.88,-2.656,-1.357,-0.772,0.537,-1.436
-3.463,1.731,-9.63,0.0,1.337,0.107
-2.242,1.795,-7.859,-1.331,1.637,-1.079
-3.205,0.956,-7.492,-3.091,0.764,-2.012
-4.718,-3.347,-5.667,-3.769,1.238,-4.031
-10.375,-9.891,-1.937,-4.034,0.182,-4.337
-9.415,-14.306,-3.278,-2.469,1.832,-4.337
-6.882,-14.066,-8.212,-0.774,2.783,-3.26
-7.647,-13.789,-9.834,0.172,2.636,-2.79
-6.904,-10.501,-11.017,0.166,0.661,-0.175
-2.432,-9.824,-10.581,-0.388,0.0,0.61
-2.121,-9.445,-10.254,0.0,0.996,0.639
