-1.73,-9.706,-8.735,0.361,0.553,0.11
-1.812,-9.539,-8.473,0.768,0.772,0.121
-1.835,-9.678,-7.774,1.477,0.905,0.263
-2.231,-10.394,-7.626,1.35,1.374,0.554
-3.133,-10.788,-5.824,1.747,1.233,0.492
-3.257,-8.454,-5.28,2.182,1.593,0.399
-4.312,-3.55,-7.764,1.926,0.9,0.714
-1.256,-4.683,-10.435,0.203,-0.133,0.105
-2.101,-8.998,-11.704,-2.617,0.465,-2.115
-11.749,-14.008,-7.596,-1.802,-0.1,0.222
-6.853,-11.893,-11.127,-3.06,0.315,2.052
-13.763,-10.713,-8.802,-2.083,-0.715,2.999
-13.986,-8.882,-8.436,-0.769,-1.686,4.393
-11.603,-5.679,-6.553,1.074,-1.516,4.393
-4.438,1.856,-7.109,1.26,-1.666,4.393
-1.769,6.695,-9.266,1.314,-1.47,3.88
-0.771,8.718,-10.83,0.246,-1.425,1.741
1.314,5.489,-9.323,-0.655,-1.465,-0.187
0.0,0.879,-4.716,-2.398,-1.927,-1.648
-8.83,-0.355,-2.753,-0.308,0.92,-1.753
-3.328,0.865,-8.513,-0.446,1.112,0.465
-1.168,1.048,-10.276,-2.809,1.377,-0.628
-0.412,-2.921,-9.95,-4.299,3.149,-3.669
-9.682,-10.812,-5.241,-4.299,2.2,-4.337
-12.693,-14.9,-4.168,-2.397,1.871,-4.337
