-2.116,-9.794,-8.658,0.356,0.0,0.142
-1.515,-9.577,-8.653,1.158,0.305,0.322
-2.033,-10.018,-6.921,1.387,0.559,0.23
-2.465,-10.675,-5.597,2.266,0.55,0.684
-2.441,-10.811,-5.832,2.193,0.667,0.703
-4.133,-7.385,-6.396,1.377,0.707,0.0
-3.464,-4.006,-7.576,0.547,0.0,0.6
-1.772,-4.509,-7.988,-0.655,0.406,0.0
-2.599,-8.674,-11.524,-2.954,0.727,-1.366
-9.954,-10.648,-10.957,-2.255,0.932,-0.124
-12.815,-12.016,-9.168,-0.915,-1.82,2.576
-13.846,-11.027,-7.649,0.627,-2.701,4.393
-12.834,-7.259,-3.909,1.649,-2.398,4.393
-6.28,-1.549,-3.344,2.863,-1.715,4.393
-3.515,4.02,-6.153,2.801,-1.046,4.132
0.335,6.359,-10.244,1.163,-1.45,2.11
2.371,3.076,-8.607,-1.09,-1.696,-0.555
-3.142,-2.132,-0.863,-1.119,-0.773,-1.743
-5.665,0.175,-4.166,0.543,0.824,0.12
-0.683,1.14,-6.509,-0.207,1.004,0.381
-1.098,1.819,-8.688,-2.266,1.482,-1.212
-2.193,0.0,-7.001,-3.572,1.382,-2.655
-6.473,-5.988,-4.003,-4.299,1.749,-4.337
-9.684,-12.913,-1.375,-3.008,2.138,-4.337
-9.392,-15.199,-5.739,-1.605,3.663,-4.337
