-1.821,-9.305,-10.586,0.0,0.0,0.0
-2.018,-9.269,-10.276,0.0,0.0,0.0
-1.992,-9.527,-10.067,0.0,0.115,0.0
-1.794,-9.684,-9.624,0.148,0.245,0.0
0.0,-10.386,-9.163,0.0,0.76,0.192
-0.105,-12.671,-8.262,1.597,1.574,-0.153
-0.883,-10.101,-8.552,2.529,2.908,-0.106
-1.621,-6.379,-7.464,2.569,2.25,0.0
-1.644,-6.391,-9.707,1.509,1.022,-0.74
-2.568,-8.717,-14.076,-2.115,0.0,-1.6
-4.916,-10.318,-10.296,-1.871,-2.178,-0.237
-5.971,-11.871,-11.406,-0.181,-3.68,0.739
-6.614,-11.953,-9.095,-0.876,-1.387,2.603
-10.451,-13.476,-8.522,-0.724,-0.984,2.789
-13.751,-16.096,-5.845,1.516,-2.481,4.393
-10.701,-10.932,-4.425,3.36,-2.242,4.393
-1.361,-0.896,-5.486,3.89,-1.662,4.393
-0.96,3.721,-10.48,2.712,-1.311,2.331
-2.015,2.331,-7.877,0.581,-2.264,1.01
0.353,-0.186,-5.928,-1.24,-1.839,-0.67
-3.644,-0.13,-5.091,-0.91,0.397,-0.912
-2.218,0.41,-6.761,-0.518,0.987,0.316
-0.665,1.656,-6.865,-1.494,1.425,-1.244
-2.472,-0.201,-7.128,-3.195,0.885,-2.685
-6.309,-6.543,-1.99,-4.299,0.484,-3.692
