-3.861,-11.366,-4.504,3.88,1.644,2.121
-3.176,-6.868,-6.597,4.431,1.775,1.204
-6.085,-5.125,-4.819,2.075,1.613,-0.254
-5.819,-6.779,-4.361,1.261,0.611,-0.249
-6.436,-6.852,-4.256,0.898,0.0,-0.484
-5.381,-3.495,-7.143,0.619,0.0,-0.203
-3.725,-2.11,-7.952,0.0,-0.198,0.207
-3.703,-4.43,-7.442,-0.778,0.0,-0.51
-6.579,-7.224,-8.072,-2.236,0.247,-1.723
-15.881,-19.435,-4.479,-4.299,-2.241,-2.839
-11.852,-11.504,-7.207,0.0,-3.864,4.393
-12.859,-10.551,-0.986,1.32,-0.597,4.393
-9.601,-6.522,-0.862,2.663,-0.146,4.393
-3.036,1.396,-6.814,3.805,0.222,4.393
-0.507,6.423,-11.103,2.214,0.252,3.244
-3.214,6.365,-7.215,0.544,0.115,1.412
0.671,5.8,-10.601,-0.428,-0.281,-0.158
-1.803,2.569,-4.219,-1.671,-0.971,-0.912
-3.636,3.017,-2.08,-0.822,-0.16,-0.752
-3.007,3.539,-4.915,0.0,0.672,0.31
-0.982,2.639,-8.723,-1.129,1.372,-1.011
-0.748,-1.295,-8.707,-2.97,0.646,-2.146
-1.387,-1.714,-7.411,-4.055,0.237,-3.508
-8.773,-9.61,-0.858,-4.299,0.596,-4.337
-8.451,-14.398,-0.422,-1.766,0.14,-4.087
