0.422,-7.843,-11.558,-2.461,0.449,-0.521
-2.115,-11.426,-9.113,-1.025,0.0,-1.915
-4.76,-11.238,-10.983,0.126,-2.537,-1.153
-2.715,-10.527,-11.431,-1.101,-0.74,0.866
-6.86,-10.655,-8.96,-0.865,-0.127,0.601
-7.909,-12.227,-8.106,0.0,-1.115,2.243
-10.611,-12.144,-6.724,0.727,-0.752,3.228
-13.355,-13.393,-6.849,2.701,-1.235,4.393
-10.604,-9.97,-6.351,4.104,-1.231,4.393
-5.982,-1.981,-9.232,4.104,-1.345,4.393
-1.377,3.837,-11.576,2.923,-1.472,4.393
1.845,4.769,-11.835,-0.611,-1.296,0.978
0.0,0.816,-6.059,-2.395,-1.466,-1.169
-3.993,0.903,-4.453,-0.761,0.103,-1.051
-2.804,1.845,-6.858,-0.518,0.922,-0.237
-2.317,2.592,-7.375,-1.642,0.987,-0.61
-2.256,0.258,-6.725,-3.326,1.203,-1.934
-5.005,-4.078,-5.385,-4.299,0.764,-4.105
-8.356,-10.828,-2.25,-4.299,0.615,-4.179
-7.279,-14.494,-3.711,-2.584,2.021,-3.902
-9.732,-16.222,-7.741,0.0,4.344,-3.466
-9.498,-11.507,-10.059,0.914,2.001,-1.388
-4.454,-9.234,-10.426,-0.601,1.636,-0.384
-4.635,-9.617,-9.967,-0.1,0.0,-0.317
-3.387,-9.675,-11.045,0.0,-0.23,0.243
