-1.706,-10.692,-10.078,-0.219,0.437,-0.424
-0.239,-13.195,-10.528,0.706,1.755,-0.406
-4.155,-6.7,-10.138,-0.366,0.827,0.0
0.0,-9.89,-8.923,0.504,0.457,1.099
-0.63,-8.631,-11.252,1.379,1.991,0.624
-0.849,-7.202,-11.414,0.226,1.949,0.79
-0.542,-7.877,-8.882,-0.389,0.724,0.0
-0.626,-8.379,-9.197,-0.158,0.11,-1.272
-2.604,-11.486,-7.726,-0.768,0.322,-1.611
-4.064,-15.529,-9.764,0.0,0.778,-0.936
-3.539,-8.848,-10.498,0.263,-0.971,0.783
-0.674,-9.386,-10.626,0.344,0.195,1.543
-1.482,-8.464,-10.952,0.25,-0.385,0.638
-0.918,-8.815,-11.629,0.251,-0.573,0.53
-1.146,-8.597,-11.358,0.0,-0.205,0.471
-0.571,-10.029,-10.358,-0.252,0.0,0.288
0.76,-12.647,-9.74,-0.134,0.116,0.105
-1.22,-9.753,-10.086,-0.124,0.808,-1.514
-3.179,-8.953,-7.732,-0.773,-0.579,-0.265
-0.523,-8.792,-11.409,1.798,1.343,0.0
-1.389,-7.67,-12.503,0.823,1.64,-0.189
-2.588,-8.162,-11.05,-0.461,-0.17,-0.572
-2.399,-8.672,-9.871,-0.787,-1.514,-0.531
-1.379,-14.926,-8.955,-0.206,-1.043,-0.41
-4.434,-8.857,-10.734,0.19,-0.494,0.126
