-1.731,-9.523,-10.139,0.0,0.0,0.0
-1.904,-10.137,-9.679,0.302,0.0,0.0
-1.867,-10.253,-7.97,1.851,0.544,0.738
-1.974,-9.514,-8.22,1.247,1.197,0.465
-3.275,-9.978,-6.333,0.875,0.479,0.0
-2.933,-10.455,-6.013,1.361,0.458,0.508
-3.258,-6.822,-7.881,1.891,1.067,0.406
-3.07,-3.628,-9.877,0.195,0.751,0.321
-3.07,-7.081,-11.6,-1.876,0.185,-0.686
-10.689,-11.261,-11.538,-1.265,-0.787,0.592
-11.372,-11.244,-8.032,-1.463,-1.535,2.592
-14.32,-10.689,-4.09,0.545,-2.278,4.393
-9.972,-7.154,-2.967,2.075,-1.58,4.393
-5.55,-1.976,-2.628,3.19,-0.548,4.393
-2.935,3.771,-7.376,2.725,0.294,2.884
-2.238,8.057,-10.353,1.423,-0.404,1.81
-1.029,7.475,-8.225,0.0,-1.248,0.841
-1.432,3.07,-5.521,-1.137,-1.142,-1.042
-5.437,-0.718,-3.438,-0.628,0.132,-0.992
-2.969,0.0,-7.837,0.606,0.553,0.476
-0.988,1.881,-9.535,-0.697,0.536,-0.648
-1.265,0.634,-8.104,-3.411,-0.129,-2.156
-5.928,-3.984,-2.253,-4.299,0.0,-4.15
-5.383,-14.649,-2.533,-4.299,0.304,-4.337
-8.53,-19.435,-2.582,-4.299,3.652,-4.337
