-2.015,-9.435,-9.051,0.198,0.0,0.0
-2.631,-9.733,-8.877,0.114,0.243,-0.147
-2.035,-10.506,-8.2,0.724,0.686,0.37
-1.851,-10.183,-8.934,0.829,1.149,0.469
-1.985,-11.205,-7.58,1.064,0.0,0.596
-1.804,-10.831,-7.362,2.265,0.197,0.424
-3.036,-4.137,-9.955,0.978,1.237,0.0
-1.652,-3.499,-11.546,-1.324,0.567,-0.448
-4.806,-10.473,-9.315,-0.742,0.115,-0.5
-9.528,-14.621,-10.369,-0.787,-0.732,1.172
-9.547,-10.885,-8.966,-1.244,-1.149,2.836
-10.662,-10.725,-6.141,-0.734,-0.989,3.703
-11.795,-8.736,-6.222,1.073,-1.21,4.389
-8.126,-4.273,-6.993,2.005,-1.269,4.393
-5.85,1.978,-6.16,2.629,-1.286,4.393
-1.752,6.201,-9.924,2.817,-1.381,3.723
0.691,7.443,-12.106,0.858,-1.493,2.194
-0.491,4.256,-6.417,-1.782,-0.723,-0.362
-2.47,0.825,-1.685,-1.67,-0.584,-0.842
-4.283,1.084,-3.778,-0.273,0.614,-0.325
-1.548,3.128,-9.106,-1.188,1.518,-0.311
-2.608,-0.165,-7.356,-2.829,1.886,-1.392
-4.233,-0.277,-6.374,-3.469,1.831,-3.15
-9.9,-6.292,-2.597,-3.956,2.634,-4.337
-7.66,-9.633,-1.306,-1.477,1.388,-3.464
