-1.916,-10.042,-8.273,0.519,0.0,0.0
-1.912,-10.79,-6.532,1.613,0.427,0.251
-2.165,-10.094,-5.203,2.751,0.338,1.326
-2.477,-9.191,-4.692,2.426,0.81,0.968
-4.016,-8.243,-4.71,1.776,0.415,0.246
-4.734,-4.569,-6.882,0.935,0.0,0.0
-2.557,-3.595,-7.916,0.107,-0.117,0.369
-1.495,-5.553,-7.404,-0.676,0.181,-0.348
-6.166,-9.475,-4.743,-1.79,1.921,-0.907
-11.925,-12.262,-6.229,-1.389,-2.536,2.222
-16.38,-8.776,-2.221,-1.021,-0.602,3.05
-14.108,-5.305,-0.657,0.676,-0.972,4.393
-12.962,-4.538,2.198,2.695,0.165,4.393
-2.558,1.334,-4.887,3.544,-0.418,4.393
1.483,6.142,-12.569,2.593,-0.605,2.796
1.912,4.305,-10.235,0.0,-1.09,0.854
-1.551,1.874,-4.758,-1.409,-1.188,-1.026
-4.61,0.706,-2.42,-0.984,-0.328,-1.718
-5.448,2.545,-4.792,0.16,0.587,0.439
-0.485,2.295,-6.446,0.252,1.401,-0.173
1.542,2.768,-11.911,-1.933,2.152,-1.587
-1.411,-1.131,-7.375,-3.274,1.077,-4.24
-11.928,-7.97,-3.038,-4.299,1.358,-4.337
-14.929,-15.821,-2.757,-3.583,1.782,-4.337
-10.78,-13.777,-7.514,-1.363,1.905,-4.337
