-1.944,-10.085,-10.003,0.0,0.0,0.0
-1.808,-9.992,-10.288,0.0,0.0,0.0
-1.727,-10.046,-10.219,0.0,-0.114,0.0
-1.527,-10.042,-10.244,0.0,0.0,0.0
-1.646,-10.041,-10.024,0.0,0.0,0.0
-1.642,-10.069,-10.021,0.0,0.0,0.0
-1.645,-10.03,-9.937,0.0,-0.126,0.0
-1.795,-10.067,-10.045,0.0,-0.373,-0.247
-4.074,-10.72,-10.434,0.113,0.705,-0.767
-20.647,-19.928,-31.072,1.493,3.762,2.252
-12.51,-19.928,-19.422,-4.289,0.966,4.357
3.318,-19.928,-12.95,-4.289,-2.875,4.357
4.394,-17.421,-8.029,-3.502,-3.431,4.357
1.883,-8.657,-7.323,0.0,-4.101,4.178
2.86,-5.763,-7.693,1.967,-4.354,3.569
5.015,-6.343,-8.188,4.441,-4.354,2.004
6.45,-11.847,-10.081,4.441,-0.795,-1.173
8.346,-19.928,-14.495,4.441,-3.811,-4.158
-20.647,-19.928,-31.072,4.441,-4.354,-4.374
-15.725,-19.928,-31.072,-4.091,-4.354,-3.962
-17.679,-19.928,-25.531,-4.289,-3.708,1.652
-7.196,-19.928,-24.888,-4.289,-3.64,4.357
3.647,-19.928,-13.495,-4.289,-4.256,4.357
2.988,-10.432,-8.052,-2.003,-2.989,3.361
1.61,-4.957,-8.324,0.374,-3.187,2.8
