-1.596,-10.075,-10.099,0.0,-0.329,0.0
-1.579,-10.025,-10.214,0.0,-0.35,0.0
-1.529,-10.042,-10.322,0.0,-0.373,0.0
-1.585,-9.991,-10.446,0.0,-0.403,0.0
-1.657,-10.165,-10.312,0.0,-0.46,0.0
-1.797,-10.203,-10.167,0.0,-0.726,0.0
-1.753,-10.243,-10.182,0.0,-1.0,0.0
-1.529,-10.695,-9.731,-0.117,-1.501,-0.216
-5.276,-18.386,-11.038,-1.127,3.609,-2.514
-20.647,-19.928,-22.734,-2.823,2.806,4.292
-2.098,-19.928,-19.9,-4.289,1.395,4.357
4.875,-19.928,-12.743,-4.289,-3.261,4.357
3.618,-16.423,-7.506,-2.758,-3.544,4.347
1.18,-9.123,-6.781,0.85,-4.03,4.357
5.018,-6.72,-7.289,4.009,-4.354,4.326
6.011,-11.282,-10.694,4.441,-3.232,0.346
0.75,-18.378,-15.203,4.441,-1.868,-0.721
0.5,-19.928,-20.62,4.441,-4.354,-4.374
-20.647,-19.928,-31.072,4.441,-0.776,-4.374
18.319,-19.928,-31.072,-3.967,-4.354,1.766
-18.118,-19.928,-19.761,-4.289,-4.121,-3.501
2.44,-19.928,-24.249,-4.289,-4.354,1.774
1.481,-19.928,-11.841,-4.289,-4.354,3.206
2.067,-10.395,-9.874,-3.555,-4.192,2.915
0.721,-3.656,-6.666,-0.623,-3.994,1.924
