-1.869,-10.241,-10.085,0.0,0.0,0.172
-1.521,-10.09,-9.806,0.0,-0.264,0.0
-1.631,-9.961,-9.937,0.0,0.0,0.0
-1.853,-9.962,-10.146,0.0,-0.17,0.0
-1.779,-9.966,-9.961,0.0,-0.353,0.0
-1.888,-10.1,-9.795,0.0,-0.497,-0.141
-2.077,-10.25,-9.851,0.0,-0.71,-0.103
-1.971,-10.331,-10.212,0.0,-0.811,0.0
-3.03,-10.185,-9.928,-0.195,-0.954,-0.34
-19.5,-19.571,-9.14,-1.577,0.889,-1.013
-14.157,-19.928,-15.434,-2.026,0.224,4.357
-2.195,-19.928,-14.935,-1.615,-1.386,4.357
4.183,-19.605,-12.78,-0.637,-2.314,4.357
4.213,-10.503,-10.51,0.539,-2.271,4.357
5.492,-5.506,-9.115,2.189,-0.915,3.657
4.612,-4.134,-7.01,3.633,-2.029,2.19
8.003,-7.523,-8.743,4.441,-0.698,0.256
6.037,-19.218,-13.648,4.441,1.199,-0.619
3.172,-19.928,-21.123,4.441,-4.354,-4.374
-20.647,-15.895,-31.072,3.669,-4.354,0.132
-16.003,-19.928,-23.608,-4.289,-4.354,-1.481
-6.526,-19.928,-24.627,-4.289,-3.59,4.357
-2.129,-19.928,-14.711,-4.289,-3.415,4.357
0.62,-17.161,-11.213,-3.634,-4.184,4.207
1.517,-7.83,-9.764,-1.208,-4.268,3.822
