-2.122,-9.675,-10.355,0.0,1.161,0.0
-0.999,-10.101,-10.082,-0.185,1.153,0.16
-2.524,-10.048,-10.586,0.184,0.902,0.0
-3.578,-10.185,-10.249,-0.211,-0.273,-0.268
-3.406,-10.335,-10.128,0.0,-0.862,-0.135
-2.09,-10.158,-9.86,0.0,-1.813,0.0
-0.618,-10.458,-10.672,0.175,-1.55,0.0
-1.655,-10.204,-9.535,0.0,-1.555,-0.216
-2.86,-10.793,-9.573,-0.245,-1.568,-0.378
-17.801,-19.928,-9.931,-1.252,1.144,1.852
-10.694,-19.928,-14.44,-0.916,1.566,4.357
-1.636,-19.928,-12.387,-2.19,-0.784,4.357
0.399,-19.876,-9.69,1.489,-3.878,4.357
4.95,-17.158,-12.974,4.441,-3.691,4.357
9.23,-13.677,-12.797,4.441,-4.354,4.357
10.641,-17.124,-16.741,4.441,-4.354,-1.626
3.221,-19.814,-17.357,2.392,-4.354,-4.374
-20.647,-19.928,-18.207,4.441,-4.354,-4.374
12.84,-19.928,-31.072,-4.289,-4.354,-0.222
-17.552,-19.928,-8.294,-2.752,-4.117,2.335
-11.018,-19.928,-14.872,-4.289,-2.873,3.53
-3.985,-19.928,-14.187,-3.823,-3.959,4.356
-0.74,-12.864,-9.453,-0.129,-4.354,4.357
2.012,-7.765,-11.017,3.034,-4.14,4.357
3.952,-6.082,-10.654,4.441,-3.122,3.587
