-1.979,-9.969,-9.794,0.0,0.0,0.0
-2.288,-9.956,-9.728,0.0,0.131,0.0
-2.36,-9.964,-9.658,0.0,0.0,0.0
-2.238,-9.952,-9.644,0.0,-0.134,0.0
-2.251,-9.988,-9.783,0.0,-0.187,0.0
-2.011,-10.052,-9.849,0.0,-0.25,0.0
-2.084,-10.042,-9.684,0.0,-0.26,0.0
-1.95,-10.199,-9.872,0.0,-0.368,-0.104
-9.609,-11.335,-9.921,0.737,-2.334,-0.719
-20.647,-19.928,-13.344,-1.224,0.294,2.954
-13.797,-19.928,-12.565,-2.206,-2.861,4.357
-2.966,-19.928,-13.021,0.52,-3.584,4.357
1.478,-17.329,-12.491,1.263,-2.922,4.357
2.701,-8.82,-11.04,2.112,-2.195,4.357
3.324,-5.077,-9.913,3.143,-2.374,2.944
4.053,-2.085,-9.31,3.978,-2.593,1.204
4.438,-4.513,-10.858,4.441,-4.068,-1.353
3.954,-14.755,-14.751,4.441,-4.354,-4.374
-14.265,-19.928,-9.369,3.624,-4.354,-4.374
-20.647,-19.928,-2.594,-0.358,-4.354,-4.374
-11.978,-19.928,-31.072,-4.289,-4.354,4.357
-19.489,-19.928,-0.593,-3.162,-4.354,4.357
-0.14,-19.928,-10.498,-4.289,-4.312,4.357
1.683,-15.427,-13.068,0.217,-3.949,4.357
2.629,-7.502,-9.354,1.386,-2.957,3.883
