-1.446,-9.98,-10.957,0.0,0.0,0.0
-1.476,-10.191,-10.991,0.0,-0.156,0.0
-0.926,-10.018,-11.083,0.0,-0.263,0.0
-1.08,-9.982,-11.241,0.0,-0.339,-0.154
-1.308,-9.841,-11.327,0.0,-0.568,-0.196
-1.267,-9.808,-11.251,-0.109,-0.863,-0.256
-0.95,-10.322,-10.838,0.0,-1.069,-0.353
-0.977,-11.246,-9.579,0.155,-2.227,-1.263
-3.201,-17.052,-7.84,0.315,-1.086,-3.396
-15.626,-19.928,-13.865,-0.25,0.854,4.357
1.482,-19.928,-21.233,-1.878,0.0,4.357
7.546,-19.928,-12.491,-2.119,-1.689,4.357
9.475,-17.416,-8.307,1.812,-4.001,4.357
13.728,-17.123,-4.396,4.441,-4.354,4.357
14.661,-19.928,-13.146,4.441,-3.756,0.368
2.946,-19.928,-18.402,4.441,-4.354,-4.374
-20.647,-19.928,-27.141,2.479,-4.354,-4.374
-6.431,-19.928,-31.072,-2.441,-4.354,3.842
-17.467,-19.928,-9.563,-4.289,-4.354,4.357
-0.867,-19.928,-19.895,-3.557,-3.997,4.357
4.5,-19.928,-13.526,-1.015,-3.914,4.357
3.147,-10.321,-11.662,1.24,-2.717,4.307
2.804,-7.289,-11.844,3.088,-2.519,4.033
3.354,-5.306,-11.288,4.049,-4.211,3.113
6.137,-8.322,-12.985,4.441,-3.22,2.627
