-2.143,-9.962,-10.207,0.0,0.0,0.0
-2.342,-9.962,-10.268,0.0,0.0,0.0
-2.163,-9.943,-10.247,0.0,0.0,0.0
-2.223,-9.972,-10.235,0.0,0.0,0.0
-2.165,-9.993,-10.134,0.0,0.0,0.0
-2.198,-9.963,-10.137,0.0,0.0,0.0
-2.313,-9.984,-10.249,0.0,0.0,0.0
-2.169,-10.118,-10.095,0.0,-0.178,0.0
-3.039,-11.551,-10.602,-1.194,0.904,-0.897
-20.647,-19.928,-31.072,4.441,4.376,4.357
-11.503,-19.928,-7.57,-4.289,-0.158,4.357
5.648,-19.928,-15.292,-4.289,-1.881,4.357
3.268,-15.752,-7.686,-2.735,-3.29,4.357
3.132,-8.815,-7.98,0.453,-3.976,4.357
3.99,-5.838,-7.819,3.056,-3.491,3.909
2.662,-8.097,-6.691,4.441,-4.354,2.867
5.904,-14.634,-14.756,4.441,-4.354,-1.829
-1.727,-19.928,-13.49,4.441,-4.354,-4.374
-20.647,-19.928,-6.21,2.495,-4.354,-4.374
-13.031,-19.928,-31.072,-4.289,-4.354,4.063
-19.025,-19.928,-2.436,-4.289,-2.952,4.357
-4.773,-19.928,-12.515,-4.289,-3.226,4.357
2.83,-16.208,-11.327,-1.497,-3.533,4.357
1.078,-7.527,-8.703,0.248,-2.422,3.721
2.164,-4.417,-9.924,2.248,-2.032,3.13
