-1.305,-9.951,-11.603,0.0,-0.194,0.0
-1.031,-9.894,-11.281,0.0,0.199,0.0
-1.936,-9.934,-11.307,0.0,0.434,-0.105
-2.394,-9.911,-11.532,0.0,0.0,-0.122
-1.868,-9.816,-11.388,0.0,-0.396,0.0
-1.179,-10.016,-11.745,0.0,-0.119,0.0
-2.019,-10.103,-11.095,0.0,-0.488,-0.235
-1.734,-10.192,-11.571,0.0,-0.759,-0.278
-1.94,-9.901,-11.717,0.0,-0.612,-0.431
-18.821,-16.299,-13.24,-0.341,0.172,-1.151
-18.039,-19.928,-27.669,-3.351,0.161,4.357
-1.287,-19.928,-20.83,-4.289,-2.372,4.357
7.457,-19.928,-12.516,-0.966,-4.354,4.357
10.309,-15.946,-5.685,1.235,-4.354,4.357
9.632,-14.695,-9.831,4.441,-4.354,2.534
7.551,-19.787,-12.016,4.441,-4.071,-3.294
0.572,-19.928,-18.966,4.441,-4.354,-4.374
-20.647,-19.928,-23.554,3.993,-4.354,-4.374
-1.302,-19.928,-31.072,-4.289,-4.354,2.663
-20.647,-19.928,-14.871,-4.289,-4.354,4.357
-3.199,-19.928,-15.881,-4.289,-3.096,4.357
1.928,-19.928,-11.228,-1.545,-4.354,4.357
5.394,-13.226,-9.822,2.238,-3.126,4.357
5.144,-6.555,-9.654,3.425,-4.354,2.994
6.995,-9.829,-12.128,4.441,-4.354,-1.8
