-2.348,-9.948,-10.51,0.0,-0.104,0.0
-2.383,-9.979,-10.411,0.0,0.0,0.0
-2.245,-9.974,-10.481,0.0,-0.123,0.0
-2.256,-10.007,-10.301,0.0,-0.367,0.0
-1.906,-10.042,-10.133,0.0,-0.529,-0.153
-2.05,-10.033,-10.247,0.177,-0.503,-0.255
-2.52,-9.942,-10.584,0.0,-0.209,-0.248
-2.521,-10.177,-10.313,0.0,-0.555,-0.11
-7.2,-10.827,-10.423,-0.257,-0.593,-1.058
-20.647,-19.928,-18.907,-3.392,2.501,2.829
-8.885,-19.928,-21.894,-4.289,0.0,4.357
5.535,-19.928,-12.583,-2.931,-4.124,4.357
2.608,-16.034,-12.073,0.24,-4.354,4.357
4.338,-11.293,-11.603,3.084,-3.633,4.357
5.511,-8.589,-10.727,4.298,-3.331,4.357
8.049,-9.04,-11.634,4.441,-4.143,1.05
8.297,-15.229,-12.209,4.441,-4.033,-4.116
-0.948,-19.928,-16.079,4.441,-4.354,-4.374
-20.647,-19.928,-31.072,4.441,-4.354,-3.464
-20.647,-19.928,-19.044,-4.289,-2.069,-1.775
-7.475,-19.928,-23.435,-4.289,-2.344,4.357
-0.648,-19.928,-14.521,-3.612,-4.019,4.357
3.336,-15.153,-8.968,-2.652,-2.888,4.128
1.035,-6.463,-9.162,-0.204,-3.134,3.163
1.011,-3.402,-9.093,1.487,-3.651,2.793
