-2.089,-10.051,-10.415,0.0,-0.148,0.0
-1.979,-9.956,-10.374,0.0,-0.149,0.0
-1.96,-9.925,-10.328,0.0,0.0,0.0
-2.257,-9.99,-10.438,0.0,0.0,0.0
-2.342,-10.033,-10.563,0.0,-0.254,0.0
-2.045,-9.995,-10.42,0.0,-0.359,0.0
-2.026,-9.92,-10.196,0.0,-0.367,0.0
-2.268,-10.011,-10.245,0.0,-0.59,-0.203
-4.323,-9.731,-9.954,-0.182,-1.014,0.0
-17.417,-19.928,-9.344,0.0,1.156,-3.434
-16.885,-19.928,-24.489,-4.289,0.0,4.357
0.416,-19.928,-16.027,-1.8,-2.25,4.357
4.367,-19.928,-10.176,-2.955,-1.678,4.357
3.172,-11.494,-8.773,-1.2,-3.16,4.357
3.57,-7.391,-9.186,1.159,-2.872,4.261
4.278,-2.735,-8.659,2.635,-4.354,3.201
3.655,-2.67,-7.554,4.441,-4.354,-0.455
11.591,-16.478,-12.299,4.441,-3.889,-4.374
-14.628,-19.928,-18.284,4.441,-4.354,-4.374
-20.647,-19.928,2.054,-2.843,-4.354,-4.374
-17.863,-19.928,-18.806,-4.289,-4.354,2.679
-20.647,-19.928,-2.721,-3.68,-2.792,4.357
-8.245,-19.928,-13.166,-2.897,-2.977,4.357
2.41,-19.249,-11.403,0.464,-3.761,4.357
2.798,-7.751,-10.281,1.115,-1.955,3.558
