-1.378,-10.007,-10.601,0.0,-0.132,0.0
-1.558,-10.039,-10.21,0.0,0.0,0.0
-1.546,-10.059,-10.484,0.0,0.0,0.0
-1.777,-10.029,-10.736,0.0,0.0,-0.144
-1.786,-10.104,-10.868,0.0,-0.325,-0.129
-1.956,-9.967,-10.997,0.0,-0.793,-0.167
-1.829,-10.124,-10.762,0.0,-1.129,-0.123
-1.371,-10.076,-10.664,0.0,-1.527,-0.165
-2.119,-10.489,-9.797,0.0,-1.001,-0.18
-20.647,-19.217,-15.379,-0.713,3.466,-0.916
-14.927,-19.928,-20.983,-3.679,-0.817,4.357
-0.431,-19.928,-18.294,-2.082,-2.569,4.357
8.767,-19.928,-11.786,-1.944,-3.612,4.357
5.396,-13.714,-9.904,1.333,-4.181,4.357
5.911,-9.165,-11.279,3.897,-3.726,3.265
7.545,-8.093,-10.468,4.441,-2.883,1.328
4.89,-12.198,-12.18,4.441,-1.186,-2.051
6.765,-19.928,-16.657,4.441,-4.354,-3.39
-0.742,-19.928,-21.56,4.441,-4.354,-4.374
-18.567,-19.928,-31.072,4.441,-4.354,2.949
-17.532,-19.928,-13.966,-4.289,-4.354,1.11
-0.731,-19.928,-20.534,-4.289,-4.354,4.357
3.458,-19.928,-11.4,-2.114,-4.354,4.325
2.956,-10.866,-9.535,-1.397,-3.859,3.342
-0.104,-5.803,-9.8,1.216,-3.364,2.715
