-1.833,-10.054,-10.07,0.0,-0.275,0.0
-1.504,-10.042,-10.195,0.0,-0.139,0.0
-1.889,-9.995,-10.045,0.0,0.0,0.0
-1.838,-10.01,-10.194,0.0,0.0,0.0
-1.762,-10.071,-10.16,0.0,0.0,0.0
-2.031,-10.04,-10.01,0.0,-0.114,0.0
-2.045,-10.053,-10.106,0.0,-0.375,0.0
-2.094,-10.033,-10.35,0.0,-0.655,-0.127
-2.12,-10.015,-10.872,0.0,-0.251,-0.353
-20.647,-19.928,-11.151,-2.407,0.0,-1.478
-14.802,-19.928,-25.308,-3.094,1.514,4.357
-0.484,-19.928,-15.411,-4.289,-1.239,4.357
5.305,-19.928,-9.387,-2.651,-3.247,4.357
3.404,-9.92,-7.437,0.311,-3.493,4.357
4.41,-5.717,-8.26,2.972,-3.783,3.941
4.88,-5.595,-9.323,4.441,-4.354,1.679
3.888,-10.224,-11.287,4.441,-4.354,-2.624
-3.019,-16.93,-18.999,4.441,-4.354,-4.374
-3.115,-19.928,-9.795,0.708,-4.354,-4.374
-20.647,-18.54,-14.526,3.184,-4.354,-0.795
-16.165,-19.928,-24.851,-4.289,-4.354,-0.631
-20.004,-19.928,-18.533,-3.96,-3.565,4.357
-6.417,-19.928,-10.631,-4.289,-2.849,4.357
2.306,-19.024,-9.764,-2.339,-2.064,4.357
1.861,-8.352,-9.053,-0.196,-2.13,4.179
