-3.571,-10.186,-10.439,-0.11,0.884,0.0
-2.166,-10.083,-10.771,0.0,-0.31,0.114
-1.986,-9.922,-10.638,0.0,-0.33,0.0
-2.094,-9.955,-10.371,0.0,-0.534,0.0
-2.05,-10.163,-10.376,0.0,-0.741,0.0
-1.919,-10.125,-10.516,0.0,-0.785,0.0
-1.549,-10.017,-10.555,-0.184,-0.685,0.0
-1.432,-9.943,-10.121,-0.161,-0.625,0.0
-1.315,-10.246,-9.38,0.0,-0.871,-0.164
-9.208,-19.928,-6.918,-1.58,2.084,-3.43
-16.772,-19.928,-30.715,-2.862,2.329,4.357
-7.303,-19.928,-12.427,-4.265,0.54,4.357
4.8,-19.928,-14.022,-4.214,-1.186,4.357
1.052,-12.543,-6.053,-1.654,-3.773,4.357
3.092,-7.025,-6.947,1.513,-4.354,4.357
3.764,-6.068,-8.484,4.441,-4.354,2.912
5.244,-9.482,-10.444,4.441,-4.354,-1.11
0.291,-19.062,-14.307,4.441,-2.924,-3.801
-1.335,-19.928,-20.495,1.449,-4.354,-4.374
-20.647,-19.928,-20.679,1.771,-4.354,-4.374
-11.344,-19.928,-31.072,-4.289,-4.354,-0.524
-17.929,-19.928,-20.237,-2.004,-4.354,4.357
-1.387,-19.928,-10.026,-4.289,-4.233,4.357
2.733,-17.161,-11.841,-0.333,-3.307,4.357
2.034,-9.063,-9.998,0.223,-2.812,4.091
