-1.619,-9.998,-11.13,0.0,0.364,0.0
-1.78,-10.067,-10.694,0.0,0.169,0.0
-1.889,-10.028,-10.897,0.0,0.156,0.0
-2.111,-10.019,-11.107,0.0,0.0,0.0
-2.056,-9.998,-11.33,0.0,-0.163,0.0
-2.063,-9.922,-11.085,0.0,-0.334,0.0
-2.166,-10.06,-10.662,-0.107,-0.738,-0.3
-2.035,-10.302,-10.136,0.103,-1.241,-0.351
-2.626,-10.873,-11.034,-0.143,-1.626,-0.637
-12.98,-16.333,-12.165,-1.132,-0.568,-0.237
-15.79,-19.928,-20.074,-1.761,1.11,4.357
0.0,-19.928,-16.93,-4.222,-1.127,4.357
4.4,-19.928,-11.779,0.0,-3.839,4.357
6.959,-17.722,-9.075,2.372,-3.992,4.357
11.093,-15.242,-13.471,4.441,-4.354,4.314
12.771,-18.631,-16.848,4.441,-3.942,0.527
1.688,-18.714,-23.973,3.033,-4.354,-4.374
-13.829,-19.928,-6.26,-1.298,-4.354,-4.374
-5.652,-19.928,-30.9,-4.025,-2.071,4.357
-12.075,-19.928,-16.766,-4.289,-4.354,4.357
-7.372,-19.928,-12.971,-4.289,-2.768,4.357
0.828,-16.161,-12.141,-0.984,-4.261,4.357
2.085,-10.713,-10.809,2.702,-2.853,4.357
4.216,-6.182,-12.382,3.641,-4.354,3.571
7.461,-7.521,-10.585,4.441,-3.872,1.252
