-1.625,-10.03,-10.663,0.0,0.0,0.0
-1.646,-10.001,-10.698,0.0,0.0,0.0
-1.738,-10.015,-10.555,0.0,0.0,0.0
-1.663,-9.99,-10.554,0.0,0.0,0.0
-1.549,-10.733,-10.529,0.0,0.126,0.0
-2.272,-9.714,-10.848,0.0,0.0,0.0
-2.323,-10.144,-10.113,0.17,-0.703,0.0
-1.537,-10.049,-10.198,0.259,-1.335,0.0
-4.67,-10.982,-8.419,0.0,-2.407,-0.149
-10.432,-14.768,-10.428,-0.816,0.477,1.261
-15.219,-19.928,-12.22,-0.973,0.568,4.357
-6.522,-19.928,-15.567,-1.926,-0.192,4.357
0.268,-19.396,-9.017,-0.763,-1.859,4.357
2.412,-16.187,-9.72,2.29,-2.138,4.357
5.696,-12.354,-6.766,4.441,-3.131,4.357
9.714,-15.019,-10.854,4.441,-4.354,3.403
6.44,-16.468,-21.701,4.441,-4.327,-2.008
-3.197,-19.928,-16.8,0.132,-4.354,-4.374
-20.647,-19.266,-23.104,-1.311,-4.354,-4.374
-13.652,-19.928,-14.127,-4.289,-4.354,-0.282
-9.481,-19.928,-12.284,-2.534,-4.354,3.237
-4.366,-19.928,-18.019,-3.59,-3.871,4.357
-0.49,-15.609,-11.46,-1.692,-2.784,4.357
1.581,-9.973,-10.024,1.044,-2.802,4.357
5.174,-7.209,-8.939,2.855,-1.85,4.351
