-2.369,-9.942,-10.429,0.0,0.0,0.0
-2.317,-9.927,-10.291,0.0,0.0,0.0
-2.427,-9.937,-10.367,0.0,0.0,0.0
-2.355,-10.067,-10.316,0.0,-0.116,0.0
-2.197,-9.897,-10.265,0.0,0.0,0.0
-2.348,-9.952,-10.273,0.0,0.0,0.0
-2.374,-9.907,-10.317,0.0,0.0,0.0
-2.248,-9.972,-10.283,0.0,0.0,0.0
-2.527,-10.401,-10.133,0.265,0.0,-0.391
-20.647,-15.965,-17.416,0.484,-0.815,0.142
-20.647,-19.928,-17.782,-4.289,-2.851,4.357
0.895,-19.928,-18.178,-1.586,-4.354,4.357
6.953,-18.57,-16.772,0.636,-3.729,4.357
5.346,-7.282,-12.897,1.238,-1.903,4.357
5.406,-3.903,-9.943,1.981,-2.167,3.17
3.895,-0.449,-10.137,2.786,-2.864,1.163
5.23,-1.166,-8.093,3.666,-2.49,-0.423
8.459,-11.488,-10.522,4.441,-0.547,-2.563
-0.358,-19.928,-20.605,4.441,-2.089,-4.374
-17.753,-19.928,-10.574,0.931,-4.354,-4.374
-19.102,-19.928,-31.072,-0.932,-4.354,1.782
-20.647,-19.928,-13.568,-4.289,-4.354,0.926
-4.805,-19.928,-18.255,-4.289,-4.354,4.357
3.693,-19.751,-13.772,-2.067,-4.354,4.357
1.682,-7.89,-10.348,0.0,-4.299,3.06
