-1.989,-10.108,-10.851,-0.104,0.109,-0.137
-2.345,-10.34,-10.354,0.0,0.0,0.0
-1.876,-9.991,-10.708,0.0,-0.217,0.0
-1.943,-9.9,-10.927,0.0,-0.324,0.0
-1.657,-9.987,-10.908,0.0,-0.139,0.0
-2.003,-9.975,-10.707,0.0,0.0,0.0
-2.095,-9.939,-10.803,0.0,-0.162,0.0
-2.159,-9.956,-10.82,0.0,-0.632,-0.122
-0.966,-10.325,-10.932,-0.27,-0.467,-0.456
-20.647,-18.418,-16.772,-0.109,1.647,-0.86
-15.062,-19.928,-28.982,-4.289,0.761,4.357
4.264,-19.928,-13.034,-4.289,-3.66,4.357
5.848,-19.928,-8.84,-1.986,-4.354,4.357
4.643,-10.095,-6.377,1.896,-4.354,4.357
6.228,-7.534,-8.071,4.441,-4.354,2.093
7.855,-13.449,-11.738,4.441,-2.346,-0.931
4.798,-19.862,-19.141,4.441,-4.354,-4.351
-8.579,-19.928,-21.046,4.441,-4.354,-4.374
-20.647,-19.928,-18.185,0.246,-4.354,-3.095
-20.647,-19.928,-17.076,-4.289,-4.354,4.166
-4.062,-19.928,-19.227,-4.289,-3.305,4.357
5.618,-19.928,-12.813,-3.178,-4.083,4.357
3.536,-11.035,-8.446,-0.652,-3.737,4.123
2.356,-6.111,-11.528,3.209,-3.64,3.714
3.208,-4.364,-11.783,4.008,-3.646,2.763
