-1.514,-10.267,-10.162,0.0,0.0,0.0
-1.336,-10.176,-10.206,0.0,0.0,0.0
-1.244,-10.14,-10.241,0.0,0.0,0.0
-1.204,-10.091,-10.265,0.0,0.0,0.0
-1.294,-10.173,-10.268,0.0,0.0,0.0
-1.067,-10.161,-10.108,0.0,0.0,0.0
-1.028,-10.064,-10.265,0.0,0.0,0.0
-1.18,-10.147,-10.255,0.0,0.0,0.0
-3.263,-12.117,-9.263,-0.333,-0.121,-0.293
-10.987,-19.147,-2.245,0.635,-1.12,1.512
-10.094,-20.041,-4.75,3.025,-0.733,4.357
-7.553,-20.041,-8.127,4.441,-1.134,4.357
3.136,-20.041,-8.862,4.441,-2.619,4.357
9.386,-18.005,-14.856,4.441,-1.17,4.357
10.309,-9.663,-21.763,4.441,-2.948,0.202
8.808,-11.216,-16.984,0.719,-4.354,-4.373
8.346,-20.041,-12.908,-4.289,-4.354,-4.373
-10.352,-20.041,-1.749,-4.289,-4.354,-4.373
-20.04,-20.041,-15.997,3.536,-1.563,2.053
-14.763,-20.041,-5.084,-4.289,-4.354,4.192
-3.41,-20.041,-14.299,2.777,-4.354,4.357
0.437,-20.041,-12.409,1.714,-2.448,4.357
8.013,-20.041,-9.914,4.441,-3.99,4.357
11.774,-14.602,-16.064,4.441,-3.474,3.529
12.037,-7.955,-24.801,4.441,-3.703,-1.863
