-0.753,-10.178,-10.089,0.0,0.0,0.0
-0.779,-10.256,-9.999,0.0,0.0,0.0
-0.961,-10.292,-9.994,0.0,0.0,0.0
-0.761,-10.257,-9.957,0.0,0.0,0.0
-0.593,-10.224,-9.828,0.0,0.0,0.0
-0.515,-10.025,-9.984,0.0,0.0,-0.1
-0.82,-10.129,-10.254,0.0,0.0,-0.148
-1.031,-10.311,-10.222,0.0,-0.128,0.0
-2.865,-11.33,-10.218,-0.244,-0.339,0.0
-7.535,-14.879,-6.635,-0.53,-0.726,0.812
-12.553,-20.041,-6.198,1.315,-0.972,3.475
-9.867,-20.041,-9.21,2.764,-1.877,4.357
-6.622,-20.041,-10.515,4.315,-2.203,4.357
2.996,-20.041,-8.48,4.441,-3.802,4.357
18.214,-20.041,-16.077,4.441,-1.753,2.718
11.581,-8.284,-26.823,4.441,-4.354,-3.043
12.587,-20.041,-14.64,-4.289,-4.354,-4.373
-10.793,-20.041,-6.533,-4.289,-4.354,-4.373
-15.93,-20.041,3.688,-1.589,-4.354,-4.373
-9.745,-20.041,-3.531,-0.137,-4.226,3.515
-1.375,-20.041,-5.221,3.547,-2.16,4.357
-0.496,-20.041,-10.151,3.166,-0.991,4.357
2.582,-20.041,-7.543,4.441,-0.464,4.357
12.205,-20.041,-10.331,4.441,-1.792,4.357
13.707,-13.624,-22.728,4.441,-2.225,2.858
