-0.208,-10.256,-9.723,0.0,0.0,0.0
-0.352,-10.277,-9.798,0.0,0.0,0.0
-0.216,-10.237,-9.94,0.0,0.0,0.0
-0.21,-10.148,-9.985,0.0,0.0,0.0
-0.228,-10.079,-10.28,0.0,0.0,0.0
-0.398,-10.174,-9.94,0.0,0.0,0.0
-0.477,-10.203,-9.994,0.0,0.0,0.0
-0.774,-10.411,-10.134,0.0,-0.17,0.0
-4.006,-13.038,-10.07,-0.581,-0.262,0.0
-13.86,-20.041,-3.389,-0.223,-0.458,2.333
-11.473,-20.041,-5.98,2.741,-1.474,4.357
-5.209,-20.041,-10.367,4.315,-1.449,4.357
2.997,-20.041,-11.011,4.441,-1.047,4.357
11.01,-16.537,-10.06,4.441,-2.883,4.357
12.567,-7.801,-18.885,4.441,-3.587,-0.445
9.191,-10.682,-19.025,0.534,-4.354,-4.373
1.924,-20.041,-11.26,-4.242,-4.354,-4.373
-8.448,-20.041,-9.687,-4.289,-4.354,-4.373
-17.661,-20.041,-3.057,0.238,-4.354,-3.774
-4.842,-20.041,-2.019,0.271,-4.354,4.077
-0.386,-20.041,-7.679,3.998,0.0,4.357
1.781,-20.041,-12.045,3.924,-2.126,4.357
3.809,-19.582,-12.26,4.441,0.801,4.357
8.752,-14.623,-9.515,4.441,-1.943,4.357
10.496,-9.481,-19.404,4.441,-4.131,1.449
