-0.811,-10.435,-9.806,0.0,0.0,0.0
-0.516,-10.325,-10.586,0.0,0.0,0.0
-0.411,-10.112,-10.132,0.0,0.0,0.0
-0.412,-9.964,-10.239,0.0,0.0,0.0
-0.609,-9.964,-10.422,0.0,0.0,-0.101
-0.818,-10.247,-10.144,0.0,0.0,-0.105
-0.741,-10.308,-9.94,0.0,-0.107,0.0
-0.611,-10.35,-10.401,0.0,-0.354,-0.186
-3.546,-13.623,-9.49,-1.304,-0.986,-1.123
-17.749,-20.041,-3.362,1.674,-1.417,2.774
-9.307,-20.041,-6.141,3.959,-1.362,4.357
2.097,-20.041,-12.314,4.441,-2.216,4.357
9.608,-18.91,-11.415,4.441,-0.865,4.357
12.6,-11.158,-12.283,4.441,-0.232,2.045
9.547,-8.367,-16.957,4.441,-1.644,-2.099
7.925,-13.276,-19.88,2.288,-4.354,-4.373
4.785,-20.041,-16.521,-4.289,-4.354,-4.373
-20.366,-20.041,0.0,-1.22,-4.354,-4.373
-18.131,-20.041,-6.829,-2.494,-4.271,2.337
-1.035,-20.041,-3.671,2.195,-4.354,4.357
-0.504,-20.041,-8.63,2.917,-2.297,4.357
4.221,-20.041,-11.309,4.441,-2.038,4.357
11.268,-19.241,-14.179,4.441,-1.239,4.357
11.588,-11.216,-17.245,4.441,-1.715,2.363
12.812,-7.293,-22.919,2.551,-4.354,-3.377
