-1.248,-10.245,-9.945,0.0,0.0,-0.204
-1.341,-10.276,-9.87,0.0,0.0,0.0
-0.944,-10.144,-9.766,0.0,0.0,0.0
-0.562,-10.05,-9.858,0.0,0.0,-0.113
-1.019,-10.156,-10.031,-0.1,-0.152,-0.158
-0.932,-10.504,-9.55,0.0,0.0,0.144
-0.407,-10.077,-9.907,0.0,0.0,0.172
-0.556,-10.165,-9.791,0.0,0.0,0.0
-1.127,-10.481,-10.224,0.0,-0.283,-0.214
-7.995,-16.153,-8.438,-1.683,-2.767,-2.303
-8.167,-20.041,-1.815,1.964,-1.544,3.037
-4.978,-20.041,-5.479,4.441,-1.712,4.357
0.747,-20.041,-11.12,4.441,-0.635,4.357
5.816,-20.041,-12.897,4.441,0.252,4.357
8.924,-15.298,-11.823,4.441,-0.906,4.357
11.895,-11.599,-19.619,4.441,-2.098,1.227
10.919,-8.129,-24.835,1.036,-4.354,-4.373
14.449,-20.041,-14.868,-4.289,-4.354,-4.373
-20.026,-20.041,-2.262,-2.946,-4.354,-4.373
-14.302,-20.041,-2.761,0.0,-4.354,-1.772
-1.103,-20.041,-6.56,3.741,-3.468,4.357
-0.43,-20.041,-10.419,4.441,-1.718,4.357
3.681,-20.041,-13.861,4.441,-1.525,4.357
5.069,-20.041,-12.333,4.441,-0.662,4.357
12.531,-17.158,-13.195,4.441,-1.859,4.357
