-0.818,-10.186,-10.277,0.0,0.0,0.0
-0.806,-10.19,-10.26,0.0,0.0,0.0
-0.899,-10.204,-10.188,0.0,0.0,0.0
-1.079,-10.267,-10.222,0.0,0.0,0.0
-1.148,-10.277,-10.422,0.0,0.0,0.0
-0.808,-10.173,-10.331,0.0,0.0,0.0
-0.601,-10.117,-10.527,0.0,0.0,0.0
-0.679,-9.995,-10.561,0.0,-0.163,-0.116
-2.344,-10.502,-11.657,-0.148,-0.493,-0.449
-8.938,-16.712,-6.15,-0.85,-1.806,-1.45
-10.337,-20.041,-5.329,1.913,-0.843,3.57
-6.714,-20.041,-5.3,3.758,-1.551,4.357
-1.757,-20.041,-12.302,4.441,-1.949,4.357
4.046,-20.041,-11.249,4.441,-0.885,4.357
13.745,-14.304,-12.605,4.441,-1.895,4.013
11.272,-7.21,-17.596,4.441,-3.726,-1.389
10.13,-10.031,-23.043,-0.566,-4.354,-4.373
9.942,-20.041,-14.442,-4.289,-4.354,-4.373
-8.888,-20.041,-3.648,-2.596,-3.232,-4.373
-14.624,-20.041,-0.615,-0.421,-4.354,-2.224
0.446,-20.041,-5.822,1.227,-4.354,4.357
-1.06,-20.041,-7.278,3.501,0.284,4.357
3.857,-20.041,-11.892,3.054,-1.307,4.357
5.76,-18.688,-10.17,3.371,-1.136,4.357
10.856,-11.202,-11.512,4.441,-3.534,4.229
