-0.761,-10.162,-9.89,0.0,0.0,0.0
-0.793,-10.129,-9.885,0.0,0.0,0.0
-0.617,-10.131,-9.869,0.0,0.0,0.0
-0.82,-10.201,-9.679,0.0,0.0,0.0
-0.891,-10.232,-9.905,0.0,0.0,0.0
-1.0,-10.27,-9.849,0.0,0.0,0.0
-1.097,-10.337,-9.69,0.0,0.0,0.0
-3.017,-11.479,-9.414,0.0,-0.238,0.0
-6.352,-14.529,-7.194,0.0,0.273,1.169
-10.342,-20.041,-3.031,0.693,-1.019,2.928
-10.061,-20.041,-6.964,3.147,-1.495,4.357
-6.013,-20.041,-11.403,4.441,-2.28,4.357
4.221,-17.286,-11.484,4.441,-1.321,4.357
8.65,-13.018,-12.562,4.441,-2.366,3.503
12.64,-9.955,-21.091,4.441,-2.87,-0.528
11.946,-16.166,-15.946,-1.102,-4.354,-4.373
5.73,-20.041,-13.452,-4.289,-4.227,-4.373
-20.366,-20.041,-4.284,0.0,-4.354,-4.373
-3.342,-20.041,-15.54,-3.036,-4.354,3.402
-4.481,-20.041,-5.383,2.008,-4.354,4.357
-0.149,-20.041,-11.789,3.329,-1.285,4.357
4.204,-20.041,-8.918,4.073,-2.201,4.357
6.604,-16.578,-12.201,4.441,-3.075,4.357
10.99,-12.664,-20.404,4.441,-3.719,1.594
10.326,-10.555,-21.577,0.236,-4.354,-4.373
