-0.787,-10.188,-10.041,0.0,0.0,0.0
-0.697,-10.257,-10.11,0.0,0.0,0.0
-0.824,-10.245,-9.994,0.0,0.0,0.0
-0.749,-10.194,-10.071,0.0,0.0,0.0
-0.77,-10.245,-10.201,0.0,0.0,0.0
-0.723,-10.214,-10.145,0.0,0.0,0.0
-0.589,-10.198,-10.085,0.0,0.0,0.0
-0.832,-10.395,-10.188,0.0,0.0,-0.107
-6.987,-14.698,-7.795,-1.183,-0.261,-0.441
-12.049,-20.041,-3.581,1.023,-0.395,3.078
-10.31,-20.041,-6.682,3.524,-1.102,4.357
-5.259,-20.041,-10.545,4.091,-0.632,4.357
0.59,-19.586,-10.284,3.908,-0.846,4.357
9.883,-13.047,-10.043,4.441,-2.196,4.357
12.33,-7.749,-16.328,4.441,-4.212,1.421
11.196,-4.286,-24.279,1.491,-4.354,-4.373
8.463,-20.041,-15.362,-4.289,-4.354,-4.373
-11.286,-20.041,-11.387,-4.289,-1.199,-4.373
-15.013,-20.041,-4.559,-0.947,-4.354,-4.373
-13.295,-20.041,2.609,0.0,-4.354,3.666
-2.426,-20.041,-4.605,2.964,-1.011,4.357
-2.577,-20.041,-10.935,4.092,-2.051,4.357
4.369,-20.041,-11.913,4.441,-1.118,4.357
10.834,-17.019,-10.51,4.441,-1.471,4.357
10.792,-9.602,-16.911,4.441,-2.179,1.547
