-0.741,-10.173,-9.978,0.0,0.0,0.0
-0.6,-10.124,-10.091,0.0,0.0,0.0
-0.55,-10.17,-10.179,0.0,0.0,0.0
-0.448,-10.208,-9.875,0.0,0.0,0.0
-0.582,-10.131,-10.07,0.0,0.0,0.0
-0.671,-10.183,-10.279,0.0,0.0,0.0
-0.795,-10.174,-10.266,0.0,0.0,0.0
-0.939,-10.225,-10.27,0.0,0.0,0.0
-1.655,-11.054,-10.233,-0.138,-0.349,-0.245
-8.337,-15.758,-7.009,-1.042,-0.897,0.257
-10.505,-20.041,-2.146,1.357,-1.136,3.787
-8.069,-20.041,-9.888,3.673,-1.067,4.357
-5.087,-20.041,-11.776,4.04,-0.672,4.357
-1.262,-17.719,-11.802,4.441,-2.266,4.357
11.66,-16.539,-9.423,4.441,-3.364,4.357
14.565,-8.403,-20.664,4.441,-4.354,-0.637
11.261,-13.721,-17.72,-1.656,-4.354,-4.373
0.51,-20.041,-12.154,-4.289,-2.429,-4.373
-14.682,-20.041,-2.851,-3.525,-4.354,-4.373
-9.3,-20.041,-4.111,0.424,-4.021,-0.735
-9.073,-20.041,-1.968,2.454,-4.354,4.357
-3.031,-20.041,-8.273,3.066,-0.484,4.357
-0.834,-20.041,-11.223,3.82,-0.866,4.357
4.758,-20.041,-11.053,4.141,0.648,4.357
9.028,-17.312,-10.55,4.441,-1.944,4.357
