-0.689,-10.03,-9.982,0.0,0.0,-0.112
-1.067,-10.423,-10.015,0.0,-0.193,-0.341
-1.86,-10.755,-9.162,-0.159,-0.611,-0.363
-1.047,-10.439,-8.861,0.242,0.0,0.34
0.254,-9.971,-9.914,0.35,0.288,0.424
0.202,-9.735,-10.176,0.0,0.0,0.0
-0.592,-9.74,-9.92,-0.156,-0.293,-0.393
-1.144,-10.229,-10.193,-0.347,-0.191,-0.513
-4.53,-12.887,-7.385,-1.339,-0.747,-0.885
-10.142,-19.812,-1.968,1.017,-0.715,1.245
-8.93,-20.041,-3.386,3.31,0.0,4.256
-6.0,-20.041,-9.924,4.441,-1.455,4.357
-2.332,-20.041,-12.063,4.441,-0.396,4.357
1.853,-14.976,-9.439,3.583,-0.592,4.357
7.504,-13.92,-6.615,4.441,-1.471,4.357
10.089,-9.012,-14.474,4.441,-3.088,2.611
12.841,-6.712,-23.172,4.02,-4.316,-2.744
15.117,-20.041,-16.363,-4.289,-4.354,-4.373
-15.581,-20.041,-10.895,-4.289,-2.415,-4.373
-12.255,-20.041,-0.802,-3.462,-4.354,-4.373
-12.996,-20.041,-0.974,1.009,-2.119,2.502
-2.371,-20.041,-0.556,3.557,-1.948,4.357
-2.638,-20.041,-12.635,4.441,-0.486,4.357
1.975,-20.041,-13.569,4.441,-1.305,4.357
4.733,-14.868,-12.205,3.395,-1.449,4.357
