-0.884,-10.245,-9.908,0.0,0.0,-0.353
-1.182,-10.294,-9.946,0.0,0.105,-0.235
-0.972,-10.299,-10.069,0.0,0.166,0.0
-0.836,-10.097,-10.191,0.0,0.199,0.0
-0.653,-10.143,-10.069,0.0,0.117,0.0
-0.544,-10.198,-10.007,0.0,0.0,0.0
-0.716,-10.243,-9.908,0.0,0.0,0.0
-0.702,-10.201,-10.094,0.0,0.0,0.0
-2.569,-11.721,-11.08,-0.426,-0.25,-0.485
-14.324,-20.041,-1.069,0.0,-1.724,0.387
-9.283,-20.041,-4.712,3.679,-1.36,4.357
-2.526,-20.041,-7.793,4.441,-1.4,4.357
4.812,-20.041,-10.936,4.441,-1.289,4.357
13.197,-15.626,-12.387,4.441,-0.817,4.105
12.282,-9.721,-17.477,4.441,-0.62,-0.731
9.846,-11.126,-21.069,3.22,-4.354,-4.373
5.304,-20.041,-13.517,-4.289,-4.354,-4.373
-15.275,-20.041,-5.731,-4.289,-4.354,-4.373
-11.623,-20.041,-11.511,0.686,-2.886,-1.173
-17.316,-20.041,3.115,2.596,-4.354,2.915
-5.87,-20.041,-7.061,1.888,0.178,4.357
-0.378,-20.041,-13.06,2.736,-2.45,4.357
4.617,-20.041,-10.207,3.507,-0.998,4.357
14.796,-15.481,-11.493,4.441,-2.597,4.357
12.826,-9.884,-20.947,4.441,-1.935,0.0
