-1.244,-10.235,-10.057,0.0,0.0,0.0
-1.261,-10.274,-10.065,0.0,0.0,0.0
-1.043,-10.197,-10.082,0.0,0.0,0.0
-0.843,-10.186,-10.011,0.0,0.0,0.0
-0.735,-10.123,-10.143,0.0,0.0,0.0
-0.899,-10.075,-10.081,0.0,0.0,0.0
-1.238,-10.179,-10.154,0.0,-0.116,0.0
-1.277,-10.269,-10.024,0.0,-0.219,0.0
-2.53,-11.168,-9.653,-0.423,-0.335,-0.275
-8.706,-15.802,-6.374,-0.357,0.0,0.452
-13.061,-20.041,-3.884,1.612,-1.107,3.113
-11.189,-20.041,-8.725,4.157,-2.028,4.357
-0.435,-20.041,-10.529,4.441,-2.766,4.357
11.145,-20.041,-9.137,4.441,-1.572,4.357
15.25,-17.766,-16.521,4.441,-1.425,1.335
8.936,-10.354,-25.425,4.441,-4.354,-4.082
14.188,-20.041,-16.523,-4.289,-4.354,-4.373
-6.359,-20.041,-7.137,-4.289,-3.628,-4.373
-12.319,-20.041,-4.883,0.731,-4.354,-2.659
-9.922,-20.041,-2.912,-0.468,-4.354,3.699
-2.66,-20.041,-4.958,3.415,-1.436,4.357
-3.668,-20.041,-11.262,2.9,-0.468,4.357
6.291,-20.041,-8.764,3.753,-0.978,4.357
11.857,-20.041,-10.92,4.441,-2.404,4.357
14.675,-14.823,-19.392,4.441,-1.834,3.262
