-0.909,-10.25,-10.222,0.0,0.0,0.0
-1.012,-10.158,-10.297,0.0,0.0,-0.11
-1.128,-10.283,-10.379,0.0,0.0,0.0
-1.071,-10.213,-10.332,0.0,0.0,0.0
-0.86,-10.109,-10.233,0.0,0.0,0.0
-1.016,-9.969,-10.399,0.0,0.0,-0.122
-1.309,-10.161,-10.37,0.0,0.0,0.0
-1.254,-10.098,-10.48,0.0,0.0,0.0
-3.486,-12.069,-9.389,-0.433,-0.74,-0.476
-10.571,-18.245,-4.35,0.318,-1.407,1.134
-8.708,-20.041,-4.846,2.369,-1.014,4.105
-6.928,-20.041,-8.804,3.624,-1.297,4.357
-2.864,-20.041,-9.794,4.441,-0.915,4.357
1.511,-14.213,-9.143,4.441,-1.83,4.357
10.146,-10.04,-10.157,4.441,-2.35,2.884
11.564,-8.8,-18.85,4.441,-4.303,-2.468
8.858,-16.908,-17.063,-0.84,-4.354,-4.373
1.314,-20.041,-13.402,-4.289,-4.354,-4.373
-19.046,-20.041,-1.799,-3.138,-4.354,-4.373
-13.611,-20.041,-7.98,-1.281,-4.354,2.221
-4.973,-20.041,-5.303,3.001,-4.354,4.357
-1.369,-20.041,-9.354,2.958,-0.76,4.357
4.469,-20.041,-10.357,4.441,-1.326,4.357
9.83,-20.041,-11.603,4.441,-1.876,4.357
12.478,-15.22,-18.339,4.441,-2.694,2.25
