-0.831,-9.945,-10.046,0.0,0.0,0.0
-1.049,-10.064,-10.199,0.0,0.0,-0.164
-1.163,-10.19,-10.139,0.0,0.0,-0.176
-1.272,-10.337,-9.97,0.0,0.0,-0.119
-1.217,-10.283,-9.985,0.0,0.0,0.0
-1.049,-10.165,-9.997,0.0,0.0,0.0
-1.08,-10.13,-10.137,0.0,0.0,0.0
-1.427,-10.28,-10.669,0.0,-0.245,-0.376
-4.804,-12.87,-7.885,-0.569,-1.217,-1.079
-8.952,-19.242,-3.96,0.719,0.0,1.583
-9.987,-20.041,-3.417,2.396,-0.671,4.357
-6.103,-20.041,-10.017,4.441,-1.533,4.357
-0.642,-20.041,-12.357,3.604,-0.178,4.357
9.726,-20.041,-11.451,4.441,-2.648,4.357
14.833,-11.181,-13.497,4.441,-2.428,2.115
10.028,-8.145,-22.111,4.441,-4.354,-2.815
12.026,-20.041,-15.627,-4.289,-4.354,-4.373
-13.082,-20.041,-7.704,-4.217,-3.396,-4.373
-12.468,-20.041,-4.583,-3.095,-4.354,-4.373
-13.222,-20.041,-4.878,0.748,-4.354,1.455
-3.089,-20.041,-3.71,1.628,-2.781,4.357
-1.976,-20.041,-10.953,3.539,-1.517,4.357
6.962,-20.041,-13.292,3.884,-0.609,4.357
10.652,-19.96,-11.021,4.441,-0.674,4.357
12.403,-12.212,-14.114,4.441,-2.629,3.86
