-1.714,-9.686,-11.021,0.0,0.0,0.0
-1.538,-9.637,-11.112,0.0,0.0,0.0
-1.386,-9.614,-11.188,0.0,0.0,0.0
-1.491,-9.685,-11.103,0.0,0.0,0.0
-1.473,-9.636,-11.027,0.0,0.0,0.0
-1.562,-9.637,-11.101,0.0,0.0,0.0
-1.251,-9.773,-11.329,0.0,0.0,0.0
-1.546,-9.465,-10.773,0.0,0.227,0.0
-3.458,-10.504,-9.681,0.107,-0.827,-0.273
-16.411,-16.28,-3.117,3.944,-4.354,-1.648
-7.089,-19.568,0.0,3.457,-1.634,3.415
0.825,-19.568,1.173,4.441,-2.145,4.357
4.591,-19.568,-5.188,4.441,-1.11,3.052
6.236,-16.274,-13.775,4.441,0.141,1.271
6.654,-4.617,-24.209,4.441,-4.354,-2.716
6.152,-7.707,-22.325,-1.21,-4.354,-4.373
-5.491,-19.568,-10.883,-4.289,-4.354,-4.373
-15.744,-19.568,8.186,-4.289,-4.354,-4.373
-14.771,-19.568,5.251,2.207,-4.354,4.357
13.385,-19.568,0.955,4.441,-2.478,4.357
12.684,-19.568,-2.222,4.441,-0.752,4.357
7.853,-19.568,-9.792,4.441,0.0,1.802
3.342,-10.775,-17.659,4.441,-2.915,-1.307
-31.047,-20.984,4.244,-30.589,4.486,0.197
-31.047,-20.984,4.244,-30.589,4.387,29.687
