-0.874,-9.661,-11.112,0.0,0.0,0.0
-0.876,-9.67,-11.121,0.0,0.0,0.0
-0.869,-9.668,-11.132,0.0,0.0,0.0
-0.837,-9.693,-11.095,0.0,0.0,0.0
-0.866,-9.663,-11.153,0.0,0.0,0.0
-1.029,-9.692,-10.989,0.0,0.0,0.0
-1.175,-9.793,-11.163,0.0,-0.207,0.0
-1.675,-9.949,-10.57,0.0,-0.976,-0.136
-5.755,-11.245,-3.634,2.041,-2.929,-1.005
-18.026,-17.103,-8.448,3.522,-4.354,1.782
-9.547,-19.568,5.75,2.373,-0.417,4.357
6.632,-19.568,0.0,4.441,-2.23,4.357
12.813,-19.568,-12.621,4.441,-0.206,2.216
5.875,-16.618,-21.827,4.441,-4.127,-2.632
0.923,-6.802,-27.585,1.894,-4.354,-4.373
-1.975,-19.568,-9.833,-4.289,-1.612,-4.373
-15.004,-19.568,2.688,-4.289,-4.354,-4.373
-20.72,-19.568,2.758,0.0,-4.354,4.357
14.496,-19.568,-1.189,4.441,-4.354,4.357
12.528,-19.568,-1.95,4.441,-1.744,4.357
9.666,-19.568,-12.152,4.441,-1.379,2.552
2.469,-14.388,-19.106,4.441,-3.499,-1.337
-0.327,-6.169,-20.69,4.28,-4.354,-4.168
2.228,-16.238,-16.408,-3.179,-4.354,-4.373
-14.744,-19.568,-4.472,-4.289,-4.354,-4.373
