-1.776,-9.651,-10.797,0.0,0.0,0.0
-1.795,-9.698,-10.679,0.0,0.0,0.0
-1.927,-9.662,-10.542,0.0,0.0,0.0
-1.862,-9.656,-10.766,0.0,0.0,0.0
-1.987,-9.511,-10.717,0.0,0.0,0.0
-1.84,-10.136,-10.214,-0.172,-0.316,-0.257
-11.177,-15.585,-0.301,2.75,-3.417,-2.43
-13.614,-19.568,-8.746,1.862,-2.147,4.229
-6.39,-19.568,0.839,2.747,-1.061,4.357
6.92,-19.568,-5.874,4.441,-4.354,4.357
12.258,-19.568,-14.702,4.441,-1.289,1.79
-25.255,-25.789,27.899,-30.589,4.486,0.197
12.114,-14.222,-24.348,-1.739,-4.354,-4.373
-14.577,-19.568,-9.626,-4.289,-4.354,-4.373
-18.325,-19.568,8.186,-4.289,-4.354,-4.373
-18.861,-19.568,-8.352,2.299,-4.354,4.357
18.505,-19.568,-8.352,4.441,-4.173,4.357
11.42,-19.568,0.126,4.441,-1.006,4.357
-31.959,-25.789,15.454,-30.589,4.486,0.197
-31.959,-25.789,15.454,-30.589,4.486,0.197
-31.959,-25.789,15.454,-30.589,4.486,0.197
-31.959,-25.789,15.454,-30.589,4.486,4.466
-17.798,-19.568,-2.392,-4.289,-4.354,-4.373
-6.88,-19.568,1.809,-4.289,-3.459,-3.926
-4.568,-19.568,1.446,-4.289,-3.706,-0.881
