-1.745,-9.655,-11.133,0.0,0.0,0.0
-1.732,-9.588,-11.213,0.0,0.0,0.0
-1.762,-9.587,-11.124,0.0,0.0,0.0
-1.758,-9.635,-11.158,0.0,0.0,0.0
-1.755,-9.523,-11.204,0.0,-0.105,0.0
-3.106,-10.168,-10.08,0.0,-0.737,-0.41
-18.252,-17.989,-1.325,3.937,-4.354,-2.728
-3.441,-19.568,-1.508,3.144,0.0,4.357
-1.606,-19.568,-1.38,4.441,-1.767,4.357
6.089,-19.568,-8.734,4.441,-2.126,4.207
-9.068,-25.789,10.102,-30.589,-17.06,-32.017
2.165,-9.25,-26.181,4.441,-4.354,-3.526
5.55,-19.568,-17.469,-2.061,-2.468,-4.373
4.081,-19.568,-8.195,-4.289,-4.354,-4.373
-18.578,-19.568,5.949,-4.289,-4.354,-1.234
-7.119,-19.568,-8.523,1.134,-4.354,4.357
6.479,-19.568,-3.035,4.441,-2.409,4.357
11.412,-19.568,-9.184,4.441,-1.612,4.357
7.193,-19.568,-14.973,4.441,-1.619,1.498
-0.239,-25.789,25.725,-30.589,4.486,0.197
7.193,-19.568,-14.973,4.441,0.558,3.709
-6.676,-17.789,-9.924,-4.289,-4.353,-4.373
-18.75,-19.568,2.9,-4.289,-2.691,-4.373
-4.706,-19.568,-1.749,-4.289,-4.354,-2.016
-3.256,-17.485,1.337,-4.289,-3.821,-1.469
