-1.368,-9.621,-11.537,0.0,0.0,0.0
-1.386,-9.607,-11.614,0.0,0.0,0.0
-1.351,-9.579,-11.48,0.0,0.0,0.0
-1.3,-9.608,-11.558,0.0,0.0,0.0
-1.246,-9.635,-11.566,0.0,0.0,0.0
-1.283,-9.638,-11.469,0.0,0.0,0.0
-1.333,-9.612,-11.426,0.0,0.0,0.0
-1.112,-9.594,-11.514,0.0,0.0,0.0
-3.635,-11.047,-9.391,0.0,-1.308,-0.636
-14.121,-16.556,-2.011,3.101,-4.354,-2.429
-5.602,-19.568,-1.38,4.314,-3.172,3.966
2.87,-19.568,1.956,4.441,-1.059,4.357
14.141,-19.568,-11.161,4.441,-0.865,2.432
7.047,-19.568,-17.644,4.441,-2.453,-2.255
0.737,-9.947,-25.68,4.441,-4.354,-4.373
13.65,-14.356,5.606,-30.589,30.675,30.673
-12.578,-19.568,-9.365,-4.289,-4.354,-4.373
-15.861,-19.568,8.186,-2.863,-4.354,1.704
18.505,-19.568,0.649,4.441,-4.354,4.357
16.403,-19.568,2.886,4.441,-0.101,4.357
7.909,-25.789,-27.998,-30.589,4.486,0.197
7.909,-25.789,-27.998,-30.589,4.486,0.197
-3.027,-5.971,-25.768,4.441,-4.354,-2.558
-16.468,17.448,4.907,-30.589,30.675,4.466
-16.468,17.448,4.907,-30.589,4.486,0.197
