-1.141,-9.618,-11.291,0.0,0.0,0.0
-1.167,-9.688,-11.185,0.0,0.0,0.0
-0.973,-9.643,-11.08,0.0,0.147,0.0
-1.154,-9.658,-11.441,0.0,0.0,0.0
-1.16,-9.651,-11.437,0.0,0.0,0.0
-1.129,-9.681,-11.334,0.0,0.0,0.0
-1.063,-9.633,-11.475,0.0,0.0,0.0
-0.959,-9.679,-11.379,0.0,0.0,0.0
-2.115,-10.258,-10.725,0.104,-0.479,-0.216
-14.099,-15.749,-0.457,2.503,-4.354,-1.617
-4.167,-19.568,-3.696,4.441,-4.354,3.698
-3.748,-19.568,3.801,4.441,1.089,4.357
4.449,-19.568,-4.67,4.441,-0.9,4.357
-22.189,-25.789,-22.92,-30.589,4.486,0.197
-22.189,-25.789,-22.92,-30.589,4.486,0.0
3.704,-7.402,-22.343,0.856,-4.354,-4.373
-28.145,6.004,32.306,6.312,4.486,0.197
-16.91,-19.568,5.847,-4.289,-4.354,-4.373
3.541,-25.789,-4.314,30.74,30.675,30.673
12.08,-19.568,4.58,4.441,-3.345,4.357
16.907,-19.568,-6.689,4.441,-0.811,4.357
10.743,-19.568,-14.377,4.441,-1.77,2.993
5.13,-8.198,-21.64,4.441,-3.839,-1.681
5.082,-4.784,-27.641,0.751,-4.354,-4.373
-15.758,-19.568,-9.46,-3.962,-2.893,-4.373
