-0.997,-9.566,-11.558,0.0,0.0,0.0
-1.05,-9.642,-11.503,0.0,0.0,0.0
-0.855,-9.611,-11.586,0.0,0.0,0.0
-1.047,-9.682,-11.473,0.0,0.0,0.0
-0.908,-9.66,-11.459,0.0,0.0,0.0
-1.045,-9.632,-11.467,0.0,0.0,0.0
-0.975,-9.623,-11.529,0.0,0.0,0.0
-1.148,-9.559,-11.608,0.0,0.0,0.0
-1.781,-10.148,-10.724,-0.12,-0.679,-0.283
-8.729,-14.342,-1.987,2.635,-3.01,-1.965
-16.231,-19.568,-8.333,3.177,-4.354,3.2
-4.601,-19.568,2.951,4.256,-0.969,4.357
7.922,-19.568,-7.666,4.441,-3.187,4.357
5.594,-25.789,18.645,-30.589,4.486,0.197
4.613,-12.814,-21.129,4.441,-4.354,-3.181
5.721,-10.439,-27.015,0.224,-4.354,-4.373
-12.008,-18.292,-5.072,1.264,30.675,30.673
-20.594,-19.568,8.186,-4.289,-4.354,-4.373
-15.205,-19.568,-2.583,1.612,-4.354,4.357
16.137,-19.568,-3.703,4.441,-4.1,4.357
15.478,-19.568,-5.21,4.441,-1.683,4.357
0.507,-25.789,-27.239,-30.589,4.486,0.197
0.507,-25.789,-27.239,-30.589,4.486,0.197
0.507,-25.789,-27.239,-30.589,4.486,0.197
0.507,-25.789,-27.239,-30.589,4.486,0.197
