-1.5,-9.413,-7.585,0.0,0.0,0.0
-1.554,-9.421,-7.651,0.0,0.0,0.0
-1.564,-9.43,-7.617,0.0,0.0,0.0
-1.435,-9.396,-7.617,0.0,0.0,0.0
-1.501,-9.33,-7.634,0.0,0.0,0.0
-1.458,-9.439,-7.592,0.0,0.0,0.0
-1.543,-9.512,-7.047,0.0,-0.151,-0.125
-1.23,-9.709,-5.884,1.18,-0.765,-0.14
-3.115,-9.921,-4.844,0.399,1.187,-0.653
-11.056,-14.478,2.841,1.46,2.337,1.975
-11.768,-19.568,8.186,3.529,2.234,4.357
3.035,-19.568,4.845,4.441,-1.766,4.357
10.73,-18.918,-6.851,4.441,-0.394,2.98
4.073,-13.037,-15.503,4.441,-4.354,0.0
7.381,-13.861,-18.24,3.55,-3.909,-4.373
-20.682,-18.614,-9.213,1.352,-4.354,-4.373
-20.064,-19.568,-11.393,-4.289,-4.354,-4.373
-20.72,-19.568,-10.489,0.405,-4.354,4.357
16.93,-19.568,0.686,4.441,-3.646,4.357
9.135,-19.568,3.249,4.441,-0.216,4.357
10.564,-19.568,-6.259,4.441,-1.203,3.582
3.055,-16.864,-14.213,4.441,-4.354,-0.49
-4.352,-13.439,-17.893,4.441,-4.354,-3.66
-7.75,-19.558,-12.329,0.0,-4.354,-4.373
-11.534,-19.568,0.418,-4.289,-4.354,-4.344
