-1.329,-9.662,-11.443,0.0,0.0,0.0
-1.284,-9.651,-11.418,0.0,0.0,0.0
-1.277,-9.617,-11.313,0.0,0.0,0.0
-1.27,-9.591,-11.327,0.0,0.0,0.0
-1.302,-9.662,-11.248,0.0,0.0,0.0
-1.27,-9.645,-11.271,0.0,0.0,0.0
-1.469,-9.612,-11.274,0.0,0.0,0.0
-1.743,-9.545,-11.145,0.0,-0.156,0.0
-2.978,-10.92,-8.227,0.682,-1.069,-0.45
-13.814,-15.608,-8.93,4.291,-3.824,-2.041
-11.196,-19.568,-4.578,0.749,-0.511,4.357
-2.238,-19.568,0.0,3.186,-1.924,4.357
7.333,-19.568,-5.91,4.441,-2.501,4.357
11.252,-14.312,-11.934,4.441,-0.973,1.786
9.718,-8.783,-18.051,4.441,-4.354,-3.974
7.934,-15.606,-21.569,0.0,-4.354,-4.373
-14.964,-19.568,-13.639,-3.908,-4.354,-4.373
-20.72,-19.568,6.867,-3.94,-4.354,-2.091
-14.634,-19.568,3.528,-0.342,-4.354,4.357
8.511,-19.568,4.392,4.441,-1.052,4.357
18.505,-19.568,-11.056,4.441,-0.792,4.357
8.883,-16.252,-27.031,4.441,-3.511,0.242
0.762,-4.163,-27.244,3.545,-4.354,-4.289
13.851,31.919,-6.901,27.785,4.486,0.197
32.214,-25.789,18.902,31.011,0.0,0.0
