-1.054,-9.656,-10.745,0.0,0.0,0.0
-1.647,-9.763,-10.337,0.0,0.0,0.0
-1.296,-9.676,-10.666,0.0,0.0,0.0
-1.345,-9.761,-10.557,0.0,0.0,0.0
-1.364,-9.705,-10.523,0.0,0.0,0.0
-1.258,-9.714,-10.512,-0.105,0.102,0.0
-1.509,-9.69,-10.506,0.0,0.0,0.0
-1.045,-9.564,-8.083,0.454,-0.666,-0.499
-5.447,-12.766,-6.593,3.346,-3.278,-1.503
-11.77,-15.931,-3.923,1.114,-0.752,1.357
-14.017,-19.568,-0.257,1.508,0.244,4.357
-1.933,-19.568,0.133,3.738,-2.439,4.357
4.306,-19.568,-5.947,4.441,-3.926,4.357
8.434,-16.555,-11.484,4.441,-1.986,1.654
5.78,-11.667,-19.569,4.441,-4.354,-2.894
11.121,-17.452,-22.096,-0.732,-4.354,-4.373
-11.833,-19.568,-1.684,-4.289,-4.354,-4.373
-20.72,-19.568,8.186,-4.289,-4.354,-4.373
-11.857,-19.568,-6.122,1.3,-4.354,4.357
14.44,-19.568,-8.389,4.441,-1.806,4.357
8.671,-19.568,-2.638,4.441,-1.3,4.357
3.814,-19.568,-9.68,4.441,-1.428,2.592
2.11,-12.874,-16.05,4.441,-2.677,0.0
1.085,-5.18,-20.028,4.322,-4.354,-2.552
9.371,-15.691,-17.983,-2.187,-4.354,-4.373
