-2.004,-9.564,-11.112,0.0,0.0,0.0
-2.052,-9.584,-11.053,0.0,0.0,0.0
-1.91,-9.69,-10.97,0.0,0.0,0.0
-1.771,-9.655,-11.001,0.0,0.0,0.0
-1.862,-9.599,-11.071,0.0,0.0,0.0
-1.883,-9.617,-10.988,0.0,0.0,0.0
-1.882,-9.658,-10.901,0.0,0.0,0.0
-1.839,-9.591,-10.852,0.0,0.0,0.0
-2.246,-10.864,-9.893,0.0,-0.352,-0.258
-13.334,-15.509,-0.633,2.3,-4.354,-1.86
-8.092,-19.568,-1.613,3.585,-2.57,3.203
-1.03,-19.568,2.283,4.441,-1.399,4.357
9.067,-19.568,-7.719,4.441,-1.012,2.734
7.8,-18.786,-13.41,4.441,0.0,0.243
2.56,-8.214,-25.453,4.441,-4.354,-2.622
6.874,-13.401,-22.382,-2.31,-4.354,-4.373
-10.733,-19.568,-6.734,-4.289,-4.354,-4.373
-16.537,-19.568,8.186,-4.289,-4.354,-3.357
-9.72,-19.568,-1.437,1.569,-4.354,4.357
18.505,-19.568,-3.116,4.441,-2.836,4.357
16.506,-19.568,-6.931,4.441,0.244,4.357
9.832,-19.506,-13.271,4.441,-1.292,0.792
-1.276,-10.712,-19.205,4.441,-4.354,-2.914
0.459,-7.026,-24.835,0.485,-4.354,-4.373
-2.171,-18.31,-13.88,-4.145,-3.722,-4.373
