-1.348,-9.638,-11.404,0.0,0.0,0.0
-1.345,-9.655,-11.364,0.0,0.0,0.0
-1.288,-9.636,-11.297,0.0,0.0,0.0
-1.257,-9.62,-11.455,0.0,0.0,0.0
-1.385,-9.627,-11.362,0.0,0.0,0.0
-1.293,-9.658,-11.292,0.0,0.0,0.0
-1.323,-9.623,-11.328,0.0,0.0,0.0
-1.411,-9.618,-11.192,0.0,0.0,0.0
-2.969,-10.694,-9.703,0.15,-0.886,-0.511
-17.603,-17.076,-4.899,3.668,-4.354,-1.623
-2.316,-19.568,-3.949,3.43,-1.919,4.357
-2.234,-19.568,2.057,4.441,-2.135,4.357
9.951,-19.568,-11.73,4.441,-1.682,2.836
3.795,-19.568,-16.467,4.441,-2.559,-0.897
-0.2,-8.655,-23.802,4.441,-4.354,-3.171
-0.811,-19.568,-9.782,-2.454,-4.021,-4.373
-2.9,-19.568,-6.06,-4.289,-4.354,-4.373
-15.458,-19.568,3.656,-3.067,-4.354,-0.849
11.212,-19.568,-3.457,3.429,-4.354,4.357
16.469,-19.568,-2.637,4.441,-4.076,4.357
12.358,-19.568,-9.195,4.441,-0.536,3.074
5.65,-19.568,-13.132,4.441,-2.713,-0.727
-12.583,-25.789,-25.082,-30.589,-21.767,29.687
0.462,-17.085,-7.468,0.478,-4.354,-4.373
-7.955,-19.527,-12.829,-4.289,-4.354,-4.373
