-1.251,-9.626,-11.119,0.0,0.0,0.0
-1.18,-9.661,-11.17,0.0,0.0,0.0
-1.271,-9.716,-11.051,0.0,0.0,0.0
-1.259,-9.642,-11.104,0.0,0.0,0.0
-1.241,-9.663,-11.07,0.0,0.0,0.0
-1.257,-9.642,-11.084,0.0,0.0,0.0
-1.271,-9.669,-11.125,0.0,0.0,0.0
-1.254,-9.942,-10.894,0.0,-0.218,0.0
-7.084,-12.854,-6.327,0.0,-1.517,-1.462
-17.888,-18.182,-14.69,4.441,-4.354,1.998
-6.645,-19.568,2.756,3.447,-0.526,4.357
6.793,-19.568,-2.129,4.441,-2.46,4.357
9.294,-18.521,-8.792,4.441,0.468,1.951
6.122,-13.172,-15.554,4.441,-2.524,-1.315
-8.8,25.38,21.08,-30.589,4.486,0.197
-8.8,25.38,21.08,-30.589,4.486,0.197
-8.8,25.38,21.08,-30.589,4.486,0.197
-20.72,-19.568,8.186,-2.649,-4.354,3.337
12.126,-19.568,8.186,3.95,-2.024,4.357
18.505,-19.568,-0.435,4.441,-0.57,4.357
11.502,-19.568,-11.26,4.441,-0.191,2.225
4.388,-10.769,-20.131,4.441,-3.275,-1.442
3.022,-5.133,-26.043,2.581,-4.354,-4.373
31.932,24.152,2.704,20.092,4.486,0.197
-10.512,-19.568,-5.139,-4.289,-2.963,-4.373
