-1.362,-9.577,-11.425,0.0,0.0,0.0
-1.438,-9.606,-11.393,0.0,0.0,0.0
-1.573,-9.597,-11.431,0.0,0.0,0.0
-2.011,-9.66,-11.253,0.0,-0.405,-0.135
-7.162,-11.763,-3.17,1.714,-3.32,-1.263
-17.566,-17.149,-9.031,3.768,-4.354,1.006
-6.998,-19.568,3.407,3.4,-0.78,4.357
6.569,-19.568,-1.396,4.441,-2.479,4.357
10.867,-19.568,-11.686,4.441,0.0,1.727
29.153,-25.789,-13.513,-30.589,4.486,0.197
29.153,-25.789,-13.513,-30.589,4.486,0.197
-17.212,-19.568,-8.036,-4.289,-3.861,-4.373
-20.72,-19.568,8.186,-4.289,-4.354,-3.513
-9.342,-19.568,2.8,0.83,-4.354,4.357
13.651,-19.568,0.68,4.441,-2.63,4.357
14.594,-19.568,-9.211,4.441,-0.768,4.357
-6.561,-25.789,6.291,-30.589,4.486,0.197
-6.561,-25.789,6.291,-30.589,4.486,0.197
6.552,-16.79,-22.909,-4.289,-4.354,-4.373
-10.983,-16.493,-15.661,-4.289,-4.176,-4.373
-9.753,-19.568,1.258,-4.289,-3.53,-2.95
-4.366,-19.568,1.583,-4.289,-1.013,-1.893
-3.731,-14.94,-5.964,-2.115,-3.276,-0.433
6.62,-13.186,0.354,-0.715,-3.038,-0.292
0.0,-9.302,-15.737,-0.787,0.0,-0.194
