-0.935,-9.626,-11.223,0.0,0.139,0.0
-0.857,-9.656,-11.272,0.0,0.0,0.0
-0.799,-9.731,-11.334,0.0,0.0,0.0
-0.784,-9.632,-11.295,0.0,0.0,0.0
-0.804,-9.723,-11.195,0.0,0.0,0.0
-0.789,-9.709,-11.204,0.0,0.0,0.0
-0.822,-9.702,-11.192,0.0,0.0,0.0
-1.301,-9.83,-11.25,-0.163,-0.332,0.0
-2.687,-9.72,-5.631,0.857,-2.183,-0.838
-9.208,-13.04,-12.877,4.089,-1.667,-2.676
-17.585,-19.568,-8.839,1.003,-1.503,3.699
-4.743,-19.568,-0.273,2.247,-2.071,4.357
4.412,-19.568,0.0,4.441,-3.509,4.357
18.181,-19.568,-16.089,4.441,-3.192,3.249
9.582,-15.606,-20.035,4.441,-4.354,-3.306
16.165,-19.568,-25.222,-1.651,-4.354,-4.373
-17.376,-19.568,-7.714,-4.289,-4.354,-4.373
-20.72,-19.568,8.186,-4.106,-4.354,0.0
0.146,-19.568,0.736,2.004,-4.354,4.357
11.47,-19.568,-2.459,4.441,-0.969,4.357
11.154,-19.568,-8.726,4.441,-1.624,4.357
7.191,-19.568,-18.232,4.441,-1.369,1.025
-0.248,-25.789,-0.343,-30.589,-11.019,4.466
-0.248,-25.789,-0.343,-30.589,4.486,0.197
2.361,-5.756,-22.525,4.441,-4.354,-2.886
