-1.867,-9.629,-11.186,0.0,0.0,0.0
-1.859,-9.567,-11.237,0.0,0.0,0.0
-1.731,-9.657,-11.141,0.0,0.0,0.0
-1.861,-9.557,-11.118,0.0,0.0,0.0
-1.865,-9.669,-11.079,0.0,0.0,0.0
-1.694,-9.652,-11.175,0.0,0.0,0.0
-1.852,-9.63,-11.031,0.0,0.0,0.0
-2.085,-9.627,-11.125,0.0,0.0,0.0
-4.756,-10.471,-8.377,0.177,-1.633,-0.902
-19.064,-16.587,-8.334,4.441,-4.354,-1.787
-13.687,-1.943,13.301,-30.589,4.486,0.197
2.907,-19.568,0.79,4.441,-1.864,4.357
11.418,-19.568,-9.869,4.441,-1.421,3.65
-31.968,-25.789,1.024,-30.589,4.486,0.197
-31.968,-25.789,1.024,-30.589,4.486,0.197
18.024,-19.568,-24.466,-4.289,-4.354,-4.373
0.0,-19.568,-18.589,-4.289,-4.354,-4.373
-10.346,-19.568,4.054,-4.289,-4.354,0.989
13.184,-19.568,-5.799,4.441,-4.354,4.357
17.43,-19.568,-8.774,4.441,-1.003,4.357
11.93,-19.568,-13.841,4.441,0.152,2.899
-27.879,-25.789,-30.751,-30.589,4.486,0.197
-27.879,-25.789,-30.751,-30.589,4.486,0.197
3.624,-19.568,-14.698,-4.289,-4.354,-4.373
-5.596,-19.15,-9.965,-4.289,-4.354,-4.373
