-1.773,-9.582,-11.314,0.0,0.0,0.0
-2.017,-9.621,-10.925,0.0,-0.592,-0.144
-2.668,-10.374,-8.918,0.381,-1.558,-0.358
-13.595,-17.775,8.628,2.512,-12.776,29.687
-10.354,-16.559,-6.324,2.198,-2.961,2.064
-4.661,-19.568,3.784,2.88,-1.028,4.357
4.831,-19.568,-1.074,4.441,-2.015,4.357
9.204,-19.568,-8.126,4.441,0.0,1.863
4.885,-19.568,-14.214,4.441,-2.987,-1.537
-1.606,-12.753,-21.493,4.441,-4.354,-3.503
-14.06,-19.568,-11.335,-1.913,-4.354,-4.373
-13.928,-19.568,-4.019,-4.289,-4.354,-4.373
-20.72,-19.568,-0.766,-1.43,-4.354,4.357
18.382,-19.568,-3.705,4.441,-3.523,4.357
17.527,-19.568,-5.752,4.441,-2.596,4.357
16.902,-25.789,-31.578,-30.589,4.486,0.197
16.902,-25.789,-31.578,-30.589,4.486,4.466
16.902,-25.789,-31.578,-30.589,4.387,29.687
16.902,-25.789,-31.578,-30.589,4.387,4.466
-20.72,-19.568,2.066,-4.289,-4.354,-4.373
-26.942,-25.789,30.978,30.74,4.486,0.197
-26.942,-25.789,30.978,30.74,4.486,0.197
-26.942,-25.789,30.978,30.74,4.486,0.197
-26.942,-25.789,30.978,30.74,4.486,0.0
-26.942,-25.789,30.978,30.74,4.486,0.0
