-1.875,-9.063,-10.134,0.0,0.104,0.218
-1.919,-8.694,-10.303,0.0,0.199,0.0
-2.649,-9.806,-9.617,0.0,0.418,0.195
-3.343,-9.346,-9.119,0.598,0.418,0.622
-2.738,-8.217,-9.537,0.624,0.938,0.345
-3.221,-8.522,-9.62,0.378,0.496,-0.118
-4.388,-8.241,-10.046,0.237,0.211,-0.393
-7.386,-9.97,-8.193,0.293,0.238,0.217
-13.075,-9.093,-9.343,-0.185,0.265,0.725
-14.06,-15.428,-9.359,-0.748,-2.179,2.994
-14.828,-19.435,-5.638,1.114,-2.613,4.393
-4.242,-19.435,-4.309,3.19,-1.973,4.393
4.245,-13.343,-6.849,4.431,-2.063,4.393
7.626,-5.524,-11.856,4.431,1.39,1.591
5.133,-3.518,-16.958,4.431,-2.647,-1.031
1.624,-11.755,-12.707,4.431,-2.096,-4.337
-10.747,-13.904,-18.412,4.064,-3.2,-4.337
-6.124,-19.435,-16.187,-0.573,-4.354,-4.337
-19.855,-19.435,-14.414,-2.735,-4.354,-3.591
-9.967,-19.435,-11.798,-4.299,-4.354,4.2
-9.635,-19.435,-3.108,-0.941,-4.354,4.393
-1.239,-17.862,-3.328,4.318,-2.375,4.393
-1.117,-11.451,-7.073,4.431,2.17,4.101
1.331,-6.204,-6.268,4.431,0.724,4.393
6.867,-8.828,-15.461,4.431,-4.354,1.586
