-1.869,-9.451,-10.788,0.0,0.0,0.0
-1.95,-9.361,-10.727,0.0,0.0,0.0
-2.012,-9.283,-10.335,0.0,0.109,0.0
-2.011,-9.416,-10.266,0.417,0.512,0.18
-2.351,-9.348,-10.496,0.234,0.55,0.0
-2.44,-9.325,-10.378,0.266,0.151,0.0
-4.967,-8.743,-9.435,0.508,-0.117,0.345
-6.737,-10.151,-9.608,0.278,-1.203,0.456
-9.343,-11.727,-9.641,0.0,-2.012,1.334
-12.827,-18.815,-7.24,0.317,-2.361,3.95
-7.98,-18.156,-5.367,1.153,-1.66,4.393
-2.695,-13.723,-3.41,3.731,-2.843,4.393
4.093,-8.309,-6.896,4.431,-1.442,2.708
6.059,-9.988,-12.609,4.431,0.64,0.165
3.473,-5.572,-16.935,4.431,0.426,-3.63
-3.226,-11.437,-18.051,4.431,0.18,-4.337
-2.831,-13.106,-17.373,2.372,-3.614,-4.337
-12.639,-19.435,-12.552,0.675,-4.354,-4.337
-14.212,-19.155,-24.221,-3.096,-4.354,0.396
-3.298,-19.435,-6.914,-3.58,-4.354,4.171
-5.638,-19.435,-6.044,3.156,-4.354,4.275
-2.264,-12.904,-3.475,3.915,0.351,4.393
0.563,-8.575,-5.012,4.431,-1.315,3.529
3.892,-9.149,-9.094,4.431,-2.264,0.0
5.848,-8.441,-20.362,4.431,2.144,-4.337
