-3.19,-8.639,-9.278,0.0,-0.18,0.0
-3.924,-9.486,-8.445,-0.145,-1.305,0.0
-6.352,-9.845,-7.96,0.0,-1.09,0.482
-4.962,-10.122,-6.942,0.0,-0.542,1.226
-11.175,-12.883,-6.021,0.29,-0.511,1.747
-16.812,-19.435,-3.589,1.252,-2.617,4.224
-4.326,-17.299,-6.166,3.471,-2.913,4.393
1.96,-12.842,-5.528,4.431,-0.88,4.393
4.395,-8.001,-10.335,4.431,-0.944,2.398
4.386,-3.441,-14.719,4.431,-2.401,0.0
4.892,-5.688,-18.034,4.431,-0.192,-4.337
-10.312,-12.199,-16.345,4.431,-1.068,-4.337
-3.225,-19.222,-16.187,0.819,-4.354,-4.337
-14.517,-19.435,-15.184,-1.106,-4.354,-4.337
-17.02,-17.117,-18.187,-3.162,-4.354,-2.288
-10.342,-19.435,-13.521,-4.299,-4.354,0.986
-8.811,-19.435,-9.857,-0.943,-4.354,4.393
0.685,-13.815,-8.875,1.096,-3.122,4.393
-2.227,-7.345,-5.983,2.886,-1.715,4.331
-0.474,-3.161,-8.038,4.431,-2.686,2.205
3.066,-2.764,-12.088,4.431,-1.827,0.0
3.226,-6.775,-15.684,4.431,0.432,-3.648
-4.494,-13.635,-20.399,4.431,-0.86,-4.337
-10.313,-19.435,-15.114,-0.59,-2.926,-4.337
-4.064,-19.435,-14.184,-3.862,-4.354,-4.337
