-3.449,-8.888,-9.353,0.0,-0.1,0.0
-3.365,-8.925,-9.275,0.0,0.0,0.0
-3.486,-8.85,-9.293,0.0,0.0,0.0
-3.574,-8.911,-9.236,0.0,0.0,0.0
-3.551,-8.868,-9.317,0.0,0.0,0.0
-3.572,-8.876,-9.147,0.0,0.0,0.0
-3.608,-8.848,-9.308,0.0,0.0,0.0
-3.164,-8.965,-10.174,0.0,0.398,0.0
-8.364,-10.154,-10.504,0.0,2.139,-0.321
-12.633,-12.344,-13.287,-0.318,-0.666,1.406
-12.28,-16.873,-11.725,-2.168,-0.698,4.058
-11.867,-17.834,-10.198,-1.903,-2.359,4.393
-5.709,-15.629,-6.937,0.705,-2.421,4.393
2.679,-9.976,-5.468,3.753,-4.191,4.393
8.408,-4.1,-12.432,4.431,-1.945,1.773
4.254,-0.318,-16.705,4.431,-1.06,-2.233
-0.715,-8.213,-14.54,4.431,-1.2,-3.964
-9.706,-10.051,-18.727,4.366,-2.325,-3.974
-9.532,-17.021,-14.554,0.445,-4.341,-4.337
-12.192,-14.402,-19.233,-3.878,-4.354,-2.913
-15.44,-15.663,-11.822,-4.299,-4.354,-0.335
-9.51,-19.435,-8.777,-4.299,-4.354,4.333
-7.678,-19.189,-3.885,0.328,-3.847,4.393
-2.829,-9.811,-6.531,1.438,2.515,4.393
-5.702,-5.198,-6.964,1.798,-1.443,4.393
