-10.49,-19.435,-8.175,0.506,-1.891,4.393
-7.284,-19.435,-5.753,1.479,-0.815,4.393
-4.191,-19.435,-1.289,3.48,-1.385,4.393
3.649,-11.819,-10.987,4.431,-4.354,4.393
7.69,-7.121,-16.427,4.431,-1.471,0.449
7.579,-6.379,-18.773,4.431,0.262,-4.337
-10.418,-17.664,-14.767,4.431,-1.761,-4.337
-5.007,-19.435,-17.556,1.995,-2.663,-4.337
-12.032,-13.659,-20.935,-3.478,-4.354,-4.337
-15.451,-14.136,-12.969,-3.083,-4.354,-0.679
-17.513,-18.56,-6.117,-3.819,-4.354,3.32
-8.187,-19.435,-4.814,-0.891,-4.354,4.393
-3.048,-12.984,-4.03,2.44,-1.775,4.393
-2.071,-7.094,-6.204,4.429,-1.941,4.393
-0.342,-2.894,-7.883,4.431,-2.239,2.18
1.914,-0.291,-12.327,4.431,-1.439,-0.573
4.384,-4.482,-14.628,4.431,-0.689,-3.196
-2.879,-13.064,-16.989,4.431,2.247,-4.337
-7.488,-14.861,-15.885,0.473,-4.354,-3.669
-8.159,-16.842,-14.322,-2.745,-4.354,-4.337
-7.211,-11.755,-10.168,-1.101,-2.395,-1.56
-8.643,-11.015,-9.763,-2.115,-1.848,-2.84
-7.712,-10.914,-11.244,-1.987,-4.354,-0.733
-4.161,-11.169,-10.571,-2.521,-4.354,1.273
0.75,-9.295,-10.129,-1.569,-4.354,1.221
