-3.694,-9.304,-9.625,0.123,0.0,-0.108
-3.275,-9.295,-9.536,0.157,-0.605,0.198
-2.515,-8.95,-9.535,0.0,-0.34,0.277
-3.458,-8.676,-8.752,0.294,-0.601,0.0
-5.556,-10.059,-9.882,0.0,0.0,-0.43
-14.393,-13.787,-7.69,-0.892,0.0,1.606
-11.745,-19.435,-7.902,-0.481,-0.893,4.393
-7.647,-19.435,-7.206,0.12,-1.502,4.393
-4.058,-16.357,-6.201,3.247,-3.342,4.393
2.97,-9.97,-9.544,4.431,-4.354,4.393
7.127,-3.587,-13.916,4.431,-2.505,0.0
3.902,-6.626,-14.277,4.431,0.0,-4.337
-10.516,-13.81,-17.796,4.431,-3.64,-4.337
-7.393,-17.264,-21.802,-1.268,-3.284,-4.337
-8.967,-19.435,-13.518,-4.299,-4.354,-4.337
-19.855,-19.435,-9.283,-2.273,-4.354,-1.939
-11.715,-19.435,-6.764,-3.588,-2.134,4.277
-10.961,-18.376,-2.031,-1.884,-2.937,4.393
-7.362,-12.872,-3.192,2.789,-2.046,4.393
-0.284,-8.642,-4.442,4.431,-3.049,4.393
3.434,-4.332,-11.555,4.431,-2.926,1.721
2.785,-5.789,-15.645,4.431,-1.079,-2.018
-4.38,-8.717,-14.28,4.431,-1.558,-3.057
-2.788,-16.341,-13.655,2.378,-3.363,-4.337
-11.57,-19.435,-9.683,0.408,-3.063,-4.337
